代码,日期,开盘价,最高价,最低价,收盘价,上日收盘,涨跌,涨幅%,成交量(手数),成交额(千元)
159610.SZ,20250627,0.865,0.873,0.857,0.866,0.865,0.001,0.1156,80393.14,6991.477
159610.SZ,20250626,0.866,0.871,0.865,0.865,0.866,-0.001,-0.1155,173305.1,15044.301
159610.SZ,20250625,0.852,0.867,0.852,0.866,0.852,0.014,1.6432,96357.11,8286.812
159610.SZ,20250624,0.839,0.852,0.839,0.852,0.838,0.014,1.6706,90465.09,7678.037
159610.SZ,20250623,0.832,0.841,0.832,0.838,0.837,0.001,0.1195,82915.06,6947.145
159610.SZ,20250620,0.839,0.842,0.831,0.837,0.839,-0.002,-0.2384,57108.28,4782.545
159610.SZ,20250619,0.844,0.848,0.836,0.839,0.847,-0.008,-0.9445,50226.03,4218.243
159610.SZ,20250618,0.848,0.848,0.842,0.847,0.847,0.0,0.0,53989.08,4568.228
159610.SZ,20250617,0.854,0.854,0.846,0.847,0.852,-0.005,-0.5869,58030.0,4925.885
159610.SZ,20250616,0.845,0.853,0.845,0.852,0.846,0.006,0.7092,33449.39,2847.41
159610.SZ,20250613,0.852,0.853,0.844,0.846,0.852,-0.006,-0.7042,52628.05,4464.778
159610.SZ,20250612,0.85,0.854,0.849,0.852,0.85,0.002,0.2353,73296.18,6247.214
159610.SZ,20250611,0.846,0.855,0.846,0.85,0.845,0.005,0.5917,51158.11,4357.804
159610.SZ,20250610,0.85,0.853,0.84,0.845,0.85,-0.005,-0.5882,60886.22,5155.123
159610.SZ,20250609,0.844,0.851,0.844,0.85,0.846,0.004,0.4728,36360.09,3090.508
159610.SZ,20250606,0.846,0.848,0.844,0.846,0.846,0.0,0.0,42684.01,3608.041
159610.SZ,20250605,0.843,0.847,0.841,0.846,0.843,0.003,0.3559,63009.03,5313.778
159610.SZ,20250604,0.837,0.843,0.836,0.843,0.834,0.009,1.0791,36614.37,3076.94
159610.SZ,20250603,0.828,0.835,0.827,0.834,0.831,0.003,0.361,52883.19,4403.693
159610.SZ,20250530,0.834,0.834,0.827,0.831,0.833,-0.002,-0.2401,44732.02,3712.064
159610.SZ,20250529,0.822,0.835,0.822,0.833,0.824,0.009,1.0922,121106.29,10085.028
159610.SZ,20250528,0.824,0.834,0.822,0.824,0.827,-0.003,-0.3628,35919.0,2961.846
159610.SZ,20250527,0.828,0.828,0.823,0.827,0.828,-0.001,-0.1208,38255.07,3155.45
159610.SZ,20250526,0.826,0.831,0.82,0.828,0.826,0.002,0.2421,25967.1,2146.773
159610.SZ,20250523,0.831,0.836,0.826,0.826,0.829,-0.003,-0.3619,34717.0,2884.953
159610.SZ,20250522,0.835,0.838,0.829,0.829,0.839,-0.01,-1.1919,47078.05,3925.565
159610.SZ,20250521,0.838,0.84,0.836,0.839,0.838,0.001,0.1193,44728.03,3750.094
159610.SZ,20250520,0.832,0.84,0.832,0.838,0.835,0.003,0.3593,30711.1,2567.246
159610.SZ,20250519,0.833,0.835,0.828,0.835,0.833,0.002,0.2401,48097.0,3994.429
159610.SZ,20250516,0.832,0.847,0.828,0.833,0.832,0.001,0.1202,31215.0,2600.268
159610.SZ,20250515,0.843,0.843,0.831,0.832,0.843,-0.011,-1.3049,63572.22,5306.604
159610.SZ,20250514,0.836,0.848,0.834,0.843,0.84,0.003,0.3571,67710.0,5684.146
159610.SZ,20250513,0.843,0.846,0.837,0.84,0.842,-0.002,-0.2375,62598.03,5265.889
159610.SZ,20250512,0.836,0.842,0.832,0.842,0.832,0.01,1.2019,47335.01,3970.527
159610.SZ,20250509,0.837,0.837,0.829,0.832,0.838,-0.006,-0.716,45634.04,3797.083
159610.SZ,20250508,0.832,0.838,0.829,0.838,0.832,0.006,0.7212,49082.0,4104.367
159610.SZ,20250507,0.833,0.845,0.828,0.832,0.83,0.002,0.241,66832.0,5578.009
159610.SZ,20250506,0.82,0.832,0.82,0.83,0.816,0.014,1.7157,212138.02,17569.049
159610.SZ,20250430,0.813,0.819,0.813,0.816,0.814,0.002,0.2457,114865.15,9386.57
159610.SZ,20250429,0.815,0.816,0.811,0.814,0.815,-0.001,-0.1227,32739.03,2662.678
159610.SZ,20250428,0.818,0.818,0.812,0.815,0.819,-0.004,-0.4884,54530.24,4443.845
159610.SZ,20250425,0.819,0.825,0.817,0.819,0.816,0.003,0.3676,45262.0,3715.491
159610.SZ,20250424,0.818,0.822,0.813,0.816,0.822,-0.006,-0.7299,109115.09,8924.316
159610.SZ,20250423,0.822,0.826,0.818,0.822,0.818,0.004,0.489,54518.04,4473.892
159610.SZ,20250422,0.819,0.822,0.814,0.818,0.819,-0.001,-0.1221,77922.14,6380.509
159610.SZ,20250421,0.807,0.82,0.806,0.819,0.807,0.012,1.487,68321.3,5563.894
159610.SZ,20250418,0.809,0.809,0.802,0.807,0.809,-0.002,-0.2472,112835.17,9083.335
159610.SZ,20250417,0.801,0.814,0.801,0.809,0.806,0.003,0.3722,61292.01,4969.374
159610.SZ,20250416,0.812,0.812,0.798,0.806,0.812,-0.006,-0.7389,47281.96,3793.711
159610.SZ,20250415,0.815,0.816,0.808,0.812,0.816,-0.004,-0.4902,97119.0,7867.383
159610.SZ,20250414,0.812,0.82,0.812,0.816,0.81,0.006,0.7407,65935.07,5377.856
159610.SZ,20250411,0.8,0.815,0.8,0.81,0.804,0.006,0.7463,103579.27,8347.593
159610.SZ,20250410,0.797,0.813,0.797,0.804,0.79,0.014,1.7722,284814.08,22967.967
159610.SZ,20250409,0.772,0.794,0.75,0.79,0.776,0.014,1.8041,382474.82,29370.047
159610.SZ,20250408,0.768,0.784,0.763,0.776,0.777,-0.001,-0.1287,190611.48,14699.304
159610.SZ,20250407,0.812,0.828,0.77,0.777,0.855,-0.078,-9.1228,353792.77,27980.241
159610.SZ,20250403,0.856,0.861,0.85,0.855,0.861,-0.006,-0.6969,233746.76,20022.089
159610.SZ,20250402,0.859,0.866,0.857,0.861,0.859,0.002,0.2328,89744.0,7732.505
159610.SZ,20250401,0.852,0.865,0.852,0.859,0.853,0.006,0.7034,96462.12,8290.153
159610.SZ,20250331,0.854,0.861,0.845,0.853,0.862,-0.009,-1.0441,74034.07,6319.203
159610.SZ,20250328,0.868,0.868,0.858,0.862,0.867,-0.005,-0.5767,269007.07,23165.691
159610.SZ,20250327,0.865,0.873,0.857,0.867,0.867,0.0,0.0,85334.04,7399.224
159610.SZ,20250326,0.869,0.871,0.865,0.867,0.867,0.0,0.0,94327.02,8184.256
159610.SZ,20250325,0.869,0.873,0.865,0.867,0.869,-0.002,-0.2301,230160.05,19971.219
159610.SZ,20250324,0.87,0.872,0.858,0.869,0.87,-0.001,-0.1149,305395.93,26392.822
159610.SZ,20250321,0.884,0.884,0.867,0.87,0.881,-0.011,-1.2486,91358.0,7987.548
159610.SZ,20250320,0.89,0.89,0.881,0.881,0.89,-0.009,-1.0112,83361.03,7371.49
159610.SZ,20250319,0.888,0.89,0.883,0.89,0.89,0.0,0.0,150502.96,13328.444
159610.SZ,20250318,0.885,0.894,0.885,0.89,0.888,0.002,0.2252,342675.0,30494.856
159610.SZ,20250317,0.887,0.891,0.885,0.888,0.885,0.003,0.339,292215.36,25935.05
159610.SZ,20250314,0.867,0.886,0.867,0.885,0.873,0.012,1.3746,180433.6,15857.191
159610.SZ,20250313,0.874,0.88,0.866,0.873,0.878,-0.005,-0.5695,312092.01,27210.339
159610.SZ,20250312,0.879,0.887,0.876,0.878,0.878,0.0,0.0,327791.57,28842.068
159610.SZ,20250311,0.868,0.879,0.866,0.878,0.876,0.002,0.2283,248701.03,21684.584
159610.SZ,20250310,0.877,0.878,0.869,0.876,0.876,0.0,0.0,171386.19,14961.649
159610.SZ,20250307,0.878,0.883,0.875,0.876,0.879,-0.003,-0.3413,290196.82,25508.777
159610.SZ,20250306,0.866,0.882,0.866,0.879,0.866,0.013,1.5012,134187.14,11739.108
159610.SZ,20250305,0.862,0.867,0.856,0.866,0.864,0.002,0.2315,222441.1,19137.903
159610.SZ,20250304,0.852,0.864,0.852,0.864,0.856,0.008,0.9346,124021.24,10657.543
159610.SZ,20250303,0.853,0.868,0.852,0.856,0.853,0.003,0.3517,306822.33,26392.316
159610.SZ,20250228,0.87,0.871,0.85,0.853,0.872,-0.019,-2.1789,370090.55,31837.561
159610.SZ,20250227,0.873,0.878,0.861,0.872,0.874,-0.002,-0.2288,314086.2,27330.208
159610.SZ,20250226,0.87,0.875,0.865,0.874,0.867,0.007,0.8074,355214.38,30929.671
159610.SZ,20250225,0.869,0.874,0.861,0.867,0.878,-0.011,-1.2528,302982.92,26292.565
159610.SZ,20250224,0.875,0.883,0.865,0.878,0.877,0.001,0.114,1377753.78,119885.429
159610.SZ,20250221,0.865,0.878,0.864,0.877,0.864,0.013,1.5046,205843.58,17953.356
159610.SZ,20250220,0.862,0.867,0.859,0.864,0.86,0.004,0.4651,169847.07,14654.56
159610.SZ,20250219,0.844,0.861,0.844,0.86,0.849,0.011,1.2956,325315.57,27878.512
159610.SZ,20250218,0.86,0.864,0.846,0.849,0.862,-0.013,-1.5081,243510.08,20877.829
159610.SZ,20250217,0.864,0.865,0.856,0.862,0.864,-0.002,-0.2315,140325.65,12090.306
159610.SZ,20250214,0.859,0.865,0.857,0.864,0.861,0.003,0.3484,118729.34,10208.041
159610.SZ,20250213,0.86,0.867,0.86,0.861,0.866,-0.005,-0.5774,397627.13,34310.83
159610.SZ,20250212,0.86,0.867,0.857,0.866,0.86,0.006,0.6977,481299.08,41420.744
159610.SZ,20250211,0.863,0.863,0.855,0.86,0.863,-0.003,-0.3476,371530.24,31898.049
159610.SZ,20250210,0.86,0.865,0.858,0.863,0.86,0.003,0.3488,190211.13,16383.103
159610.SZ,20250207,0.845,0.868,0.841,0.86,0.846,0.014,1.6548,464407.12,39702.302
159610.SZ,20250206,0.833,0.846,0.83,0.846,0.835,0.011,1.3174,556146.03,46726.844
159610.SZ,20250205,0.84,0.843,0.833,0.835,0.84,-0.005,-0.5952,435235.11,36417.454
159610.SZ,20250127,0.841,0.846,0.838,0.84,0.839,0.001,0.1192,136711.08,11503.763
159610.SZ,20250124,0.832,0.841,0.832,0.839,0.832,0.007,0.8413,96630.71,8093.018
159610.SZ,20250123,0.838,0.85,0.831,0.832,0.833,-0.001,-0.12,214753.02,18016.992
159610.SZ,20250122,0.834,0.836,0.826,0.833,0.837,-0.004,-0.4779,222328.01,18473.752
159610.SZ,20250121,0.837,0.839,0.831,0.837,0.835,0.002,0.2395,330639.01,27613.251
159610.SZ,20250120,0.828,0.843,0.828,0.835,0.828,0.007,0.8454,275818.13,23104.068
159610.SZ,20250117,0.82,0.835,0.82,0.828,0.823,0.005,0.6075,1344183.85,111165.972
159610.SZ,20250116,0.826,0.836,0.818,0.823,0.822,0.001,0.1217,164147.01,13544.636
159610.SZ,20250115,0.824,0.826,0.818,0.822,0.826,-0.004,-0.4843,151209.9,12419.487
159610.SZ,20250114,0.801,0.826,0.8,0.826,0.8,0.026,3.25,179544.01,14633.207
159610.SZ,20250113,0.794,0.805,0.793,0.8,0.8,0.0,0.0,129671.13,10353.056
159610.SZ,20250110,0.808,0.815,0.8,0.8,0.809,-0.009,-1.1125,112706.03,9116.205
159610.SZ,20250109,0.806,0.814,0.806,0.809,0.808,0.001,0.1238,106182.06,8618.491
159610.SZ,20250108,0.808,0.815,0.793,0.808,0.81,-0.002,-0.2469,164493.85,13258.267
159610.SZ,20250107,0.805,0.812,0.801,0.81,0.805,0.005,0.6211,183181.02,14782.157
159610.SZ,20250106,0.81,0.811,0.799,0.805,0.805,0.0,0.0,242701.03,19511.485
159610.SZ,20250103,0.82,0.824,0.803,0.805,0.819,-0.014,-1.7094,236741.05,19285.098
159610.SZ,20250102,0.845,0.845,0.812,0.819,0.845,-0.026,-3.0769,235085.68,19429.298
159610.SZ,20241231,0.865,0.865,0.844,0.845,0.868,-0.023,-2.6498,193715.07,16575.27
159610.SZ,20241230,0.863,0.87,0.861,0.868,0.866,0.002,0.2309,216265.75,18732.879
159610.SZ,20241227,0.863,0.875,0.863,0.866,0.863,0.003,0.3476,169753.04,14730.839
159610.SZ,20241226,0.861,0.864,0.857,0.863,0.858,0.005,0.5828,135474.11,11673.165
159610.SZ,20241225,0.861,0.861,0.852,0.858,0.861,-0.003,-0.3484,353202.06,30292.428
159610.SZ,20241224,0.853,0.862,0.85,0.861,0.852,0.009,1.0563,247289.1,21164.224
159610.SZ,20241223,0.861,0.867,0.852,0.852,0.862,-0.01,-1.1601,312321.01,26804.836
159610.SZ,20241220,0.86,0.866,0.859,0.862,0.859,0.003,0.3492,185810.51,16046.126
159610.SZ,20241219,0.855,0.863,0.849,0.859,0.86,-0.001,-0.1163,225426.09,19227.453
159610.SZ,20241218,0.857,0.864,0.856,0.86,0.855,0.005,0.5848,165746.29,14244.906
159610.SZ,20241217,0.863,0.865,0.854,0.855,0.862,-0.007,-0.8121,342609.14,29365.403
159610.SZ,20241216,0.872,0.872,0.859,0.862,0.873,-0.011,-1.26,145103.07,12561.14
159610.SZ,20241213,0.886,0.886,0.871,0.873,0.886,-0.013,-1.4673,239753.03,21021.841
159610.SZ,20241212,0.876,0.889,0.872,0.886,0.876,0.01,1.1416,277553.53,24393.574
159610.SZ,20241211,0.87,0.878,0.867,0.876,0.871,0.005,0.5741,185678.33,16235.651
159610.SZ,20241210,0.889,0.891,0.869,0.871,0.865,0.006,0.6936,217388.22,19116.53
159610.SZ,20241209,0.862,0.869,0.857,0.865,0.867,-0.002,-0.2307,298412.19,25735.892
159610.SZ,20241206,0.856,0.87,0.851,0.867,0.856,0.011,1.285,211016.36,18222.919
159610.SZ,20241205,0.853,0.858,0.85,0.856,0.854,0.002,0.2342,176928.19,15112.787
159610.SZ,20241204,0.86,0.86,0.85,0.854,0.862,-0.008,-0.9281,377847.0,32345.483
159610.SZ,20241203,0.86,0.865,0.855,0.862,0.861,0.001,0.1161,261912.4,22511.174
159610.SZ,20241202,0.851,0.865,0.851,0.861,0.851,0.01,1.1751,207860.08,17900.547
159610.SZ,20241129,0.839,0.858,0.837,0.851,0.838,0.013,1.5513,271659.07,23051.465
159610.SZ,20241128,0.841,0.848,0.837,0.838,0.845,-0.007,-0.8284,170771.07,14388.482
159610.SZ,20241127,0.826,0.845,0.819,0.845,0.83,0.015,1.8072,318014.05,26358.251
159610.SZ,20241126,0.833,0.84,0.829,0.83,0.833,-0.003,-0.3601,226443.04,18856.632
159610.SZ,20241125,0.841,0.841,0.825,0.833,0.84,-0.007,-0.8333,244637.32,20387.133
159610.SZ,20241122,0.865,0.868,0.838,0.84,0.867,-0.027,-3.1142,267103.29,22824.883
159610.SZ,20241121,0.867,0.869,0.861,0.867,0.868,-0.001,-0.1152,238083.03,20598.398
159610.SZ,20241120,0.857,0.871,0.857,0.868,0.859,0.009,1.0477,207166.0,17867.626
159610.SZ,20241119,0.848,0.861,0.841,0.859,0.847,0.012,1.4168,580340.83,49448.827
159610.SZ,20241118,0.862,0.866,0.842,0.847,0.861,-0.014,-1.626,301614.16,25730.717
159610.SZ,20241115,0.875,0.883,0.859,0.861,0.884,-0.023,-2.6018,337910.14,29498.879
159610.SZ,20241114,0.904,0.904,0.881,0.884,0.903,-0.019,-2.1041,692247.84,61800.339
159610.SZ,20241113,0.902,0.906,0.892,0.903,0.904,-0.001,-0.1106,1695365.21,153007.91
159610.SZ,20241112,0.911,0.925,0.896,0.904,0.911,-0.007,-0.7684,3351070.25,306377.181
159610.SZ,20241111,0.889,0.914,0.889,0.911,0.901,0.01,1.1099,738050.12,66899.613
159610.SZ,20241108,0.906,0.917,0.898,0.901,0.906,-0.005,-0.5519,1357545.15,123320.44
159610.SZ,20241107,0.891,0.906,0.882,0.906,0.892,0.014,1.5695,1583006.4,142249.855
159610.SZ,20241106,0.892,0.9,0.884,0.892,0.891,0.001,0.1122,396536.72,35378.927
159610.SZ,20241105,0.862,0.892,0.861,0.891,0.863,0.028,3.2445,527044.08,46384.926
159610.SZ,20241104,0.853,0.863,0.852,0.863,0.854,0.009,1.0539,262690.14,22533.524
159610.SZ,20241101,0.857,0.868,0.851,0.854,0.86,-0.006,-0.6977,423218.19,36401.955
159610.SZ,20241031,0.852,0.866,0.849,0.86,0.855,0.005,0.5848,379811.55,32650.693
159610.SZ,20241030,0.852,0.86,0.845,0.855,0.852,0.003,0.3521,266693.08,22760.154
159610.SZ,20241029,0.866,0.866,0.849,0.852,0.862,-0.01,-1.1601,315903.47,27122.473
159610.SZ,20241028,0.852,0.862,0.848,0.862,0.853,0.009,1.0551,261009.21,22389.029
159610.SZ,20241025,0.842,0.856,0.841,0.853,0.843,0.01,1.1862,358206.05,30392.474
159610.SZ,20241024,0.845,0.846,0.837,0.843,0.847,-0.004,-0.4723,280913.43,23629.502
159610.SZ,20241023,0.849,0.857,0.842,0.847,0.845,0.002,0.2367,350918.06,29869.454
159610.SZ,20241022,0.837,0.848,0.833,0.845,0.837,0.008,0.9558,424953.25,35677.739
159610.SZ,20241021,0.832,0.851,0.828,0.837,0.828,0.009,1.087,357956.1,30040.482
159610.SZ,20241018,0.802,0.852,0.801,0.828,0.802,0.026,3.2419,428141.88,35134.813
159610.SZ,20241017,0.811,0.82,0.801,0.802,0.809,-0.007,-0.8653,287941.13,23337.068
159610.SZ,20241016,0.811,0.822,0.801,0.809,0.813,-0.004,-0.492,228940.02,18533.061
159610.SZ,20241015,0.83,0.838,0.81,0.813,0.829,-0.016,-1.93,258429.45,21300.971
159610.SZ,20241014,0.828,0.833,0.803,0.829,0.813,0.016,1.968,231348.48,18901.06
159610.SZ,20241011,0.843,0.849,0.802,0.813,0.84,-0.027,-3.2143,322726.35,26469.85
159610.SZ,20241010,0.846,0.879,0.826,0.84,0.845,-0.005,-0.5917,311780.01,26412.114
159610.SZ,20241009,0.91,0.91,0.84,0.845,0.928,-0.083,-8.944,498358.68,43415.682
159610.SZ,20241008,0.934,0.934,0.855,0.928,0.849,0.079,9.3051,535638.69,48346.775
159610.SZ,20240930,0.82,0.849,0.789,0.849,0.772,0.077,9.9741,356579.17,29351.776
159610.SZ,20240927,0.731,0.801,0.731,0.772,0.728,0.044,6.044,312654.33,23850.451
159610.SZ,20240926,0.705,0.729,0.697,0.728,0.701,0.027,3.8516,340553.18,24186.73
159610.SZ,20240925,0.705,0.715,0.7,0.701,0.694,0.007,1.0086,429696.16,30436.471
159610.SZ,20240924,0.668,0.694,0.666,0.694,0.666,0.028,4.2042,438363.0,29899.872
159610.SZ,20240923,0.666,0.675,0.664,0.666,0.667,-0.001,-0.1499,155169.66,10356.403
159610.SZ,20240920,0.672,0.672,0.663,0.667,0.67,-0.003,-0.4478,184407.0,12273.845
159610.SZ,20240919,0.667,0.677,0.66,0.67,0.666,0.004,0.6006,281185.03,18794.89
159610.SZ,20240918,0.665,0.667,0.655,0.666,0.665,0.001,0.1504,179146.02,11880.575
159610.SZ,20240913,0.671,0.672,0.664,0.665,0.67,-0.005,-0.7463,160124.01,10694.037
159610.SZ,20240912,0.675,0.68,0.669,0.67,0.672,-0.002,-0.2976,208002.34,14023.13
159610.SZ,20240911,0.668,0.674,0.667,0.672,0.672,0.0,0.0,142428.0,9551.114
159610.SZ,20240910,0.67,0.674,0.66,0.672,0.671,0.001,0.149,337049.61,22442.712
159610.SZ,20240909,0.673,0.675,0.668,0.671,0.677,-0.006,-0.8863,207011.29,13928.465
159610.SZ,20240906,0.686,0.687,0.675,0.677,0.685,-0.008,-1.1679,133817.0,9113.08
159610.SZ,20240905,0.681,0.69,0.681,0.685,0.684,0.001,0.1462,213151.02,14609.949
159610.SZ,20240904,0.687,0.689,0.679,0.684,0.686,-0.002,-0.2915,151334.07,10361.38
159610.SZ,20240903,0.68,0.689,0.68,0.686,0.684,0.002,0.2924,320545.01,21947.512
159610.SZ,20240902,0.696,0.696,0.68,0.684,0.697,-0.013,-1.8651,297243.0,20419.897
159610.SZ,20240830,0.683,0.705,0.682,0.697,0.685,0.012,1.7518,374753.09,26136.121
159610.SZ,20240829,0.678,0.688,0.675,0.685,0.677,0.008,1.1817,186392.32,12712.288
159610.SZ,20240828,0.675,0.683,0.675,0.677,0.678,-0.001,-0.1475,185730.14,12613.934
159610.SZ,20240827,0.682,0.682,0.677,0.678,0.685,-0.007,-1.0219,153095.03,10402.301
159610.SZ,20240826,0.685,0.686,0.682,0.685,0.685,0.0,0.0,157882.05,10798.501
159610.SZ,20240823,0.68,0.693,0.68,0.685,0.684,0.001,0.1462,259431.02,17759.774
159610.SZ,20240822,0.69,0.692,0.683,0.684,0.693,-0.009,-1.2987,214391.12,14729.736
159610.SZ,20240821,0.693,0.695,0.69,0.693,0.694,-0.001,-0.1441,248094.14,17194.418
159610.SZ,20240820,0.705,0.705,0.691,0.694,0.705,-0.011,-1.5603,144311.04,10078.23
159610.SZ,20240819,0.705,0.712,0.704,0.705,0.702,0.003,0.4274,183252.0,12972.151
159610.SZ,20240816,0.706,0.707,0.702,0.702,0.706,-0.004,-0.5666,195858.27,13786.413
159610.SZ,20240815,0.7,0.712,0.696,0.706,0.7,0.006,0.8571,285018.0,20109.152
159610.SZ,20240814,0.708,0.708,0.7,0.7,0.711,-0.011,-1.5471,155003.1,10894.892
159610.SZ,20240813,0.709,0.711,0.705,0.711,0.708,0.003,0.4237,64349.22,4558.688
159610.SZ,20240812,0.707,0.712,0.705,0.708,0.708,0.0,0.0,167597.17,11896.285
159610.SZ,20240809,0.713,0.719,0.707,0.708,0.713,-0.005,-0.7013,298731.0,21280.888
159610.SZ,20240808,0.71,0.718,0.704,0.713,0.712,0.001,0.1404,228849.28,16337.407
159610.SZ,20240807,0.71,0.717,0.708,0.712,0.713,-0.001,-0.1403,241842.19,17249.207
159610.SZ,20240806,0.712,0.716,0.706,0.713,0.705,0.008,1.1348,138526.0,9832.932
159610.SZ,20240805,0.719,0.725,0.703,0.705,0.719,-0.014,-1.9471,290896.01,20805.231
159610.SZ,20240802,0.725,0.731,0.719,0.719,0.73,-0.011,-1.5068,108443.04,7856.087
159610.SZ,20240801,0.734,0.739,0.726,0.73,0.732,-0.002,-0.2732,236345.0,17268.246
159610.SZ,20240731,0.707,0.734,0.704,0.732,0.708,0.024,3.3898,221351.09,15967.708
159610.SZ,20240730,0.709,0.709,0.701,0.708,0.711,-0.003,-0.4219,142074.03,10030.076
159610.SZ,20240729,0.712,0.716,0.71,0.711,0.715,-0.004,-0.5594,97096.03,6917.67
159610.SZ,20240726,0.705,0.716,0.705,0.715,0.705,0.01,1.4184,188253.0,13404.812
159610.SZ,20240725,0.709,0.711,0.703,0.705,0.707,-0.002,-0.2829,202092.0,14265.011
159610.SZ,20240724,0.717,0.718,0.707,0.707,0.716,-0.009,-1.257,164914.02,11735.38
159610.SZ,20240723,0.736,0.736,0.716,0.716,0.736,-0.02,-2.7174,142203.4,10329.816
159610.SZ,20240722,0.739,0.74,0.732,0.736,0.742,-0.006,-0.8086,154106.03,11361.786
159610.SZ,20240719,0.742,0.745,0.736,0.742,0.743,-0.001,-0.1346,211896.0,15695.641
159610.SZ,20240718,0.739,0.743,0.73,0.743,0.742,0.001,0.1348,159803.01,11780.134
159610.SZ,20240717,0.746,0.747,0.74,0.742,0.745,-0.003,-0.4027,147134.18,10922.896
159610.SZ,20240716,0.745,0.747,0.739,0.745,0.742,0.003,0.4043,141967.85,10540.017
159610.SZ,20240715,0.744,0.746,0.741,0.742,0.748,-0.006,-0.8021,185959.12,13826.381
159610.SZ,20240712,0.75,0.751,0.745,0.748,0.75,-0.002,-0.2667,224376.0,16758.76
159610.SZ,20240711,0.746,0.751,0.74,0.75,0.738,0.012,1.626,229359.01,17129.284
159610.SZ,20240710,0.743,0.744,0.736,0.738,0.743,-0.005,-0.6729,163512.13,12124.973
159610.SZ,20240709,0.727,0.744,0.724,0.743,0.728,0.015,2.0604,233483.06,17120.737
159610.SZ,20240708,0.734,0.737,0.724,0.728,0.738,-0.01,-1.355,118170.16,8631.6
159610.SZ,20240705,0.733,0.739,0.727,0.738,0.733,0.005,0.6821,156482.14,11429.048
159610.SZ,20240704,0.744,0.745,0.731,0.733,0.744,-0.011,-1.4785,92322.01,6814.488
159610.SZ,20240703,0.748,0.75,0.742,0.744,0.75,-0.006,-0.8,187535.1,14002.6
159610.SZ,20240702,0.754,0.756,0.747,0.75,0.756,-0.006,-0.7937,98960.0,7432.15
159610.SZ,20240701,0.747,0.758,0.745,0.756,0.749,0.007,0.9346,156504.17,11785.446
159610.SZ,20240628,0.745,0.754,0.742,0.749,0.745,0.004,0.5369,261852.0,19612.616
159610.SZ,20240627,0.752,0.752,0.742,0.745,0.755,-0.01,-1.3245,229679.02,17132.921
159610.SZ,20240626,0.742,0.755,0.739,0.755,0.747,0.008,1.071,210290.01,15690.979
159610.SZ,20240625,0.753,0.753,0.74,0.747,0.75,-0.003,-0.4,161024.02,12051.078
159610.SZ,20240624,0.763,0.763,0.748,0.75,0.763,-0.013,-1.7038,136246.15,10283.814
159610.SZ,20240621,0.766,0.767,0.759,0.763,0.76,0.003,0.3947,129962.09,9921.479
159610.SZ,20240620,0.767,0.772,0.76,0.76,0.771,-0.011,-1.4267,230144.8,17601.515
159610.SZ,20240619,0.777,0.777,0.768,0.771,0.777,-0.006,-0.7722,173772.05,13370.079
159610.SZ,20240618,0.772,0.779,0.772,0.777,0.772,0.005,0.6477,176549.02,13710.015
159610.SZ,20240617,0.773,0.775,0.77,0.772,0.776,-0.004,-0.5155,114833.14,8871.634
159610.SZ,20240614,0.769,0.777,0.766,0.776,0.769,0.007,0.9103,210310.09,16222.407
159610.SZ,20240613,0.774,0.774,0.767,0.769,0.775,-0.006,-0.7742,138762.23,10698.963
159610.SZ,20240612,0.774,0.776,0.772,0.775,0.774,0.001,0.1292,127121.17,9833.77
159610.SZ,20240611,0.77,0.776,0.766,0.774,0.773,0.001,0.1294,161104.7,12405.513
159610.SZ,20240607,0.78,0.78,0.768,0.773,0.777,-0.004,-0.5148,197301.06,15298.661
159610.SZ,20240606,0.783,0.785,0.774,0.777,0.78,-0.003,-0.3846,177310.7,13848.08
159610.SZ,20240605,0.788,0.788,0.779,0.78,0.788,-0.008,-1.0152,107203.01,8408.242
159610.SZ,20240604,0.778,0.79,0.775,0.788,0.778,0.01,1.2853,152091.12,11913.4
159610.SZ,20240603,0.781,0.784,0.774,0.778,0.782,-0.004,-0.5115,194525.42,15131.27
159610.SZ,20240531,0.783,0.79,0.781,0.782,0.781,0.001,0.128,91577.02,7187.855
159610.SZ,20240530,0.782,0.789,0.78,0.781,0.785,-0.004,-0.5096,151379.36,11871.058
159610.SZ,20240529,0.783,0.789,0.781,0.785,0.783,0.002,0.2554,127592.02,10028.212
159610.SZ,20240528,0.789,0.789,0.781,0.783,0.789,-0.006,-0.7605,125925.55,9888.491
159610.SZ,20240527,0.779,0.789,0.778,0.789,0.779,0.01,1.2837,213930.89,16716.209
159610.SZ,20240524,0.785,0.793,0.779,0.779,0.788,-0.009,-1.1421,128742.2,10124.329
159610.SZ,20240523,0.8,0.8,0.783,0.788,0.8,-0.012,-1.5,177068.0,13962.266
159610.SZ,20240522,0.802,0.803,0.797,0.8,0.802,-0.002,-0.2494,99470.91,7944.644
159610.SZ,20240521,0.801,0.805,0.798,0.802,0.807,-0.005,-0.6196,105078.9,8423.194
159610.SZ,20240520,0.802,0.808,0.801,0.807,0.802,0.005,0.6234,237623.2,19087.333
159610.SZ,20240517,0.79,0.802,0.79,0.802,0.795,0.007,0.8805,219685.08,17438.495
159610.SZ,20240516,0.796,0.8,0.789,0.795,0.796,-0.001,-0.1256,144337.19,11506.464
159610.SZ,20240515,0.806,0.806,0.795,0.796,0.803,-0.007,-0.8717,332887.0,26565.38
159610.SZ,20240514,0.803,0.809,0.802,0.803,0.805,-0.002,-0.2484,189699.21,15269.78
159610.SZ,20240513,0.799,0.807,0.795,0.805,0.807,-0.002,-0.2478,225075.09,18051.557
159610.SZ,20240510,0.809,0.81,0.799,0.807,0.807,0.0,0.0,357378.0,28727.288
159610.SZ,20240509,0.799,0.809,0.798,0.807,0.795,0.012,1.5094,207187.26,16637.09
159610.SZ,20240508,0.807,0.807,0.795,0.795,0.807,-0.012,-1.487,216291.0,17261.237
159610.SZ,20240507,0.8,0.809,0.8,0.807,0.805,0.002,0.2484,246431.2,19839.704
159610.SZ,20240506,0.8,0.807,0.797,0.805,0.791,0.014,1.7699,359260.19,28855.246
159610.SZ,20240430,0.793,0.798,0.79,0.791,0.795,-0.004,-0.5031,249853.01,19839.729
159610.SZ,20240429,0.78,0.797,0.78,0.795,0.786,0.009,1.145,147607.09,11635.058
159610.SZ,20240426,0.772,0.786,0.77,0.786,0.77,0.016,2.0779,195885.05,15220.489
159610.SZ,20240425,0.768,0.775,0.765,0.77,0.77,0.0,0.0,333060.17,25631.438
159610.SZ,20240424,0.763,0.773,0.76,0.77,0.763,0.007,0.9174,1785483.52,137265.67
159610.SZ,20240423,0.774,0.774,0.761,0.763,0.775,-0.012,-1.5484,239882.1,18369.386
159610.SZ,20240422,0.782,0.783,0.772,0.775,0.778,-0.003,-0.3856,252011.33,19565.936
159610.SZ,20240419,0.779,0.786,0.775,0.778,0.781,-0.003,-0.3841,257239.01,20065.388
159610.SZ,20240418,0.772,0.79,0.772,0.781,0.778,0.003,0.3856,284624.42,22204.34
159610.SZ,20240417,0.762,0.78,0.762,0.778,0.762,0.016,2.0997,406060.94,31286.374
159610.SZ,20240416,0.782,0.782,0.76,0.762,0.779,-0.017,-2.1823,370721.08,28591.229
159610.SZ,20240415,0.771,0.783,0.762,0.779,0.771,0.008,1.0376,364048.15,28215.117
159610.SZ,20240412,0.773,0.78,0.77,0.771,0.77,0.001,0.1299,268566.39,20773.155
159610.SZ,20240411,0.768,0.779,0.764,0.77,0.767,0.003,0.3911,228260.51,17641.668
159610.SZ,20240410,0.772,0.772,0.762,0.767,0.772,-0.005,-0.6477,216405.01,16631.966
159610.SZ,20240409,0.77,0.772,0.766,0.772,0.773,-0.001,-0.1294,186739.16,14358.283
159610.SZ,20240408,0.779,0.781,0.769,0.773,0.778,-0.005,-0.6427,192208.0,14888.079
159610.SZ,20240403,0.777,0.779,0.772,0.778,0.777,0.001,0.1287,220149.04,17085.624
159610.SZ,20240402,0.779,0.779,0.774,0.777,0.78,-0.003,-0.3846,346049.47,26875.873
159610.SZ,20240401,0.764,0.781,0.764,0.78,0.763,0.017,2.228,268560.29,20811.132
159610.SZ,20240329,0.758,0.763,0.751,0.763,0.751,0.012,1.5979,117696.49,8904.448
159610.SZ,20240328,0.746,0.76,0.744,0.751,0.747,0.004,0.5355,194398.97,14596.898
159610.SZ,20240327,0.756,0.757,0.746,0.747,0.758,-0.011,-1.4512,330082.23,24843.018
159610.SZ,20240326,0.76,0.762,0.752,0.758,0.757,0.001,0.1321,343711.04,26049.733
159610.SZ,20240325,0.767,0.77,0.757,0.757,0.767,-0.01,-1.3038,343547.0,26308.513
159610.SZ,20240322,0.778,0.778,0.764,0.767,0.777,-0.01,-1.287,145278.17,11164.895
159610.SZ,20240321,0.783,0.784,0.776,0.777,0.781,-0.004,-0.5122,169744.04,13223.663
159610.SZ,20240320,0.779,0.782,0.777,0.781,0.778,0.003,0.3856,260338.06,20291.69
159610.SZ,20240319,0.784,0.785,0.778,0.778,0.786,-0.008,-1.0178,164860.01,12896.535
159610.SZ,20240318,0.776,0.786,0.774,0.786,0.776,0.01,1.2887,251693.31,19611.621
159610.SZ,20240315,0.766,0.776,0.762,0.776,0.766,0.01,1.3055,308952.0,23755.017
159610.SZ,20240314,0.768,0.774,0.763,0.766,0.768,-0.002,-0.2604,307585.0,23634.9
159610.SZ,20240313,0.765,0.774,0.765,0.768,0.768,0.0,0.0,239120.02,18401.451
159610.SZ,20240312,0.768,0.772,0.762,0.768,0.768,0.0,0.0,268201.04,20566.735
159610.SZ,20240311,0.758,0.77,0.756,0.768,0.758,0.01,1.3193,269173.03,20484.273
159610.SZ,20240308,0.752,0.761,0.748,0.758,0.752,0.006,0.7979,251250.53,18957.759
159610.SZ,20240307,0.758,0.764,0.75,0.752,0.758,-0.006,-0.7916,349953.83,26546.134
159610.SZ,20240306,0.757,0.767,0.753,0.758,0.759,-0.001,-0.1318,1721556.11,131024.627
159610.SZ,20240305,0.763,0.763,0.755,0.759,0.762,-0.003,-0.3937,290693.3,22053.236
159610.SZ,20240304,0.761,0.763,0.753,0.762,0.761,0.001,0.1314,204933.07,15576.716
159610.SZ,20240301,0.758,0.764,0.753,0.761,0.758,0.003,0.3958,1839764.13,139774.727
159610.SZ,20240229,0.738,0.758,0.738,0.758,0.737,0.021,2.8494,291413.09,21782.054
159610.SZ,20240228,0.755,0.763,0.736,0.737,0.755,-0.018,-2.3841,335690.15,25250.838
159610.SZ,20240227,0.735,0.755,0.735,0.755,0.737,0.018,2.4423,490318.07,36550.126
159610.SZ,20240226,0.736,0.747,0.734,0.737,0.738,-0.001,-0.1355,438971.19,32422.64
159610.SZ,20240223,0.738,0.74,0.728,0.738,0.738,0.0,0.0,397175.11,29146.774
159610.SZ,20240222,0.727,0.739,0.71,0.738,0.731,0.007,0.9576,286447.04,21020.692
159610.SZ,20240221,0.729,0.748,0.724,0.731,0.73,0.001,0.137,469920.16,34526.286
159610.SZ,20240220,0.726,0.732,0.722,0.73,0.73,0.0,0.0,292170.07,21266.426
159610.SZ,20240219,0.732,0.742,0.722,0.73,0.735,-0.005,-0.6803,579555.01,42345.459
159610.SZ,20240208,0.733,0.762,0.729,0.735,0.733,0.002,0.2729,880965.22,65869.874
159610.SZ,20240207,0.69,0.735,0.686,0.733,0.691,0.042,6.0781,768187.83,55236.899
159610.SZ,20240206,0.654,0.691,0.638,0.691,0.65,0.041,6.3077,775428.17,51426.333
159610.SZ,20240205,0.661,0.664,0.623,0.65,0.664,-0.014,-2.1084,683645.37,44006.688
159610.SZ,20240202,0.678,0.682,0.646,0.664,0.677,-0.013,-1.9202,499808.38,33434.66
159610.SZ,20240201,0.676,0.687,0.666,0.677,0.678,-0.001,-0.1475,453330.36,30656.681
159610.SZ,20240131,0.69,0.695,0.677,0.678,0.693,-0.015,-2.1645,432089.05,29592.713
159610.SZ,20240130,0.708,0.71,0.691,0.693,0.71,-0.017,-2.3944,378775.01,26655.28
159610.SZ,20240129,0.727,0.727,0.707,0.71,0.721,-0.011,-1.5257,383220.03,27376.197
159610.SZ,20240126,0.728,0.728,0.718,0.721,0.726,-0.005,-0.6887,379720.03,27493.017
159610.SZ,20240125,0.704,0.726,0.698,0.726,0.704,0.022,3.125,449200.14,32209.672
159610.SZ,20240124,0.696,0.707,0.681,0.704,0.696,0.008,1.1494,503389.46,34875.725
159610.SZ,20240123,0.686,0.697,0.676,0.696,0.69,0.006,0.8696,503311.31,34634.838
159610.SZ,20240122,0.716,0.716,0.682,0.69,0.718,-0.028,-3.8997,441196.81,31049.293
159610.SZ,20240119,0.721,0.724,0.716,0.718,0.722,-0.004,-0.554,237863.21,17129.197
159610.SZ,20240118,0.73,0.73,0.704,0.722,0.723,-0.001,-0.1383,267646.39,19078.59
159610.SZ,20240117,0.739,0.739,0.722,0.723,0.739,-0.016,-2.1651,236835.1,17295.653
159610.SZ,20240116,0.738,0.741,0.73,0.739,0.739,0.0,0.0,187342.13,13811.72
159610.SZ,20240115,0.736,0.744,0.734,0.739,0.738,0.001,0.1355,284921.29,21047.019
159610.SZ,20240112,0.738,0.745,0.736,0.738,0.739,-0.001,-0.1353,326494.02,24177.986
159610.SZ,20240111,0.733,0.742,0.733,0.739,0.738,0.001,0.1355,305243.09,22521.422
159610.SZ,20240110,0.731,0.742,0.729,0.738,0.737,0.001,0.1357,301084.2,22168.289
159610.SZ,20240109,0.738,0.742,0.733,0.737,0.736,0.001,0.1359,204219.51,15092.682
159610.SZ,20240108,0.748,0.749,0.733,0.736,0.75,-0.014,-1.8667,306927.04,22729.089
159610.SZ,20240105,0.758,0.761,0.748,0.75,0.757,-0.007,-0.9247,297960.17,22561.398
159610.SZ,20240104,0.761,0.761,0.755,0.757,0.761,-0.004,-0.5256,233058.3,17652.437
159610.SZ,20240103,0.758,0.764,0.758,0.761,0.762,-0.001,-0.1312,286524.0,21832.67
159610.SZ,20240102,0.762,0.766,0.761,0.762,0.762,0.0,0.0,269204.01,20547.159
159610.SZ,20231229,0.758,0.765,0.758,0.762,0.757,0.005,0.6605,204308.02,15571.578
159610.SZ,20231228,0.738,0.759,0.738,0.757,0.744,0.013,1.7473,274375.1,20698.004
159610.SZ,20231227,0.741,0.746,0.737,0.744,0.741,0.003,0.4049,211551.17,15688.47
159610.SZ,20231226,0.744,0.745,0.736,0.741,0.745,-0.004,-0.5369,279011.0,20664.047
159610.SZ,20231225,0.745,0.748,0.741,0.745,0.746,-0.001,-0.134,272520.15,20258.872
159610.SZ,20231222,0.746,0.752,0.742,0.746,0.746,0.0,0.0,314342.18,23448.31
159610.SZ,20231221,0.745,0.748,0.736,0.746,0.744,0.002,0.2688,320376.01,23800.452
159610.SZ,20231220,0.752,0.754,0.744,0.744,0.753,-0.009,-1.1952,280354.12,20950.165
159610.SZ,20231219,0.753,0.755,0.748,0.753,0.753,0.0,0.0,247326.04,18578.929
159610.SZ,20231218,0.759,0.76,0.751,0.753,0.761,-0.008,-1.0512,283857.32,21453.977
159610.SZ,20231215,0.77,0.77,0.757,0.761,0.765,-0.004,-0.5229,242809.0,18586.104
159610.SZ,20231214,0.772,0.775,0.765,0.765,0.769,-0.004,-0.5202,273557.48,21082.793
159610.SZ,20231213,0.774,0.774,0.767,0.769,0.775,-0.006,-0.7742,183324.16,14135.856
159610.SZ,20231212,0.77,0.775,0.769,0.775,0.773,0.002,0.2587,288492.0,22299.894
159610.SZ,20231211,0.763,0.775,0.756,0.773,0.762,0.011,1.4436,390528.09,29809.928
159610.SZ,20231208,0.763,0.767,0.762,0.762,0.763,-0.001,-0.1311,250835.01,19170.343
159610.SZ,20231207,0.759,0.765,0.755,0.763,0.759,0.004,0.527,409842.06,31059.185
159610.SZ,20231206,0.761,0.764,0.754,0.759,0.761,-0.002,-0.2628,363535.3,27631.08
159610.SZ,20231205,0.77,0.77,0.758,0.761,0.772,-0.011,-1.4249,240309.07,18361.865
159610.SZ,20231204,0.769,0.774,0.769,0.772,0.77,0.002,0.2597,292415.83,22562.083
159610.SZ,20231201,0.768,0.773,0.764,0.77,0.768,0.002,0.2604,252813.04,19415.352
159610.SZ,20231130,0.767,0.771,0.764,0.768,0.77,-0.002,-0.2597,202385.06,15545.662
159610.SZ,20231129,0.77,0.773,0.768,0.77,0.773,-0.003,-0.3881,212694.16,16418.959
159610.SZ,20231128,0.772,0.775,0.765,0.773,0.771,0.002,0.2594,217712.02,16738.103
159610.SZ,20231127,0.771,0.773,0.766,0.771,0.774,-0.003,-0.3876,213538.17,16418.266
159610.SZ,20231124,0.776,0.776,0.77,0.774,0.779,-0.005,-0.6418,265428.03,20506.675
159610.SZ,20231123,0.771,0.781,0.767,0.779,0.77,0.009,1.1688,173386.56,13424.338
159610.SZ,20231122,0.777,0.779,0.77,0.77,0.78,-0.01,-1.2821,164820.23,12791.23
159610.SZ,20231121,0.781,0.785,0.778,0.78,0.78,0.0,0.0,238066.47,18632.077
159610.SZ,20231120,0.776,0.783,0.772,0.78,0.774,0.006,0.7752,267028.1,20744.433
159610.SZ,20231117,0.772,0.775,0.768,0.774,0.772,0.002,0.2591,225587.02,17401.615
159610.SZ,20231116,0.777,0.777,0.772,0.772,0.779,-0.007,-0.8986,201703.01,15603.734
159610.SZ,20231115,0.775,0.782,0.775,0.779,0.774,0.005,0.646,204996.47,15960.959
159610.SZ,20231114,0.77,0.776,0.77,0.774,0.773,0.001,0.1294,163699.13,12662.268
159610.SZ,20231113,0.768,0.774,0.767,0.773,0.769,0.004,0.5202,156331.07,12016.804
159610.SZ,20231110,0.769,0.771,0.766,0.769,0.772,-0.003,-0.3886,160857.02,12355.018
159610.SZ,20231109,0.775,0.779,0.771,0.772,0.774,-0.002,-0.2584,161446.02,12505.425
159610.SZ,20231108,0.773,0.777,0.77,0.774,0.775,-0.001,-0.129,159958.14,12362.597
159610.SZ,20231107,0.777,0.778,0.771,0.775,0.775,0.0,0.0,244177.0,18913.451
159610.SZ,20231106,0.768,0.776,0.768,0.775,0.765,0.01,1.3072,189902.01,14680.875
159610.SZ,20231103,0.761,0.77,0.761,0.765,0.761,0.004,0.5256,233087.13,17846.319
159610.SZ,20231102,0.768,0.77,0.759,0.761,0.767,-0.006,-0.7823,163616.03,12497.861
159610.SZ,20231101,0.769,0.77,0.763,0.767,0.769,-0.002,-0.2601,127104.01,9731.52
159610.SZ,20231031,0.771,0.774,0.765,0.769,0.772,-0.003,-0.3886,145719.08,11196.857
159610.SZ,20231030,0.768,0.775,0.765,0.772,0.768,0.004,0.5208,233618.12,17961.467
159610.SZ,20231027,0.755,0.771,0.754,0.768,0.757,0.011,1.4531,168833.07,12841.97
159610.SZ,20231026,0.753,0.758,0.748,0.757,0.753,0.004,0.5312,276027.09,20713.219
159610.SZ,20231025,0.758,0.758,0.748,0.753,0.748,0.005,0.6684,211663.03,15996.454
159610.SZ,20231024,0.742,0.75,0.737,0.748,0.742,0.006,0.8086,335240.01,24870.411
159610.SZ,20231023,0.757,0.757,0.738,0.742,0.757,-0.015,-1.9815,332657.1,24875.414
159610.SZ,20231020,0.758,0.765,0.756,0.757,0.764,-0.007,-0.9162,222979.02,16981.986
159610.SZ,20231019,0.77,0.771,0.763,0.764,0.771,-0.007,-0.9079,186033.0,14290.952
159610.SZ,20231018,0.779,0.78,0.771,0.771,0.781,-0.01,-1.2804,155053.2,12022.087
159610.SZ,20231017,0.778,0.781,0.776,0.781,0.781,0.0,0.0,110036.08,8566.209
159610.SZ,20231016,0.787,0.787,0.777,0.781,0.787,-0.006,-0.7624,144019.04,11260.053
159610.SZ,20231013,0.785,0.793,0.784,0.787,0.79,-0.003,-0.3797,197848.0,15544.304
159610.SZ,20231012,0.795,0.795,0.787,0.79,0.785,0.005,0.6369,227941.2,17993.481
159610.SZ,20231011,0.786,0.797,0.784,0.785,0.788,-0.003,-0.3807,241674.13,19090.939
159610.SZ,20231010,0.793,0.797,0.788,0.788,0.793,-0.005,-0.6305,176127.26,13974.51
159610.SZ,20231009,0.798,0.798,0.788,0.793,0.798,-0.005,-0.6266,187063.03,14829.831
159610.SZ,20230928,0.799,0.8,0.796,0.798,0.797,0.001,0.1255,221182.03,17655.847
159610.SZ,20230927,0.8,0.801,0.795,0.797,0.793,0.004,0.5044,190026.26,15167.52
159610.SZ,20230926,0.8,0.8,0.793,0.793,0.795,-0.002,-0.2516,211790.01,16831.519
159610.SZ,20230925,0.797,0.799,0.794,0.795,0.797,-0.002,-0.2509,224424.02,17893.028
159610.SZ,20230922,0.789,0.798,0.785,0.797,0.788,0.009,1.1421,249636.02,19685.821
159610.SZ,20230921,0.794,0.795,0.786,0.788,0.794,-0.006,-0.7557,219619.78,17375.03
159610.SZ,20230920,0.798,0.798,0.793,0.794,0.799,-0.005,-0.6258,207787.19,16533.724
159610.SZ,20230919,0.801,0.801,0.793,0.799,0.8,-0.001,-0.125,203072.0,16146.596
159610.SZ,20230918,0.8,0.802,0.794,0.8,0.799,0.001,0.1252,260134.0,20774.247
159610.SZ,20230915,0.801,0.804,0.796,0.799,0.799,0.0,0.0,176219.04,14084.692
159610.SZ,20230914,0.796,0.8,0.795,0.799,0.799,0.0,0.0,114792.06,9164.48
159610.SZ,20230913,0.806,0.809,0.796,0.799,0.805,-0.006,-0.7453,212292.18,16986.874
159610.SZ,20230912,0.811,0.811,0.804,0.805,0.806,-0.001,-0.1241,144363.01,11631.48
159610.SZ,20230911,0.799,0.81,0.798,0.806,0.8,0.006,0.75,168148.13,13543.319
159610.SZ,20230908,0.795,0.801,0.795,0.8,0.8,0.0,0.0,146099.91,11667.988
159610.SZ,20230907,0.811,0.811,0.8,0.8,0.809,-0.009,-1.1125,127735.07,10279.548
159610.SZ,20230906,0.809,0.812,0.806,0.809,0.809,0.0,0.0,83190.1,6727.842
159610.SZ,20230905,0.815,0.815,0.808,0.809,0.816,-0.007,-0.8578,196252.06,15921.55
159610.SZ,20230904,0.808,0.817,0.807,0.816,0.804,0.012,1.4925,143812.04,11684.272
159610.SZ,20230901,0.805,0.809,0.803,0.804,0.803,0.001,0.1245,174246.77,14037.388
159610.SZ,20230831,0.808,0.81,0.803,0.803,0.808,-0.005,-0.6188,193324.0,15571.578
159610.SZ,20230830,0.816,0.816,0.805,0.808,0.809,-0.001,-0.1236,217642.07,17643.305
159610.SZ,20230829,0.795,0.815,0.794,0.809,0.796,0.013,1.6332,266655.05,21417.271
159610.SZ,20230828,0.852,0.852,0.793,0.796,0.789,0.007,0.8872,236821.08,19113.262
159610.SZ,20230825,0.786,0.794,0.782,0.789,0.792,-0.003,-0.3788,106200.14,8384.403
159610.SZ,20230824,0.794,0.799,0.788,0.792,0.787,0.005,0.6353,238892.7,18910.585
159610.SZ,20230823,0.793,0.801,0.787,0.787,0.799,-0.012,-1.5019,437328.16,34706.078
159610.SZ,20230822,0.797,0.802,0.788,0.799,0.794,0.005,0.6297,309556.31,24619.804
159610.SZ,20230821,0.813,0.813,0.794,0.794,0.806,-0.012,-1.4888,175912.0,14112.457
159610.SZ,20230818,0.814,0.817,0.805,0.806,0.814,-0.008,-0.9828,246268.12,20019.067
159610.SZ,20230817,0.808,0.815,0.801,0.814,0.809,0.005,0.618,181179.35,14638.581
159610.SZ,20230816,0.808,0.815,0.808,0.809,0.813,-0.004,-0.492,236116.05,19145.133
159610.SZ,20230815,0.818,0.818,0.807,0.813,0.817,-0.004,-0.4896,246505.0,20050.398
159610.SZ,20230814,0.811,0.818,0.805,0.817,0.819,-0.002,-0.2442,252479.14,20496.357
159610.SZ,20230811,0.833,0.833,0.816,0.819,0.83,-0.011,-1.3253,325246.59,26779.335
159610.SZ,20230810,0.833,0.833,0.826,0.83,0.829,0.001,0.1206,454493.86,37672.969
159610.SZ,20230809,0.841,0.841,0.828,0.829,0.836,-0.007,-0.8373,407765.97,33867.605
159610.SZ,20230808,0.834,0.838,0.832,0.836,0.838,-0.002,-0.2387,194637.47,16256.948
159610.SZ,20230807,0.84,0.842,0.836,0.838,0.843,-0.005,-0.5931,271445.81,22720.729
159610.SZ,20230804,0.839,0.849,0.839,0.843,0.837,0.006,0.7168,190120.28,16043.539
159610.SZ,20230803,0.836,0.838,0.831,0.837,0.836,0.001,0.1196,213379.02,17799.842
159610.SZ,20230802,0.837,0.839,0.832,0.836,0.837,-0.001,-0.1195,260987.17,21833.041
159610.SZ,20230801,0.838,0.842,0.837,0.837,0.838,-0.001,-0.1193,162324.03,13620.033
159610.SZ,20230731,0.834,0.845,0.833,0.838,0.834,0.004,0.4796,250971.2,21095.406
159610.SZ,20230728,0.82,0.835,0.818,0.834,0.82,0.014,1.7073,422748.92,34835.412
159610.SZ,20230727,0.83,0.83,0.82,0.82,0.825,-0.005,-0.6061,372658.0,30784.95
159610.SZ,20230726,0.831,0.831,0.824,0.825,0.829,-0.004,-0.4825,183954.11,15204.324
159610.SZ,20230725,0.828,0.83,0.824,0.829,0.817,0.012,1.4688,180563.05,14938.43
159610.SZ,20230724,0.81,0.821,0.81,0.817,0.816,0.001,0.1225,173946.1,14220.749
159610.SZ,20230721,0.818,0.822,0.814,0.816,0.818,-0.002,-0.2445,297134.05,24309.105
159610.SZ,20230720,0.828,0.83,0.817,0.818,0.827,-0.009,-1.0883,168233.0,13889.445
159610.SZ,20230719,0.828,0.83,0.824,0.827,0.828,-0.001,-0.1208,194655.78,16088.902
159610.SZ,20230718,0.836,0.836,0.825,0.828,0.831,-0.003,-0.361,248030.0,20544.213
159610.SZ,20230717,0.836,0.836,0.827,0.831,0.831,0.0,0.0,312666.15,25919.739
159610.SZ,20230714,0.838,0.838,0.827,0.831,0.834,-0.003,-0.3597,247799.44,20675.703
159610.SZ,20230713,0.825,0.835,0.825,0.834,0.822,0.012,1.4599,318899.22,26524.066
159610.SZ,20230712,0.834,0.834,0.821,0.822,0.83,-0.008,-0.9639,278903.16,23103.839
159610.SZ,20230711,0.826,0.832,0.824,0.83,0.824,0.006,0.7282,237683.09,19673.101
159610.SZ,20230710,0.828,0.828,0.822,0.824,0.825,-0.001,-0.1212,247454.09,20415.547
159610.SZ,20230707,0.827,0.828,0.819,0.825,0.823,0.002,0.243,187165.0,15399.399
159610.SZ,20230706,0.83,0.831,0.822,0.823,0.827,-0.004,-0.4837,245052.02,20232.905
159610.SZ,20230705,0.833,0.833,0.825,0.827,0.832,-0.005,-0.601,214280.2,17766.529
159610.SZ,20230704,0.834,0.834,0.828,0.832,0.831,0.001,0.1203,205299.16,17047.202
159610.SZ,20230703,0.833,0.833,0.824,0.831,0.828,0.003,0.3623,482887.31,40074.04
159610.SZ,20230630,0.826,0.831,0.821,0.828,0.822,0.006,0.7299,295826.17,24485.467
159610.SZ,20230629,0.821,0.825,0.818,0.822,0.821,0.001,0.1218,285415.14,23448.689
159610.SZ,20230628,0.818,0.821,0.807,0.821,0.817,0.004,0.4896,266996.14,21689.768
159610.SZ,20230627,0.813,0.819,0.809,0.817,0.808,0.009,1.1139,401773.76,32689.531
159610.SZ,20230626,0.814,0.822,0.808,0.808,0.822,-0.014,-1.7032,388367.8,31559.204
159610.SZ,20230621,0.836,0.836,0.822,0.822,0.836,-0.014,-1.6746,367171.52,30433.019
159610.SZ,20230620,0.837,0.837,0.833,0.836,0.835,0.001,0.1198,231398.39,19322.382
159610.SZ,20230619,0.839,0.839,0.834,0.835,0.836,-0.001,-0.1196,154148.68,12891.807
159610.SZ,20230616,0.836,0.838,0.83,0.836,0.83,0.006,0.7229,264141.33,22036.267
159610.SZ,20230615,0.828,0.833,0.824,0.83,0.825,0.005,0.6061,219747.15,18200.533
159610.SZ,20230614,0.827,0.828,0.822,0.825,0.822,0.003,0.365,265697.19,21931.379
159610.SZ,20230613,0.823,0.824,0.82,0.822,0.822,0.0,0.0,207790.27,17082.768
159610.SZ,20230612,0.817,0.824,0.816,0.822,0.817,0.005,0.612,285302.17,23423.827
159610.SZ,20230609,0.822,0.822,0.811,0.817,0.813,0.004,0.492,190675.18,15532.978
159610.SZ,20230608,0.825,0.825,0.806,0.813,0.812,0.001,0.1232,208765.01,16915.159
159610.SZ,20230607,0.808,0.816,0.808,0.812,0.808,0.004,0.495,217440.07,17673.609
159610.SZ,20230606,0.829,0.829,0.808,0.808,0.823,-0.015,-1.8226,214663.0,17566.403
159610.SZ,20230605,0.832,0.832,0.819,0.823,0.823,0.0,0.0,269425.24,22160.628
159610.SZ,20230602,0.82,0.825,0.816,0.823,0.817,0.006,0.7344,142615.33,11738.377
159610.SZ,20230601,0.821,0.824,0.815,0.817,0.821,-0.004,-0.4872,231508.42,18971.998
159610.SZ,20230531,0.828,0.828,0.815,0.821,0.82,0.001,0.122,214134.26,17521.888
159610.SZ,20230530,0.829,0.829,0.808,0.82,0.816,0.004,0.4902,176124.32,14361.866
159610.SZ,20230529,0.815,0.819,0.813,0.816,0.816,0.0,0.0,202553.07,16542.557
159610.SZ,20230526,0.82,0.82,0.804,0.816,0.807,0.009,1.1152,286382.74,23152.002
159610.SZ,20230525,0.805,0.812,0.8,0.807,0.81,-0.003,-0.3704,321541.09,25936.517
159610.SZ,20230524,0.827,0.827,0.807,0.81,0.816,-0.006,-0.7353,265130.22,21492.138
159610.SZ,20230523,0.83,0.83,0.815,0.816,0.826,-0.01,-1.2107,176321.1,14478.641
159610.SZ,20230522,0.827,0.83,0.822,0.826,0.824,0.002,0.2427,301050.48,24834.302
159610.SZ,20230519,0.826,0.827,0.817,0.824,0.825,-0.001,-0.1212,217106.4,17824.644
159610.SZ,20230518,0.831,0.831,0.822,0.825,0.822,0.003,0.365,287864.16,23769.607
159610.SZ,20230517,0.823,0.824,0.818,0.822,0.822,0.0,0.0,219023.78,17972.382
159610.SZ,20230516,0.827,0.829,0.82,0.822,0.825,-0.003,-0.3636,304207.15,25109.834
159610.SZ,20230515,0.824,0.827,0.811,0.825,0.824,0.001,0.1214,233889.18,19133.291
159610.SZ,20230512,0.829,0.834,0.824,0.824,0.83,-0.006,-0.7229,312029.0,25883.186
159610.SZ,20230511,0.831,0.834,0.829,0.83,0.833,-0.003,-0.3601,242070.1,20121.201
159610.SZ,20230510,0.837,0.837,0.827,0.833,0.837,-0.004,-0.4779,285336.19,23748.24
159610.SZ,20230509,0.845,0.848,0.835,0.837,0.843,-0.006,-0.7117,321890.05,27135.844
159610.SZ,20230508,0.834,0.848,0.834,0.843,0.838,0.005,0.5967,273158.32,22990.231
159610.SZ,20230505,0.858,0.858,0.833,0.838,0.845,-0.007,-0.8284,240822.0,20176.167
159610.SZ,20230504,0.833,0.845,0.833,0.845,0.842,0.003,0.3563,287737.21,24248.808
159610.SZ,20230428,0.838,0.843,0.835,0.842,0.834,0.008,0.9592,223727.5,18773.174
159610.SZ,20230427,0.833,0.839,0.829,0.834,0.832,0.002,0.2404,344961.19,28743.128
159610.SZ,20230426,0.825,0.834,0.822,0.832,0.824,0.008,0.9709,439895.11,36504.754
159610.SZ,20230425,0.85,0.85,0.813,0.824,0.839,-0.015,-1.7878,316110.22,26216.817
159610.SZ,20230424,0.843,0.844,0.836,0.839,0.843,-0.004,-0.4745,332000.12,27894.54
159610.SZ,20230421,0.86,0.86,0.842,0.843,0.858,-0.015,-1.7483,286623.58,24446.371
159610.SZ,20230420,0.855,0.86,0.855,0.858,0.859,-0.001,-0.1164,267407.2,22924.737
159610.SZ,20230419,0.863,0.864,0.859,0.859,0.862,-0.003,-0.348,359822.42,30999.753
159610.SZ,20230418,0.862,0.864,0.854,0.862,0.86,0.002,0.2326,400540.35,34423.6
159610.SZ,20230417,0.855,0.861,0.848,0.86,0.854,0.006,0.7026,348045.47,29853.273
159610.SZ,20230414,0.854,0.857,0.852,0.854,0.852,0.002,0.2347,270617.14,23136.181
159610.SZ,20230413,0.865,0.865,0.851,0.852,0.854,-0.002,-0.2342,312435.58,26703.438
159610.SZ,20230412,0.851,0.856,0.85,0.854,0.851,0.003,0.3525,341005.13,29107.985
159610.SZ,20230411,0.842,0.852,0.842,0.851,0.85,0.001,0.1176,393096.65,33369.207
159610.SZ,20230410,0.851,0.854,0.848,0.85,0.85,0.0,0.0,356707.15,30370.527
159610.SZ,20230407,0.848,0.851,0.844,0.85,0.843,0.007,0.8304,431941.29,36676.366
159610.SZ,20230406,0.838,0.846,0.838,0.843,0.847,-0.004,-0.4723,386339.06,32588.26
159610.SZ,20230404,0.849,0.849,0.84,0.847,0.845,0.002,0.2367,486500.64,41083.842
159610.SZ,20230403,0.835,0.847,0.835,0.845,0.834,0.011,1.3189,527033.91,44355.526
159610.SZ,20230331,0.831,0.836,0.828,0.834,0.827,0.007,0.8464,481403.72,40107.519
159610.SZ,20230330,0.833,0.833,0.822,0.827,0.826,0.001,0.1211,639958.36,52797.574
159610.SZ,20230329,0.836,0.836,0.826,0.826,0.83,-0.004,-0.4819,428834.09,35485.088
159610.SZ,20230328,0.835,0.835,0.828,0.83,0.832,-0.002,-0.2404,374928.23,31127.649
159610.SZ,20230327,0.836,0.836,0.827,0.832,0.833,-0.001,-0.12,340439.28,28327.171
159610.SZ,20230324,0.834,0.835,0.831,0.833,0.834,-0.001,-0.1199,376152.47,31338.686
159610.SZ,20230323,0.833,0.834,0.829,0.834,0.833,0.001,0.12,384202.22,31953.91
159610.SZ,20230322,0.827,0.833,0.827,0.833,0.826,0.007,0.8475,327150.16,27185.577
159610.SZ,20230321,0.821,0.828,0.821,0.826,0.82,0.006,0.7317,375970.2,31009.4
159610.SZ,20230320,0.821,0.826,0.818,0.82,0.821,-0.001,-0.1218,353031.35,29026.174
159610.SZ,20230317,0.818,0.829,0.818,0.821,0.816,0.005,0.6127,331626.92,27338.328
159610.SZ,20230316,0.815,0.824,0.814,0.816,0.825,-0.009,-1.0909,302619.21,24832.389
159610.SZ,20230315,0.823,0.828,0.82,0.825,0.819,0.006,0.7326,279870.82,23138.657
159610.SZ,20230314,0.832,0.832,0.812,0.819,0.826,-0.007,-0.8475,361935.09,29645.711
159610.SZ,20230313,0.822,0.827,0.819,0.826,0.822,0.004,0.4866,372130.92,30662.651
159610.SZ,20230310,0.825,0.832,0.821,0.822,0.833,-0.011,-1.3205,283193.14,23375.347
159610.SZ,20230309,0.841,0.841,0.83,0.833,0.835,-0.002,-0.2395,273486.02,22804.718
159610.SZ,20230308,0.839,0.839,0.831,0.835,0.835,0.0,0.0,305454.05,25503.477
159610.SZ,20230307,0.849,0.849,0.834,0.835,0.847,-0.012,-1.4168,397637.66,33545.515
159610.SZ,20230306,0.848,0.849,0.841,0.847,0.845,0.002,0.2367,357030.17,30131.685
159610.SZ,20230303,0.846,0.848,0.84,0.845,0.846,-0.001,-0.1182,378211.31,31955.456
159610.SZ,20230302,0.85,0.851,0.845,0.846,0.848,-0.002,-0.2358,370801.38,31440.956
159610.SZ,20230301,0.846,0.851,0.843,0.848,0.846,0.002,0.2364,372983.04,31631.217
159610.SZ,20230228,0.842,0.847,0.837,0.846,0.842,0.004,0.4751,406933.16,34329.372
159610.SZ,20230227,0.834,0.85,0.834,0.842,0.842,0.0,0.0,307551.19,25877.689
159610.SZ,20230224,0.849,0.849,0.837,0.842,0.845,-0.003,-0.355,291235.05,24562.404
159610.SZ,20230223,0.85,0.85,0.84,0.845,0.844,0.001,0.1185,362148.26,30606.31
159610.SZ,20230222,0.842,0.848,0.841,0.844,0.845,-0.001,-0.1183,365162.44,30825.572
159610.SZ,20230221,0.848,0.848,0.835,0.845,0.84,0.005,0.5952,439236.2,37121.935
159610.SZ,20230220,0.823,0.841,0.823,0.84,0.825,0.015,1.8182,443877.14,36889.067
159610.SZ,20230217,0.84,0.84,0.825,0.825,0.835,-0.01,-1.1976,453042.14,37694.052
159610.SZ,20230216,0.845,0.851,0.828,0.835,0.846,-0.011,-1.3002,462991.76,39085.706
159610.SZ,20230215,0.846,0.847,0.842,0.846,0.844,0.002,0.237,414989.16,35049.774
159610.SZ,20230214,0.849,0.849,0.838,0.844,0.843,0.001,0.1186,415277.04,35066.912
159610.SZ,20230213,0.831,0.845,0.831,0.843,0.84,0.003,0.3571,427484.62,36002.269
159610.SZ,20230210,0.851,0.851,0.832,0.84,0.841,-0.001,-0.1189,482031.46,40502.752
159610.SZ,20230209,0.841,0.842,0.83,0.841,0.833,0.008,0.9604,362841.79,30407.675
159610.SZ,20230208,0.841,0.841,0.83,0.833,0.838,-0.005,-0.5967,356073.3,29755.669
159610.SZ,20230207,0.836,0.838,0.831,0.838,0.836,0.002,0.2392,407656.16,34056.462
159610.SZ,20230206,0.83,0.842,0.825,0.836,0.84,-0.004,-0.4762,424595.13,35467.727
159610.SZ,20230203,0.837,0.845,0.831,0.84,0.846,-0.006,-0.7092,452413.89,37881.809
159610.SZ,20230202,0.846,0.85,0.842,0.846,0.845,0.001,0.1183,474813.41,40176.453
159610.SZ,20230201,0.84,0.846,0.835,0.845,0.839,0.006,0.7151,706823.19,59423.623
159610.SZ,20230131,0.838,0.842,0.835,0.839,0.837,0.002,0.2389,349308.25,29325.214
159610.SZ,20230130,0.845,0.851,0.836,0.837,0.838,-0.001,-0.1193,546686.06,46113.674
159610.SZ,20230120,0.832,0.839,0.829,0.838,0.83,0.008,0.9639,976079.06,81589.415
159610.SZ,20230119,0.822,0.83,0.819,0.83,0.822,0.008,0.9732,572638.06,47218.728
159610.SZ,20230118,0.825,0.825,0.82,0.822,0.82,0.002,0.2439,488490.08,40200.427
159610.SZ,20230117,0.825,0.825,0.818,0.82,0.819,0.001,0.1221,427955.01,35090.531
159610.SZ,20230116,0.814,0.827,0.814,0.819,0.814,0.005,0.6143,420447.48,34519.592
159610.SZ,20230113,0.814,0.815,0.802,0.814,0.807,0.007,0.8674,609329.22,49376.934
159610.SZ,20230112,0.818,0.818,0.8,0.807,0.808,-0.001,-0.1238,441613.13,35744.128
159610.SZ,20230111,0.815,0.815,0.807,0.808,0.81,-0.002,-0.2469,599115.08,48590.431
159610.SZ,20230110,0.812,0.812,0.807,0.81,0.809,0.001,0.1236,684143.81,55400.812
159610.SZ,20230109,0.812,0.813,0.806,0.809,0.805,0.004,0.4969,809625.04,65626.944
159610.SZ,20230106,0.806,0.811,0.797,0.805,0.802,0.003,0.3741,728064.03,58692.882
159610.SZ,20230105,0.797,0.804,0.794,0.802,0.793,0.009,1.1349,748800.2,59968.996
159610.SZ,20230104,0.797,0.797,0.79,0.793,0.792,0.001,0.1263,735843.18,58420.984
159610.SZ,20230103,0.781,0.797,0.779,0.792,0.782,0.01,1.2788,733118.13,57683.842
159610.SZ,20221230,0.797,0.797,0.776,0.782,0.781,0.001,0.128,697561.0,54499.543
159610.SZ,20221229,0.773,0.787,0.773,0.781,0.783,-0.002,-0.2554,775923.32,60687.827
159610.SZ,20221228,0.785,0.787,0.78,0.783,0.784,-0.001,-0.1276,761600.14,59577.827
159610.SZ,20221227,0.781,0.785,0.777,0.784,0.775,0.009,1.1613,915134.78,71374.775
159610.SZ,20221226,0.771,0.779,0.77,0.775,0.771,0.004,0.5188,838280.13,65023.609
159610.SZ,20221223,0.763,0.774,0.763,0.771,0.771,0.0,0.0,788989.06,60742.66
159610.SZ,20221222,0.784,0.784,0.766,0.771,0.779,-0.008,-1.027,874665.06,67912.427
159610.SZ,20221221,0.785,0.786,0.774,0.779,0.783,-0.004,-0.5109,735045.01,57298.615
159610.SZ,20221220,0.784,0.79,0.78,0.783,0.792,-0.009,-1.1364,732918.24,57491.676
159610.SZ,20221219,0.807,0.807,0.785,0.792,0.807,-0.015,-1.8587,830443.2,65909.672
159610.SZ,20221216,0.812,0.812,0.803,0.807,0.812,-0.005,-0.6158,959945.13,77435.444
159610.SZ,20221215,0.814,0.815,0.809,0.812,0.813,-0.001,-0.123,811995.1,65828.714
159610.SZ,20221214,0.817,0.819,0.812,0.813,0.818,-0.005,-0.6112,810995.03,66091.888
159610.SZ,20221213,0.821,0.821,0.815,0.818,0.82,-0.002,-0.2439,822861.27,67207.541
159610.SZ,20221212,0.826,0.826,0.819,0.82,0.823,-0.003,-0.3645,815115.22,66949.811
159610.SZ,20221209,0.825,0.827,0.819,0.823,0.822,0.001,0.1217,757686.39,62370.236
159610.SZ,20221208,0.828,0.828,0.821,0.822,0.825,-0.003,-0.3636,708113.0,58326.673
159610.SZ,20221207,0.833,0.833,0.822,0.825,0.825,0.0,0.0,874250.0,72170.776
159610.SZ,20221206,0.827,0.831,0.821,0.825,0.826,-0.001,-0.1211,814661.95,67347.744
159610.SZ,20221205,0.823,0.829,0.821,0.826,0.818,0.008,0.978,820629.18,67771.941
159610.SZ,20221202,0.822,0.824,0.817,0.818,0.821,-0.003,-0.3654,788198.0,64666.23
159610.SZ,20221201,0.819,0.829,0.819,0.821,0.815,0.006,0.7362,859648.04,70995.408
159610.SZ,20221130,0.819,0.82,0.814,0.815,0.818,-0.003,-0.3667,734686.03,60043.571
159610.SZ,20221129,0.81,0.821,0.809,0.818,0.807,0.011,1.3631,802583.1,65490.011
159610.SZ,20221128,0.804,0.809,0.797,0.807,0.812,-0.005,-0.6158,989762.32,79622.379
159610.SZ,20221125,0.816,0.816,0.807,0.812,0.817,-0.005,-0.612,835691.07,67707.462
159610.SZ,20221124,0.82,0.82,0.812,0.817,0.816,0.001,0.1225,939278.11,76652.056
159610.SZ,20221123,0.81,0.819,0.805,0.816,0.815,0.001,0.1227,964717.17,78245.099
159610.SZ,20221122,0.824,0.824,0.811,0.815,0.824,-0.009,-1.0922,1015710.17,83185.676
159610.SZ,20221121,0.819,0.825,0.816,0.824,0.823,0.001,0.1215,998367.52,81876.95
159610.SZ,20221118,0.828,0.832,0.822,0.823,0.828,-0.005,-0.6039,979447.08,81054.88
159610.SZ,20221117,0.82,0.828,0.819,0.828,0.824,0.004,0.4854,991728.0,81502.155
159610.SZ,20221116,0.832,0.832,0.822,0.824,0.828,-0.004,-0.4831,771390.25,63750.253
159610.SZ,20221115,0.82,0.83,0.815,0.828,0.819,0.009,1.0989,1004187.06,82850.533
159610.SZ,20221114,0.824,0.828,0.816,0.819,0.821,-0.002,-0.2436,876099.16,72101.169
159610.SZ,20221111,0.817,0.834,0.817,0.821,0.813,0.008,0.984,917382.4,75682.993
159610.SZ,20221110,0.813,0.816,0.807,0.813,0.817,-0.004,-0.4896,981062.09,79547.909
159610.SZ,20221109,0.82,0.826,0.816,0.817,0.82,-0.003,-0.3659,928089.02,75961.492
159610.SZ,20221108,0.823,0.823,0.814,0.82,0.819,0.001,0.1221,1007754.13,82295.094
159610.SZ,20221107,0.818,0.824,0.813,0.819,0.818,0.001,0.1222,1040624.81,85248.106
159610.SZ,20221104,0.803,0.823,0.798,0.818,0.8,0.018,2.25,967464.68,78596.935
159610.SZ,20221103,0.797,0.801,0.794,0.8,0.797,0.003,0.3764,1114049.73,88921.411
159610.SZ,20221102,0.793,0.803,0.791,0.797,0.793,0.004,0.5044,1170493.03,93201.271
159610.SZ,20221101,0.777,0.794,0.77,0.793,0.774,0.019,2.4548,1151209.78,89893.701
159610.SZ,20221031,0.776,0.782,0.768,0.774,0.775,-0.001,-0.129,1208453.26,93583.304
159610.SZ,20221028,0.799,0.806,0.77,0.775,0.802,-0.027,-3.3666,1077991.24,84863.76
159610.SZ,20221027,0.807,0.809,0.8,0.802,0.803,-0.001,-0.1245,1256587.24,101250.164
159610.SZ,20221026,0.792,0.812,0.791,0.803,0.791,0.012,1.5171,1108999.16,89113.201
159610.SZ,20221025,0.792,0.801,0.779,0.791,0.797,-0.006,-0.7528,1054565.76,83138.762
159610.SZ,20221024,0.807,0.818,0.789,0.797,0.807,-0.01,-1.2392,1126929.11,90359.747
159610.SZ,20221021,0.808,0.81,0.802,0.807,0.804,0.003,0.3731,1145670.14,92390.446
159610.SZ,20221020,0.809,0.817,0.797,0.804,0.812,-0.008,-0.9852,1174964.05,94641.404
159610.SZ,20221019,0.818,0.82,0.809,0.812,0.819,-0.007,-0.8547,643935.07,52571.579
159610.SZ,20221018,0.822,0.825,0.815,0.819,0.819,0.0,0.0,1057556.3,86525.187
159610.SZ,20221017,0.816,0.821,0.811,0.819,0.817,0.002,0.2448,1269018.07,103525.44
159610.SZ,20221014,0.801,0.821,0.801,0.817,0.797,0.02,2.5094,1062732.31,86474.678
159610.SZ,20221013,0.796,0.802,0.791,0.797,0.797,0.0,0.0,1117995.29,89049.203
159610.SZ,20221012,0.785,0.799,0.768,0.797,0.784,0.013,1.6582,1288466.02,100059.194
159610.SZ,20221011,0.774,0.787,0.774,0.784,0.778,0.006,0.7712,1349799.65,105334.191
159610.SZ,20221010,0.786,0.795,0.775,0.778,0.786,-0.008,-1.0178,1049419.15,82875.716
159610.SZ,20220930,0.794,0.799,0.785,0.786,0.796,-0.01,-1.2563,976494.69,77281.143
159610.SZ,20220929,0.796,0.806,0.791,0.796,0.793,0.003,0.3783,1124096.03,90009.661
159610.SZ,20220928,0.808,0.808,0.792,0.793,0.81,-0.017,-2.0988,1066370.06,85206.717
159610.SZ,20220927,0.795,0.811,0.795,0.81,0.795,0.015,1.8868,1006718.01,80488.794
159610.SZ,20220926,0.802,0.812,0.794,0.795,0.806,-0.011,-1.3648,1037703.08,83524.317
159610.SZ,20220923,0.813,0.818,0.798,0.806,0.815,-0.009,-1.1043,900747.77,72827.031
159610.SZ,20220922,0.813,0.82,0.81,0.815,0.817,-0.002,-0.2448,973927.06,79439.257
159610.SZ,20220921,0.813,0.821,0.804,0.817,0.813,0.004,0.492,940159.09,76240.453
159610.SZ,20220920,0.811,0.82,0.81,0.813,0.811,0.002,0.2466,1003551.0,81828.137
159610.SZ,20220919,0.812,0.814,0.803,0.811,0.808,0.003,0.3713,1190605.22,96360.546
159610.SZ,20220916,0.831,0.831,0.808,0.808,0.831,-0.023,-2.7677,1075460.05,88468.579
159610.SZ,20220915,0.848,0.852,0.823,0.831,0.847,-0.016,-1.889,1111188.87,93228.7
159610.SZ,20220914,0.852,0.852,0.844,0.847,0.856,-0.009,-1.0514,1033870.18,87661.8
159610.SZ,20220913,0.857,0.86,0.853,0.856,0.858,-0.002,-0.2331,853596.29,73135.528
159610.SZ,20220909,0.854,0.859,0.85,0.858,0.852,0.006,0.7042,967806.09,82766.646
159610.SZ,20220908,0.854,0.856,0.851,0.852,0.855,-0.003,-0.3509,1133299.52,96649.571
159610.SZ,20220907,0.849,0.857,0.849,0.855,0.853,0.002,0.2345,1118289.28,95446.587
159610.SZ,20220906,0.83,0.854,0.83,0.853,0.838,0.015,1.79,1096620.29,92878.421
159610.SZ,20220905,0.837,0.842,0.833,0.838,0.838,0.0,0.0,1067167.24,89355.276
159610.SZ,20220902,0.836,0.841,0.833,0.838,0.837,0.001,0.1195,1052261.06,88079.044
159610.SZ,20220901,0.837,0.846,0.834,0.837,0.841,-0.004,-0.4756,1177488.08,99103.694
159610.SZ,20220831,0.852,0.856,0.838,0.841,0.857,-0.016,-1.867,1185638.1,100072.614
159610.SZ,20220830,0.858,0.859,0.85,0.857,0.858,-0.001,-0.1166,1082878.08,92468.78
159610.SZ,20220829,0.851,0.86,0.847,0.858,0.861,-0.003,-0.3484,1042049.21,89140.213
159610.SZ,20220826,0.859,0.87,0.857,0.861,0.863,-0.002,-0.2317,1026323.09,88791.271
159610.SZ,20220825,0.86,0.863,0.85,0.863,0.859,0.004,0.4657,1264998.42,108281.25
159610.SZ,20220824,0.882,0.882,0.856,0.859,0.88,-0.021,-2.3864,1217727.45,105842.488
159610.SZ,20220823,0.884,0.884,0.875,0.88,0.881,-0.001,-0.1135,1088896.39,95549.532
159610.SZ,20220822,0.866,0.883,0.866,0.881,0.871,0.01,1.1481,1117307.47,97667.696
159610.SZ,20220819,0.877,0.882,0.87,0.871,0.88,-0.009,-1.0227,1233640.27,108126.105
159610.SZ,20220818,0.884,0.885,0.878,0.88,0.885,-0.005,-0.565,1082459.26,95358.696
159610.SZ,20220817,0.881,0.888,0.877,0.885,0.882,0.003,0.3401,1174437.82,103486.736
159610.SZ,20220816,0.88,0.889,0.879,0.882,0.881,0.001,0.1135,1208962.28,106817.894
159610.SZ,20220815,0.876,0.885,0.876,0.881,0.881,0.0,0.0,1069339.12,94254.602
159610.SZ,20220812,0.88,0.884,0.877,0.881,0.879,0.002,0.2275,1140303.41,100541.823
159610.SZ,20220811,0.868,0.881,0.866,0.879,0.864,0.015,1.7361,1033693.11,90129.552
159610.SZ,20220810,0.866,0.871,0.861,0.864,0.866,-0.002,-0.2309,1001779.15,86768.842
159610.SZ,20220809,0.862,0.868,0.86,0.866,0.862,0.004,0.464,813422.23,70282.161
159610.SZ,20220808,0.855,0.864,0.855,0.862,0.855,0.007,0.8187,849570.25,73141.341
159610.SZ,20220805,0.843,0.857,0.841,0.855,0.842,0.013,1.5439,1238701.44,104521.584
159610.SZ,20220804,0.841,0.85,0.832,0.842,0.84,0.002,0.2381,1463647.23,123031.142
159610.SZ,20220803,0.846,0.861,0.836,0.84,0.847,-0.007,-0.8264,1290488.27,110012.787
159610.SZ,20220802,0.863,0.863,0.836,0.847,0.867,-0.02,-2.3068,1461067.56,123852.161
159610.SZ,20220801,0.859,0.868,0.855,0.867,0.861,0.006,0.6969,1093957.27,94090.999
159610.SZ,20220729,0.868,0.869,0.858,0.861,0.865,-0.004,-0.4624,1277870.36,110389.818
159610.SZ,20220728,0.869,0.873,0.863,0.865,0.865,0.0,0.0,1129995.68,98120.88
159610.SZ,20220727,0.859,0.868,0.858,0.865,0.86,0.005,0.5814,1017484.46,87768.12
159610.SZ,20220726,0.848,0.865,0.848,0.86,0.85,0.01,1.1765,1069569.68,91635.05
159610.SZ,20220725,0.853,0.86,0.847,0.85,0.857,-0.007,-0.8168,1317794.76,112652.131
159610.SZ,20220722,0.863,0.868,0.848,0.857,0.861,-0.004,-0.4646,1248898.68,107482.427
159610.SZ,20220721,0.871,0.871,0.86,0.861,0.873,-0.012,-1.3746,1203098.41,104328.318
159610.SZ,20220720,0.863,0.876,0.863,0.873,0.865,0.008,0.9249,1189793.63,103691.555
159610.SZ,20220719,0.864,0.867,0.858,0.865,0.862,0.003,0.348,1349889.74,116497.748
159610.SZ,20220718,0.848,0.865,0.848,0.862,0.848,0.014,1.6509,1296771.19,110862.756
159610.SZ,20220715,0.864,0.868,0.848,0.848,0.862,-0.014,-1.6241,1271548.13,109661.465
159610.SZ,20220714,0.854,0.868,0.854,0.862,0.857,0.005,0.5834,1210195.01,104205.781
159610.SZ,20220713,0.851,0.86,0.85,0.857,0.854,0.003,0.3513,1222516.1,104433.202
159610.SZ,20220712,0.862,0.869,0.853,0.854,0.866,-0.012,-1.3857,1100784.17,95039.139
159610.SZ,20220711,0.881,0.881,0.859,0.866,0.881,-0.015,-1.7026,1597102.28,138327.5
159610.SZ,20220708,0.887,0.889,0.88,0.881,0.886,-0.005,-0.5643,1303743.08,115273.568
159610.SZ,20220707,0.883,0.891,0.878,0.886,0.884,0.002,0.2262,1323069.14,116714.963
159610.SZ,20220706,0.892,0.893,0.875,0.884,0.896,-0.012,-1.3393,1502781.03,133212.913
159610.SZ,20220705,0.896,0.902,0.886,0.896,0.897,-0.001,-0.1115,1379759.89,123648.817
159610.SZ,20220704,0.886,0.897,0.883,0.897,0.886,0.011,1.2415,1302779.39,115916.199
159610.SZ,20220701,0.884,0.892,0.883,0.886,0.887,-0.001,-0.1127,1254167.71,111296.919
159610.SZ,20220630,0.877,0.893,0.877,0.887,0.877,0.01,1.1403,1110671.42,98646.974
159610.SZ,20220629,0.886,0.892,0.876,0.877,0.889,-0.012,-1.3498,1126143.71,99761.879
159610.SZ,20220628,0.877,0.892,0.876,0.889,0.877,0.012,1.3683,1043450.86,92163.043
159610.SZ,20220627,0.873,0.885,0.873,0.877,0.871,0.006,0.6889,1241471.88,109277.297
159610.SZ,20220624,0.863,0.874,0.861,0.871,0.863,0.008,0.927,1341964.8,116729.723
159610.SZ,20220623,0.846,0.865,0.844,0.863,0.846,0.017,2.0095,1399578.5,119243.596
159610.SZ,20220622,0.86,0.862,0.844,0.846,0.86,-0.014,-1.6279,1291032.1,110748.816
159610.SZ,20220621,0.865,0.868,0.852,0.86,0.865,-0.005,-0.578,1185809.16,102337.733
159610.SZ,20220620,0.867,0.872,0.859,0.865,0.867,-0.002,-0.2307,1239077.06,107379.046
159610.SZ,20220617,0.856,0.871,0.848,0.867,0.86,0.007,0.814,1503223.52,129188.731
159610.SZ,20220616,0.863,0.872,0.858,0.86,0.863,-0.003,-0.3476,1245222.33,108171.482
159610.SZ,20220615,0.861,0.884,0.861,0.863,0.865,-0.002,-0.2312,1263068.65,110083.188
159610.SZ,20220614,0.855,0.867,0.836,0.865,0.859,0.006,0.6985,1397682.88,118448.171
159610.SZ,20220613,0.862,0.864,0.851,0.859,0.865,-0.006,-0.6936,1156617.35,99213.505
159610.SZ,20220610,0.846,0.867,0.842,0.865,0.85,0.015,1.7647,1216116.15,103862.75
159610.SZ,20220609,0.858,0.86,0.841,0.85,0.859,-0.009,-1.0477,1293606.9,110431.722
159610.SZ,20220608,0.854,0.862,0.846,0.859,0.854,0.005,0.5855,1096790.54,93530.892
159610.SZ,20220607,0.853,0.856,0.849,0.854,0.853,0.001,0.1172,1125318.97,95944.098
159610.SZ,20220606,0.836,0.857,0.836,0.853,0.839,0.014,1.6687,1010417.63,85703.662
159610.SZ,20220602,0.828,0.841,0.827,0.839,0.833,0.006,0.7203,1439836.42,120286.286
159610.SZ,20220601,0.83,0.836,0.825,0.833,0.834,-0.001,-0.1199,1105828.13,92060.774
159610.SZ,20220531,0.821,0.836,0.816,0.834,0.822,0.012,1.4599,1595640.69,131783.099
159610.SZ,20220530,0.816,0.822,0.812,0.822,0.816,0.006,0.7353,1187192.68,97005.927
159610.SZ,20220527,0.817,0.825,0.81,0.816,0.818,-0.002,-0.2445,1194087.81,97884.418
159610.SZ,20220526,0.806,0.821,0.797,0.818,0.808,0.01,1.2376,1228553.7,99764.352
159610.SZ,20220525,0.796,0.809,0.795,0.808,0.796,0.012,1.5075,1318989.32,105632.013
159610.SZ,20220524,0.823,0.823,0.795,0.796,0.823,-0.027,-3.2807,1548403.23,125721.577
159610.SZ,20220523,0.822,0.825,0.816,0.823,0.823,0.0,0.0,1030433.22,84532.222
159610.SZ,20220520,0.81,0.824,0.81,0.823,0.81,0.013,1.6049,1098199.86,89781.177
159610.SZ,20220519,0.801,0.811,0.795,0.81,0.805,0.005,0.6211,1086955.22,87110.061
159610.SZ,20220518,0.807,0.814,0.803,0.805,0.808,-0.003,-0.3713,1247612.33,100650.768
159610.SZ,20220517,0.806,0.808,0.799,0.808,0.806,0.002,0.2481,1340204.01,107721.12
159610.SZ,20220516,0.809,0.816,0.802,0.806,0.806,0.0,0.0,1290428.79,104173.776
159610.SZ,20220513,0.802,0.808,0.798,0.806,0.799,0.007,0.8761,1400028.86,112527.562
159610.SZ,20220512,0.798,0.804,0.79,0.799,0.798,0.001,0.1253,1364469.04,108882.875
159610.SZ,20220511,0.801,0.816,0.796,0.798,0.797,0.001,0.1255,1714742.09,138457.803
159610.SZ,20220510,0.787,0.798,0.774,0.797,0.787,0.01,1.2706,1165072.03,91701.394
159610.SZ,20220509,0.78,0.791,0.778,0.787,0.782,0.005,0.6394,965161.09,75908.618
159610.SZ,20220506,0.79,0.791,0.779,0.782,0.801,-0.019,-2.372,942727.47,74053.442
159610.SZ,20220505,0.795,0.807,0.794,0.801,0.799,0.002,0.2503,1037381.81,83039.164
159610.SZ,20220429,0.778,0.801,0.773,0.799,0.771,0.028,3.6316,1277568.81,100281.177
159610.SZ,20220428,0.763,0.776,0.757,0.771,0.769,0.002,0.2601,1114337.62,85682.668
159610.SZ,20220427,0.742,0.771,0.735,0.769,0.743,0.026,3.4993,1148262.66,85551.301
159610.SZ,20220426,0.764,0.771,0.739,0.743,0.764,-0.021,-2.7487,1036343.33,78455.655
159610.SZ,20220425,0.811,0.811,0.763,0.764,0.811,-0.047,-5.7953,971083.89,76173.062
159610.SZ,20220422,0.805,0.819,0.797,0.811,0.808,0.003,0.3713,1031860.07,82998.835
159610.SZ,20220421,0.829,0.836,0.807,0.808,0.834,-0.026,-3.1175,1064175.86,88137.346
159610.SZ,20220420,0.856,0.86,0.832,0.834,0.857,-0.023,-2.6838,1139570.58,96521.976
159610.SZ,20220419,0.85,0.858,0.85,0.857,0.855,0.002,0.2339,1053879.02,90089.296
159610.SZ,20220418,0.855,0.858,0.84,0.855,0.855,0.0,0.0,1166458.37,99097.273
159610.SZ,20220415,0.855,0.862,0.852,0.855,0.859,-0.004,-0.4657,1013282.49,86817.713
159610.SZ,20220414,0.858,0.865,0.851,0.859,0.85,0.009,1.0588,1055439.32,90358.551
159610.SZ,20220413,0.86,0.861,0.849,0.85,0.86,-0.01,-1.1628,885220.44,75501.63
159610.SZ,20220412,0.849,0.862,0.84,0.86,0.85,0.01,1.1765,1052259.92,88967.122
159610.SZ,20220411,0.872,0.872,0.846,0.85,0.872,-0.022,-2.5229,987727.05,84451.418
159610.SZ,20220408,0.868,0.872,0.854,0.872,0.869,0.003,0.3452,850927.55,73414.247
159610.SZ,20220407,0.884,0.884,0.865,0.869,0.884,-0.015,-1.6968,927349.11,81226.241
159610.SZ,20220406,0.882,0.885,0.87,0.884,0.882,0.002,0.2268,892175.28,78312.679
159610.SZ,20220401,0.872,0.883,0.871,0.882,0.877,0.005,0.5701,687960.52,60405.541
159610.SZ,20220331,0.882,0.882,0.874,0.877,0.88,-0.003,-0.3409,853285.58,74894.328
159610.SZ,20220330,0.866,0.88,0.865,0.88,0.865,0.015,1.7341,939999.06,81877.25
159610.SZ,20220329,0.87,0.875,0.862,0.865,0.87,-0.005,-0.5747,1054470.26,91347.127
159610.SZ,20220328,0.866,0.875,0.854,0.87,0.868,0.002,0.2304,933006.22,80700.63
159610.SZ,20220325,0.879,0.883,0.867,0.868,0.879,-0.011,-1.2514,873859.46,76430.826
159610.SZ,20220324,0.871,0.884,0.871,0.879,0.883,-0.004,-0.453,869233.27,76297.028
159610.SZ,20220323,0.878,0.885,0.875,0.883,0.878,0.005,0.5695,924472.65,81363.527
159610.SZ,20220322,0.873,0.886,0.867,0.878,0.876,0.002,0.2283,901125.49,79079.608
159610.SZ,20220321,0.872,0.878,0.865,0.876,0.872,0.004,0.4587,1026468.67,89610.379
159610.SZ,20220318,0.86,0.874,0.859,0.872,0.864,0.008,0.9259,1051333.47,90972.719
159610.SZ,20220317,0.85,0.879,0.85,0.864,0.848,0.016,1.8868,1099243.87,95325.957
159610.SZ,20220316,0.827,0.854,0.802,0.848,0.817,0.031,3.7944,1070178.79,88145.5
159610.SZ,20220315,0.872,0.872,0.817,0.817,0.874,-0.057,-6.5217,1150834.56,97763.592
159610.SZ,20220314,0.889,0.898,0.874,0.874,0.891,-0.017,-1.908,1029057.69,91696.778
159610.SZ,20220311,0.858,0.895,0.858,0.891,0.89,0.001,0.1124,948891.66,83355.703
159610.SZ,20220310,0.883,0.898,0.877,0.89,0.871,0.019,2.1814,1025101.08,91147.727
159610.SZ,20220309,0.887,0.891,0.84,0.871,0.888,-0.017,-1.9144,1280960.61,112777.607
159610.SZ,20220308,0.924,0.924,0.885,0.888,0.924,-0.036,-3.8961,1132335.83,102222.108
159610.SZ,20220307,0.934,0.934,0.915,0.924,0.935,-0.011,-1.1765,969307.54,89648.735
159610.SZ,20220304,0.933,0.943,0.929,0.935,0.937,-0.002,-0.2134,1039488.39,97273.466
159610.SZ,20220303,0.942,0.944,0.936,0.937,0.94,-0.003,-0.3191,989611.85,93111.952
159610.SZ,20220302,0.937,0.94,0.933,0.94,0.94,0.0,0.0,834088.67,78168.56
159610.SZ,20220301,0.936,0.941,0.934,0.94,0.936,0.004,0.4274,895303.18,83919.232
159610.SZ,20220228,0.926,0.936,0.921,0.936,0.93,0.006,0.6452,1036800.85,96314.941
159610.SZ,20220225,0.926,0.941,0.926,0.93,0.926,0.004,0.432,1198089.79,111998.414
159610.SZ,20220224,0.932,0.938,0.915,0.926,0.936,-0.01,-1.0684,1143124.89,106380.161
159610.SZ,20220223,0.925,0.937,0.925,0.936,0.927,0.009,0.9709,1088400.08,101452.869
159610.SZ,20220222,0.936,0.936,0.918,0.927,0.939,-0.012,-1.278,1132212.32,104565.941
159610.SZ,20220221,0.929,0.939,0.927,0.939,0.938,0.001,0.1066,921329.69,86206.588
159610.SZ,20220218,0.93,0.939,0.924,0.938,0.93,0.008,0.8602,977033.2,91348.701
159610.SZ,20220217,0.929,0.933,0.922,0.93,0.929,0.001,0.1076,1062045.25,98565.33
159610.SZ,20220216,0.924,0.932,0.924,0.929,0.924,0.005,0.5411,1062945.78,98706.803
159610.SZ,20220215,0.909,0.926,0.907,0.924,0.912,0.012,1.3158,1191065.41,109396.698
159610.SZ,20220214,0.921,0.924,0.909,0.912,0.921,-0.009,-0.9772,1202829.57,110523.992
159610.SZ,20220211,0.927,0.934,0.918,0.921,0.931,-0.01,-1.0741,1195868.6,110862.399
159610.SZ,20220210,0.931,0.937,0.926,0.931,0.935,-0.004,-0.4278,1001791.53,93180.553
159610.SZ,20220209,0.938,0.938,0.921,0.935,0.925,0.01,1.0811,1230349.98,114315.763
159610.SZ,20220208,0.924,0.926,0.907,0.925,0.924,0.001,0.1082,1234897.36,113184.375
159610.SZ,20220207,0.93,0.934,0.921,0.924,0.911,0.013,1.427,1059803.4,98098.503
159610.SZ,20220128,0.922,0.927,0.904,0.911,0.92,-0.009,-0.9783,1041386.31,95174.808
159610.SZ,20220127,0.943,0.944,0.919,0.92,0.945,-0.025,-2.6455,903423.63,84168.797
159610.SZ,20220126,0.947,0.947,0.937,0.945,0.947,-0.002,-0.2112,920245.76,86740.009
159610.SZ,20220125,0.968,0.968,0.94,0.947,0.968,-0.021,-2.1694,985887.57,94372.275
159610.SZ,20220124,0.964,0.971,0.953,0.968,0.964,0.004,0.4149,1086556.91,104691.749
159610.SZ,20220121,0.973,0.973,0.96,0.964,0.973,-0.009,-0.925,1284900.47,124111.554
159610.SZ,20220120,0.979,0.982,0.969,0.973,0.979,-0.006,-0.6129,1004325.41,97948.741
159610.SZ,20220119,0.98,0.988,0.973,0.979,0.98,-0.001,-0.102,1057612.05,103705.616
159610.SZ,20220118,0.977,0.985,0.973,0.98,0.977,0.003,0.3071,1325489.48,130020.002
159610.SZ,20220117,0.966,0.98,0.966,0.977,0.966,0.011,1.1387,944299.29,92125.618
159610.SZ,20220114,0.967,0.974,0.963,0.966,0.969,-0.003,-0.3096,1652809.42,160096.751
159610.SZ,20220113,0.982,0.983,0.967,0.969,0.981,-0.012,-1.2232,1347533.83,131363.495
159610.SZ,20220112,0.976,0.981,0.972,0.981,0.976,0.005,0.5123,1111523.22,108539.451
159610.SZ,20220111,0.98,0.986,0.974,0.976,0.981,-0.005,-0.5097,1281487.82,125741.381
159610.SZ,20220110,0.975,0.982,0.971,0.981,0.979,0.002,0.2043,3643237.04,355897.912
