代码,日期,WMA3,WMA5,WMA10,WMA20,WMA差值5-20,WMA差值5-20(%),WMA差值3-5,多空排列,排列评分
513060,20250627,0.5595,0.561667,0.558673,0.561219,0.000448,0.0798,-0.002167,震荡排列,0.0
513060,20250626,0.5655,0.563267,0.559927,0.561219,0.002048,0.3649,0.002233,震荡排列,0.0
513060,20250625,0.568333,0.561933,0.560964,0.560462,0.001471,0.2625,0.0064,微弱多头排列,0.3
513060,20250624,0.560167,0.5556,0.559855,0.558229,-0.002629,-0.471,0.004567,震荡排列,0.0
513060,20250623,0.548833,0.5496,0.559436,0.555914,-0.006314,-1.1358,-0.000767,震荡排列,0.0
513060,20250620,0.544167,0.549467,0.561491,0.554571,-0.005104,-0.9204,-0.0053,震荡排列,0.0
513060,20250619,0.549333,0.5568,0.566055,0.554362,0.002438,0.4398,-0.007467,震荡排列,0.0
513060,20250618,0.561333,0.568267,0.570618,0.554086,0.014181,2.5593,-0.006934,震荡排列,0.0
513060,20250617,0.569833,0.575533,0.571945,0.552019,0.023514,4.2596,-0.0057,强势多头排列,0.85
513060,20250616,0.583833,0.583333,0.572236,0.5494,0.033933,6.1764,0.0005,强势多头排列,1.2
513060,20250613,0.587,0.583333,0.5678,0.544405,0.038928,7.1506,0.003667,强势多头排列,1.2
513060,20250612,0.5865,0.578733,0.561273,0.538395,0.040338,7.4923,0.007767,强势多头排列,1.2
513060,20250611,0.573,0.565,0.550436,0.530471,0.034529,6.5091,0.008,强势多头排列,1.2
513060,20250610,0.565833,0.556933,0.542655,0.524348,0.032585,6.2144,0.0089,强势多头排列,1.2
513060,20250609,0.5495,0.5442,0.532782,0.517405,0.026795,5.1787,0.0053,强势多头排列,1.02
513060,20250606,0.536833,0.5336,0.524509,0.51149,0.02211,4.3227,0.003233,强势多头排列,0.86
513060,20250605,0.532167,0.528933,0.519509,0.507362,0.021571,4.2516,0.003234,强势多头排列,0.84
513060,20250604,0.53,0.525267,0.515709,0.503838,0.021429,4.2532,0.004733,强势多头排列,0.84
513060,20250603,0.5205,0.516467,0.509764,0.499324,0.017143,3.4332,0.004033,强势多头排列,0.68
513060,20250530,0.516,0.511333,0.5062,0.496262,0.015071,3.0369,0.004667,强势多头排列,0.6
513060,20250529,0.510167,0.505933,0.502473,0.493319,0.012614,2.557,0.004234,中等多头排列,0.64
513060,20250528,0.499833,0.499267,0.497873,0.490181,0.009086,1.8536,0.000566,微弱多头排列,0.3
513060,20250527,0.498333,0.499,0.496091,0.488686,0.010314,2.1106,-0.000667,中等多头排列,0.53
513060,20250526,0.496,0.498333,0.493582,0.487014,0.011319,2.3242,-0.002333,中等多头排列,0.58
513060,20250523,0.501167,0.5004,0.4924,0.486238,0.014162,2.9126,0.000767,中等多头排列,0.72
513060,20250522,0.5025,0.498467,0.489364,0.484571,0.013896,2.8677,0.004033,中等多头排列,0.71
513060,20250521,0.501,0.4946,0.485873,0.482681,0.011919,2.4693,0.0064,中等多头排列,0.61
513060,20250520,0.4915,0.486333,0.480582,0.479838,0.006495,1.3536,0.005167,微弱多头排列,0.3
513060,20250519,0.48,0.478133,0.4762,0.47731,0.000823,0.1724,0.001867,震荡排列,0.0
513060,20250516,0.476333,0.474733,0.475164,0.476319,-0.001586,-0.333,0.0016,微弱空头排列,-0.3
513060,20250515,0.472833,0.4722,0.474745,0.475514,-0.003314,-0.6969,0.000633,微弱空头排列,-0.3
513060,20250514,0.472833,0.472933,0.476091,0.475538,-0.002605,-0.5478,-0.0001,震荡排列,0.0
513060,20250513,0.470667,0.472133,0.476709,0.474933,-0.0028,-0.5896,-0.001466,震荡排列,0.0
513060,20250512,0.471,0.473933,0.478291,0.47451,-0.000577,-0.1216,-0.002933,震荡排列,0.0
513060,20250509,0.477,0.479533,0.481418,0.474514,0.005019,1.0577,-0.002533,震荡排列,0.0
513060,20250508,0.478667,0.4812,0.482091,0.472962,0.008238,1.7418,-0.002533,震荡排列,0.0
513060,20250507,0.483833,0.484067,0.482909,0.471514,0.012553,2.6623,-0.000234,微弱多头排列,0.3
513060,20250506,0.4885,0.486467,0.482618,0.469819,0.016648,3.5435,0.002033,强势多头排列,0.7
513060,20250430,0.4845,0.484133,0.479164,0.46689,0.017243,3.6932,0.000367,强势多头排列,0.73
513060,20250429,0.482333,0.482667,0.475691,0.46439,0.018277,3.9357,-0.000334,强势多头排列,0.78
513060,20250428,0.481833,0.481467,0.472309,0.462129,0.019338,4.1845,0.000366,强势多头排列,0.83
513060,20250425,0.484667,0.4806,0.469782,0.460424,0.020176,4.382,0.004067,强势多头排列,0.87
513060,20250424,0.481333,0.474467,0.465036,0.457905,0.016562,3.6169,0.006866,强势多头排列,0.72
513060,20250423,0.473167,0.466133,0.459473,0.455333,0.0108,2.3719,0.007034,中等多头排列,0.59
513060,20250422,0.462,0.4572,0.453636,0.45311,0.00409,0.9027,0.0048,微弱多头排列,0.3
513060,20250421,0.45,0.449667,0.447945,0.451495,-0.001828,-0.4049,0.000333,震荡排列,0.0
513060,20250418,0.446833,0.4496,0.4456,0.451838,-0.002238,-0.4953,-0.002767,震荡排列,0.0
513060,20250417,0.448667,0.451333,0.445055,0.452929,-0.001596,-0.3524,-0.002666,震荡排列,0.0
513060,20250416,0.4535,0.451933,0.445327,0.454186,-0.002253,-0.4961,0.001567,震荡排列,0.0
513060,20250415,0.4585,0.4508,0.446709,0.455681,-0.004881,-1.0711,0.0077,震荡排列,0.0
513060,20250414,0.452167,0.442133,0.446,0.455967,-0.013834,-3.034,0.010034,强势空头排列,-0.61
513060,20250411,0.4345,0.4296,0.444382,0.455686,-0.026086,-5.7246,0.0049,强势空头排列,-1.16
513060,20250410,0.421833,0.426867,0.447145,0.457414,-0.030547,-6.6782,-0.005034,强势空头排列,-1.2
513060,20250409,0.417333,0.432933,0.452891,0.460571,-0.027638,-6.0008,-0.0156,强势空头排列,-1.2
513060,20250408,0.432167,0.449467,0.462055,0.465324,-0.015857,-3.4077,-0.0173,强势空头排列,-0.69
513060,20250407,0.4625,0.471533,0.472855,0.470638,0.000895,0.1902,-0.009033,震荡排列,0.0
513060,20250403,0.489833,0.487467,0.479418,0.473567,0.0139,2.9352,0.002366,中等多头排列,0.73
513060,20250402,0.490667,0.486333,0.477036,0.471705,0.014628,3.1011,0.004334,强势多头排列,0.62
513060,20250401,0.485667,0.480667,0.473382,0.469081,0.011586,2.4699,0.005,中等多头排列,0.61
513060,20250331,0.4745,0.4704,0.468436,0.465733,0.004667,1.0021,0.0041,温和多头排列,0.3
513060,20250328,0.4715,0.466933,0.467509,0.464433,0.0025,0.5383,0.004567,震荡排列,0.0
513060,20250327,0.464333,0.4624,0.466236,0.462905,-0.000505,-0.1091,0.001933,震荡排列,0.0
513060,20250326,0.454833,0.458467,0.464436,0.461338,-0.002871,-0.6223,-0.003634,震荡排列,0.0
513060,20250325,0.4575,0.4634,0.466382,0.461824,0.001576,0.3413,-0.0059,震荡排列,0.0
513060,20250324,0.465833,0.4702,0.468455,0.462376,0.007824,1.6921,-0.004367,中等多头排列,0.42
513060,20250321,0.473667,0.4746,0.468855,0.462124,0.012476,2.6997,-0.000933,中等多头排列,0.67
513060,20250320,0.482,0.478133,0.468564,0.461567,0.016566,3.5891,0.003867,强势多头排列,0.71
513060,20250319,0.477167,0.472467,0.4642,0.458924,0.013543,2.951,0.0047,中等多头排列,0.73
513060,20250318,0.470667,0.465333,0.459655,0.456276,0.009057,1.985,0.005334,中等多头排列,0.49
513060,20250317,0.462167,0.458467,0.455636,0.45399,0.004477,0.9861,0.0037,温和多头排列,0.3
513060,20250314,0.456667,0.4542,0.453236,0.452595,0.001605,0.3546,0.002467,微弱多头排列,0.3
513060,20250313,0.448,0.448933,0.450309,0.450881,-0.001948,-0.432,-0.000933,微弱空头排列,-0.3
513060,20250312,0.449833,0.451267,0.4514,0.450867,0.0004,0.0887,-0.001434,震荡排列,0.0
513060,20250311,0.450667,0.4524,0.452036,0.450243,0.002157,0.4791,-0.001733,微弱多头排列,0.3
513060,20250310,0.453167,0.4532,0.452618,0.449386,0.003814,0.8487,-3.3e-05,微弱多头排列,0.3
513060,20250307,0.456667,0.454,0.453436,0.448424,0.005576,1.2435,0.002667,微弱多头排列,0.3
513060,20250306,0.454833,0.451867,0.453055,0.446529,0.005338,1.1954,0.002966,震荡排列,0.0
513060,20250305,0.448333,0.448867,0.451691,0.443962,0.004905,1.1048,-0.000534,震荡排列,0.0
513060,20250304,0.445,0.4494,0.451582,0.441848,0.007552,1.7092,-0.0044,震荡排列,0.0
513060,20250303,0.448833,0.4524,0.452509,0.44011,0.01229,2.7925,-0.003567,震荡排列,0.0
513060,20250228,0.456667,0.456267,0.4534,0.438167,0.0181,4.1308,0.0004,强势多头排列,0.82
513060,20250227,0.463,0.46,0.453236,0.4356,0.0244,5.6015,0.003,强势多头排列,1.11
513060,20250226,0.456833,0.455667,0.448273,0.4307,0.024967,5.7968,0.001166,强势多头排列,1.15
513060,20250225,0.450833,0.4504,0.442527,0.425581,0.024819,5.8318,0.000433,强势多头排列,1.15
513060,20250224,0.453667,0.450133,0.439218,0.421857,0.028276,6.7027,0.003534,强势多头排列,1.2
513060,20250221,0.452167,0.446867,0.434182,0.417286,0.029581,7.0889,0.0053,强势多头排列,1.2
513060,20250220,0.442,0.4382,0.4266,0.411524,0.026676,6.4822,0.0038,强势多头排列,1.2
513060,20250219,0.4365,0.431333,0.420709,0.406738,0.024595,6.0469,0.005167,强势多头排列,1.19
513060,20250218,0.429833,0.423533,0.414745,0.40211,0.021423,5.3276,0.0063,强势多头排列,1.05
513060,20250217,0.422833,0.416667,0.409545,0.398014,0.018653,4.6865,0.006166,强势多头排列,0.93
513060,20250214,0.410833,0.408133,0.403418,0.393614,0.014519,3.6886,0.0027,强势多头排列,0.73
513060,20250213,0.402333,0.402667,0.398873,0.390233,0.012434,3.1863,-0.000334,强势多头排列,0.63
513060,20250212,0.4025,0.402267,0.396764,0.388219,0.014048,3.6186,0.000233,强势多头排列,0.72
513060,20250211,0.402833,0.4012,0.394418,0.386171,0.015029,3.8918,0.001633,强势多头排列,0.77
513060,20250210,0.403333,0.399333,0.391873,0.384114,0.015219,3.9621,0.004,强势多头排列,0.78
513060,20250207,0.3975,0.393733,0.387636,0.381348,0.012385,3.2477,0.003767,强势多头排列,0.64
513060,20250206,0.3925,0.388867,0.384127,0.379157,0.00971,2.5609,0.003633,中等多头排列,0.64
513060,20250205,0.385,0.382867,0.380291,0.377019,0.005848,1.5511,0.002133,温和多头排列,0.46
513060,20250127,0.381667,0.380333,0.3784,0.376052,0.004281,1.1384,0.001334,温和多头排列,0.34
513060,20250124,0.378667,0.378533,0.376691,0.37541,0.003123,0.8319,0.000134,温和多头排列,0.25
513060,20250123,0.376833,0.377267,0.375291,0.375129,0.002138,0.5699,-0.000434,微弱多头排列,0.3
513060,20250122,0.378167,0.377267,0.374745,0.375414,0.001853,0.4936,0.0009,震荡排列,0.0
513060,20250121,0.3785,0.376533,0.373891,0.375686,0.000847,0.2255,0.001967,震荡排列,0.0
513060,20250120,0.376333,0.3748,0.3726,0.375819,-0.001019,-0.2711,0.001533,震荡排列,0.0
513060,20250117,0.372167,0.371667,0.371109,0.375905,-0.004238,-1.1274,0.0005,震荡排列,0.0
513060,20250116,0.371,0.370133,0.370782,0.376648,-0.006515,-1.7297,0.000867,微弱空头排列,-0.3
513060,20250115,0.370833,0.370133,0.371382,0.377881,-0.007748,-2.0504,0.0007,中等空头排列,-0.51
513060,20250114,0.369667,0.369733,0.372145,0.37911,-0.009377,-2.4734,-6.6e-05,中等空头排列,-0.62
513060,20250113,0.366833,0.3684,0.372709,0.380133,-0.011733,-3.0866,-0.001567,强势空头排列,-0.62
513060,20250110,0.37,0.3714,0.3756,0.382271,-0.010871,-2.8438,-0.0014,中等空头排列,-0.72
513060,20250109,0.372333,0.373733,0.378291,0.384205,-0.010472,-2.7256,-0.0014,中等空头排列,-0.69
513060,20250108,0.373167,0.374933,0.380473,0.38581,-0.010877,-2.8193,-0.001766,中等空头排列,-0.71
513060,20250107,0.376833,0.378467,0.383636,0.387867,-0.0094,-2.4235,-0.001634,中等空头排列,-0.61
513060,20250106,0.379,0.381533,0.386164,0.389586,-0.008053,-2.0671,-0.002533,中等空头排列,-0.52
513060,20250103,0.381,0.384133,0.388164,0.391033,-0.0069,-1.7646,-0.003133,中等空头排列,-0.44
513060,20250102,0.386,0.388333,0.3906,0.392652,-0.004319,-1.1,-0.002333,温和空头排列,-0.33
513060,20241231,0.391333,0.392467,0.392709,0.394071,-0.001604,-0.407,-0.001134,微弱空头排列,-0.3
513060,20241230,0.393333,0.393867,0.393182,0.394686,-0.000819,-0.2075,-0.000534,震荡排列,0.0
513060,20241227,0.394167,0.394067,0.393073,0.395043,-0.000976,-0.2471,0.0001,震荡排列,0.0
513060,20241226,0.395833,0.394467,0.393255,0.395514,-0.001047,-0.2647,0.001366,震荡排列,0.0
513060,20241225,0.393833,0.392867,0.392673,0.395495,-0.002628,-0.6645,0.000966,震荡排列,0.0
513060,20241224,0.392,0.3918,0.392618,0.395671,-0.003871,-0.9783,0.0002,微弱空头排列,-0.3
513060,20241223,0.390333,0.3908,0.392945,0.395924,-0.005124,-1.2942,-0.000467,温和空头排列,-0.39
513060,20241220,0.391167,0.3912,0.394255,0.396543,-0.005343,-1.3474,-3.3e-05,温和空头排列,-0.41
513060,20241219,0.392,0.392133,0.395782,0.397133,-0.005,-1.259,-0.000133,温和空头排列,-0.38
513060,20241218,0.391667,0.393267,0.396982,0.397562,-0.004295,-1.0803,-0.0016,微弱空头排列,-0.3
513060,20241217,0.391667,0.3948,0.398109,0.397919,-0.003119,-0.7838,-0.003133,震荡排列,0.0
513060,20241216,0.395667,0.398333,0.399982,0.398562,-0.000229,-0.0575,-0.002666,震荡排列,0.0
513060,20241213,0.401333,0.4024,0.401818,0.399095,0.003305,0.8281,-0.001067,微弱多头排列,0.3
513060,20241212,0.404667,0.4044,0.402345,0.398943,0.005457,1.3679,0.000267,温和多头排列,0.41
513060,20241211,0.404333,0.403333,0.4014,0.398081,0.005252,1.3193,0.001,温和多头排列,0.39
513060,20241210,0.404167,0.402267,0.400491,0.397305,0.004962,1.2489,0.0019,温和多头排列,0.37
513060,20241209,0.401667,0.4006,0.399127,0.396448,0.004152,1.0473,0.001067,温和多头排列,0.31
513060,20241206,0.398833,0.398933,0.397636,0.395724,0.003209,0.8109,-0.0001,温和多头排列,0.24
513060,20241205,0.396833,0.397533,0.396182,0.395243,0.00229,0.5794,-0.0007,微弱多头排列,0.3
513060,20241204,0.399667,0.3988,0.396255,0.395614,0.003186,0.8053,0.000867,微弱多头排列,0.3
513060,20241203,0.3995,0.3982,0.3954,0.395538,0.002662,0.673,0.0013,震荡排列,0.0
513060,20241202,0.397167,0.3962,0.393982,0.3953,0.0009,0.2277,0.000967,震荡排列,0.0
513060,20241129,0.395333,0.394067,0.392727,0.395267,-0.0012,-0.3036,0.001266,震荡排列,0.0
513060,20241128,0.394,0.392133,0.391982,0.395519,-0.003386,-0.8561,0.001867,震荡排列,0.0
513060,20241127,0.3925,0.391133,0.391636,0.39599,-0.004857,-1.2265,0.001367,微弱空头排列,-0.3
513060,20241126,0.388,0.3896,0.391036,0.39631,-0.00671,-1.6931,-0.0016,中等空头排列,-0.42
513060,20241125,0.387833,0.390067,0.391855,0.397324,-0.007257,-1.8265,-0.002234,中等空头排列,-0.46
513060,20241122,0.391,0.3916,0.393673,0.398786,-0.007186,-1.802,-0.0006,中等空头排列,-0.45
513060,20241121,0.396667,0.3948,0.396564,0.400705,-0.005905,-1.4737,0.001867,温和空头排列,-0.44
513060,20241120,0.393667,0.3932,0.397182,0.401367,-0.008167,-2.0348,0.000467,中等空头排列,-0.51
513060,20241119,0.39,0.391867,0.397927,0.402143,-0.010276,-2.5553,-0.001867,中等空头排列,-0.64
513060,20241118,0.391333,0.3944,0.400436,0.403819,-0.009419,-2.3325,-0.003067,中等空头排列,-0.59
513060,20241115,0.396,0.3992,0.403564,0.405824,-0.006624,-1.6322,-0.0032,中等空头排列,-0.41
513060,20241114,0.4,0.403267,0.405636,0.407395,-0.004128,-1.0133,-0.003267,温和空头排列,-0.3
513060,20241113,0.405667,0.4078,0.407418,0.408824,-0.001024,-0.2505,-0.002133,震荡排列,0.0
513060,20241112,0.410167,0.410533,0.408145,0.4097,0.000833,0.2033,-0.000366,震荡排列,0.0
513060,20241111,0.4125,0.4112,0.407927,0.41,0.0012,0.2927,0.0013,震荡排列,0.0
513060,20241108,0.411667,0.409867,0.407145,0.409952,-8.5e-05,-0.0207,0.0018,震荡排列,0.0
513060,20241107,0.409333,0.407067,0.406309,0.40981,-0.002743,-0.6693,0.002266,震荡排列,0.0
513060,20241106,0.405167,0.4034,0.405491,0.409762,-0.006362,-1.5526,0.001767,温和空头排列,-0.47
513060,20241105,0.4035,0.402333,0.406436,0.410567,-0.008234,-2.0055,0.001167,中等空头排列,-0.5
513060,20241104,0.399667,0.4012,0.407236,0.411438,-0.010238,-2.4883,-0.001533,中等空头排列,-0.63
513060,20241101,0.398667,0.403,0.409218,0.412995,-0.009995,-2.4201,-0.004333,中等空头排列,-0.61
513060,20241031,0.404,0.4084,0.412782,0.415167,-0.006767,-1.6299,-0.0044,中等空头排列,-0.41
513060,20241030,0.410833,0.4134,0.415727,0.416862,-0.003462,-0.8305,-0.002567,微弱空头排列,-0.3
513060,20241029,0.418333,0.418267,0.417982,0.418,0.000267,0.0639,6.6e-05,震荡排列,0.0
513060,20241028,0.4195,0.419333,0.417891,0.417743,0.00159,0.3806,0.000167,微弱多头排列,0.3
513060,20241025,0.418333,0.418467,0.416855,0.41671,0.001757,0.4216,-0.000134,微弱多头排列,0.3
513060,20241024,0.4175,0.418133,0.415873,0.415471,0.002662,0.6407,-0.000633,微弱多头排列,0.3
513060,20241023,0.420167,0.419267,0.416327,0.414524,0.004743,1.1442,0.0009,温和多头排列,0.34
513060,20241022,0.419,0.416667,0.415364,0.412481,0.004186,1.0148,0.002333,温和多头排列,0.3
513060,20241021,0.417167,0.414267,0.415709,0.4104,0.003867,0.9423,0.0029,震荡排列,0.0
513060,20241018,0.4145,0.412667,0.416945,0.408176,0.004491,1.1003,0.001833,震荡排列,0.0
513060,20241017,0.406167,0.4084,0.416764,0.405014,0.003386,0.836,-0.002233,震荡排列,0.0
513060,20241016,0.4085,0.4116,0.4192,0.403171,0.008429,2.0907,-0.0031,震荡排列,0.0
513060,20241015,0.412,0.416,0.420927,0.401029,0.014971,3.7331,-0.004,震荡排列,0.0
513060,20241014,0.419333,0.423667,0.421673,0.398481,0.025186,6.3205,-0.004334,强势多头排列,1.2
513060,20241011,0.4215,0.429133,0.419127,0.394443,0.03469,8.7947,-0.007633,强势多头排列,1.2
513060,20241010,0.434667,0.436067,0.416655,0.390648,0.045419,11.6266,-0.0014,强势多头排列,1.2
513060,20241009,0.44,0.4328,0.409127,0.384538,0.048262,12.5506,0.0072,强势多头排列,1.2
513060,20241008,0.446667,0.428733,0.401927,0.378914,0.049819,13.1478,0.017934,强势多头排列,1.2
513060,20240930,0.421333,0.4058,0.386,0.369257,0.036543,9.8964,0.015533,强势多头排列,1.2
513060,20240927,0.390333,0.382,0.371,0.360567,0.021433,5.9442,0.008333,强势多头排列,1.17
513060,20240926,0.372833,0.368667,0.362382,0.355505,0.013162,3.7023,0.004166,强势多头排列,0.73
513060,20240925,0.364167,0.362,0.357636,0.352667,0.009333,2.6464,0.002167,中等多头排列,0.66
513060,20240924,0.360333,0.358667,0.354818,0.350962,0.007705,2.1954,0.001666,中等多头排列,0.55
513060,20240923,0.357167,0.355867,0.352345,0.349519,0.006348,1.8162,0.0013,中等多头排列,0.45
513060,20240920,0.3555,0.354,0.350564,0.34849,0.00551,1.5811,0.0015,温和多头排列,0.47
513060,20240919,0.353333,0.351733,0.348727,0.347529,0.004204,1.2097,0.0016,温和多头排列,0.36
513060,20240918,0.350833,0.349333,0.347109,0.346748,0.002585,0.7455,0.0015,微弱多头排列,0.3
513060,20240913,0.348833,0.347333,0.345927,0.346281,0.001052,0.3038,0.0015,震荡排列,0.0
513060,20240912,0.346,0.345067,0.344982,0.345938,-0.000871,-0.2518,0.000933,震荡排列,0.0
513060,20240911,0.3445,0.344067,0.3448,0.34599,-0.001923,-0.5558,0.000433,微弱空头排列,-0.3
513060,20240910,0.342833,0.343267,0.344818,0.346148,-0.002881,-0.8323,-0.000434,温和空头排列,-0.25
513060,20240909,0.343167,0.343733,0.345455,0.346638,-0.002905,-0.8381,-0.000566,温和空头排列,-0.25
513060,20240906,0.343667,0.3444,0.346127,0.347181,-0.002781,-0.801,-0.000733,温和空头排列,-0.24
513060,20240905,0.3455,0.3462,0.346909,0.347867,-0.001667,-0.4792,-0.0007,微弱空头排列,-0.3
513060,20240904,0.345333,0.346867,0.346945,0.348195,-0.001328,-0.3814,-0.001534,微弱空头排列,-0.3
513060,20240903,0.347833,0.3484,0.347473,0.348738,-0.000338,-0.0969,-0.000567,震荡排列,0.0
513060,20240902,0.349167,0.348933,0.347564,0.34899,-5.7e-05,-0.0163,0.000234,震荡排列,0.0
513060,20240830,0.351167,0.349733,0.348055,0.349295,0.000438,0.1254,0.001434,震荡排列,0.0
513060,20240829,0.348,0.3468,0.347145,0.348776,-0.001976,-0.5666,0.0012,微弱空头排列,-0.3
513060,20240828,0.346667,0.345267,0.347164,0.348705,-0.003438,-0.9859,0.0014,温和空头排列,-0.3
513060,20240827,0.344833,0.344667,0.347564,0.348814,-0.004147,-1.1889,0.000166,温和空头排列,-0.36
513060,20240826,0.342667,0.344467,0.348073,0.348867,-0.0044,-1.2612,-0.0018,微弱空头排列,-0.3
513060,20240823,0.3425,0.3458,0.349109,0.349086,-0.003286,-0.9413,-0.0033,震荡排列,0.0
513060,20240822,0.348333,0.350733,0.351673,0.349981,0.000752,0.2149,-0.0024,震荡排列,0.0
513060,20240821,0.352833,0.353667,0.353073,0.350176,0.003491,0.9969,-0.000834,微弱多头排列,0.3
513060,20240820,0.355333,0.3544,0.353345,0.349752,0.004648,1.3289,0.000933,微弱多头排列,0.3
513060,20240819,0.356333,0.354467,0.353127,0.3491,0.005367,1.5374,0.001866,温和多头排列,0.46
513060,20240816,0.353167,0.3526,0.351618,0.347938,0.004662,1.3399,0.000567,微弱多头排列,0.3
513060,20240815,0.349833,0.350733,0.35,0.346824,0.003909,1.1271,-0.0009,微弱多头排列,0.3
513060,20240814,0.350667,0.351267,0.349527,0.346386,0.004881,1.4091,-0.0006,温和多头排列,0.42
513060,20240813,0.353167,0.352533,0.349364,0.346148,0.006385,1.8446,0.000634,中等多头排列,0.46
513060,20240812,0.352833,0.351667,0.347964,0.345386,0.006281,1.8185,0.001166,中等多头排列,0.45
513060,20240809,0.351167,0.349333,0.346127,0.344476,0.004857,1.41,0.001834,温和多头排列,0.42
513060,20240808,0.3495,0.346933,0.344436,0.343743,0.00319,0.928,0.002567,微弱多头排列,0.3
513060,20240807,0.346,0.344333,0.342691,0.343057,0.001276,0.3719,0.001667,震荡排列,0.0
513060,20240806,0.342167,0.342133,0.341164,0.34249,-0.000357,-0.1042,3.4e-05,震荡排列,0.0
513060,20240805,0.339333,0.3402,0.340164,0.342167,-0.001967,-0.5749,-0.000867,震荡排列,0.0
513060,20240802,0.342333,0.341467,0.341055,0.342695,-0.001228,-0.3583,0.000866,震荡排列,0.0
513060,20240801,0.342333,0.341333,0.341327,0.342867,-0.001534,-0.4474,0.001,震荡排列,0.0
513060,20240731,0.340833,0.3402,0.3414,0.342833,-0.002633,-0.768,0.000633,温和空头排列,-0.23
513060,20240730,0.3375,0.338133,0.3412,0.342605,-0.004472,-1.3053,-0.000633,温和空头排列,-0.39
513060,20240729,0.339667,0.340067,0.342964,0.343352,-0.003285,-0.9567,-0.0004,微弱空头排列,-0.3
513060,20240726,0.3395,0.341067,0.343873,0.343633,-0.002566,-0.7467,-0.001567,震荡排列,0.0
513060,20240725,0.340167,0.342533,0.344945,0.343924,-0.001391,-0.4044,-0.002366,震荡排列,0.0
513060,20240724,0.344,0.3456,0.346436,0.344433,0.001167,0.3388,-0.0016,震荡排列,0.0
513060,20240723,0.347333,0.348267,0.347255,0.344719,0.003548,1.0292,-0.000934,微弱多头排列,0.3
513060,20240722,0.349833,0.349467,0.3472,0.344643,0.004824,1.3997,0.000366,温和多头排列,0.42
513060,20240719,0.349167,0.348133,0.345782,0.343976,0.004157,1.2085,0.001034,温和多头排列,0.36
513060,20240718,0.349833,0.348267,0.345073,0.343714,0.004553,1.3246,0.001566,温和多头排列,0.4
513060,20240717,0.3465,0.346,0.343236,0.342995,0.003005,0.8761,0.0005,微弱多头排列,0.3
513060,20240716,0.344,0.343333,0.341655,0.342524,0.000809,0.2362,0.000667,震荡排列,0.0
513060,20240715,0.344667,0.3426,0.341291,0.3428,-0.0002,-0.0583,0.002067,震荡排列,0.0
513060,20240712,0.343833,0.3414,0.340909,0.343171,-0.001771,-0.5161,0.002433,震荡排列,0.0
513060,20240711,0.338,0.338,0.339309,0.343043,-0.005043,-1.4701,0.0,温和空头排列,-0.44
513060,20240710,0.335333,0.3372,0.339218,0.343786,-0.006586,-1.9157,-0.001867,中等空头排列,-0.48
513060,20240709,0.338167,0.3394,0.340764,0.345329,-0.005929,-1.7169,-0.001233,中等空头排列,-0.43
513060,20240708,0.34,0.3408,0.341982,0.346695,-0.005895,-1.7003,-0.0008,中等空头排列,-0.43
513060,20240705,0.343667,0.342933,0.343582,0.348295,-0.005362,-1.5395,0.000734,微弱空头排列,-0.3
513060,20240704,0.341333,0.341467,0.343473,0.349033,-0.007566,-2.1677,-0.000134,中等空头排列,-0.54
513060,20240703,0.342333,0.342267,0.344745,0.350467,-0.0082,-2.3397,6.6e-05,中等空头排列,-0.59
513060,20240702,0.341,0.3424,0.345618,0.351619,-0.009219,-2.6219,-0.0014,中等空头排列,-0.66
513060,20240701,0.342333,0.344467,0.347582,0.353238,-0.008771,-2.483,-0.002134,中等空头排列,-0.62
513060,20240628,0.344667,0.3462,0.349564,0.354748,-0.008548,-2.4096,-0.001533,中等空头排列,-0.61
513060,20240627,0.348167,0.3486,0.351945,0.356329,-0.007729,-2.1691,-0.000433,中等空头排列,-0.55
513060,20240626,0.351167,0.351133,0.354327,0.357781,-0.006648,-1.8581,3.4e-05,中等空头排列,-0.47
513060,20240625,0.348833,0.350867,0.355036,0.358324,-0.007457,-2.0811,-0.002034,中等空头排列,-0.52
513060,20240624,0.350167,0.353,0.356855,0.359414,-0.006414,-1.7846,-0.002833,中等空头排列,-0.45
513060,20240621,0.355,0.356867,0.359364,0.360757,-0.00389,-1.0783,-0.001867,温和空头排列,-0.32
513060,20240620,0.358667,0.359867,0.3612,0.361719,-0.001852,-0.512,-0.0012,微弱空头排列,-0.3
513060,20240619,0.3615,0.362067,0.362491,0.36241,-0.000343,-0.0946,-0.000567,震荡排列,0.0
513060,20240618,0.361667,0.362267,0.362745,0.362614,-0.000347,-0.0957,-0.0006,震荡排列,0.0
513060,20240617,0.3635,0.363133,0.363327,0.363167,-3.4e-05,-0.0094,0.000367,震荡排列,0.0
513060,20240614,0.363667,0.363133,0.363291,0.363562,-0.000429,-0.118,0.000534,微弱空头排列,-0.3
513060,20240613,0.362667,0.362867,0.362945,0.363986,-0.001119,-0.3074,-0.0002,微弱空头排列,-0.3
513060,20240612,0.361833,0.362733,0.362473,0.364514,-0.001781,-0.4886,-0.0009,震荡排列,0.0
513060,20240611,0.3625,0.363467,0.362382,0.365381,-0.001914,-0.5238,-0.000967,震荡排列,0.0
513060,20240607,0.365167,0.364733,0.362727,0.366581,-0.001848,-0.5041,0.000434,震荡排列,0.0
513060,20240606,0.365333,0.363933,0.362073,0.367424,-0.003491,-0.9501,0.0014,震荡排列,0.0
513060,20240605,0.364333,0.3626,0.361545,0.368371,-0.005771,-1.5666,0.001733,震荡排列,0.0
513060,20240604,0.361667,0.360333,0.361073,0.369267,-0.008934,-2.4194,0.001334,微弱空头排列,-0.3
513060,20240603,0.358167,0.358267,0.361055,0.370319,-0.012052,-3.2545,-0.0001,强势空头排列,-0.65
513060,20240531,0.358,0.358933,0.362945,0.372157,-0.013224,-3.5533,-0.000933,强势空头排列,-0.72
513060,20240530,0.358,0.359333,0.365218,0.373938,-0.014605,-3.9057,-0.001333,强势空头排列,-0.79
513060,20240529,0.360167,0.3614,0.368455,0.375981,-0.014581,-3.8781,-0.001233,强势空头排列,-0.78
513060,20240528,0.362833,0.364933,0.372218,0.378057,-0.013124,-3.4714,-0.0021,强势空头排列,-0.7
513060,20240527,0.364,0.3676,0.375436,0.379533,-0.011933,-3.1441,-0.0036,强势空头排列,-0.63
513060,20240524,0.367167,0.371867,0.378945,0.380867,-0.009,-2.363,-0.0047,中等空头排列,-0.59
513060,20240523,0.375667,0.379467,0.383727,0.382529,-0.003062,-0.8005,-0.0038,震荡排列,0.0
513060,20240522,0.381667,0.384267,0.3866,0.3829,0.001367,0.357,-0.0026,震荡排列,0.0
513060,20240521,0.386,0.3872,0.388127,0.382381,0.004819,1.2603,-0.0012,震荡排列,0.0
513060,20240520,0.3915,0.390667,0.389436,0.381581,0.009086,2.3811,0.000833,中等多头排列,0.59
513060,20240517,0.389333,0.3896,0.3882,0.3793,0.0103,2.7155,-0.000267,中等多头排列,0.68
513060,20240516,0.389167,0.389533,0.387091,0.377067,0.012466,3.306,-0.000366,强势多头排列,0.66
513060,20240515,0.389,0.389267,0.385655,0.374638,0.014629,3.9048,-0.000267,强势多头排列,0.78
513060,20240514,0.3915,0.3896,0.384545,0.372452,0.017148,4.6041,0.0019,强势多头排列,0.91
513060,20240513,0.3895,0.3866,0.381509,0.369448,0.017152,4.6426,0.0029,强势多头排列,0.92
513060,20240510,0.3865,0.384133,0.378364,0.36661,0.017523,4.7797,0.002367,强势多头排列,0.95
513060,20240509,0.3815,0.380133,0.374473,0.363657,0.016476,4.5306,0.001367,强势多头排列,0.9
513060,20240508,0.377333,0.376133,0.370291,0.360862,0.015271,4.2318,0.0012,强势多头排列,0.84
513060,20240507,0.377833,0.3754,0.367509,0.359152,0.016248,4.524,0.002433,强势多头排列,0.89
513060,20240506,0.375833,0.372267,0.363509,0.35711,0.015157,4.2444,0.003566,强势多头排列,0.84
513060,20240430,0.368167,0.365533,0.357855,0.354538,0.010995,3.1012,0.002634,强势多头排列,0.62
513060,20240429,0.366833,0.362933,0.354618,0.353486,0.009447,2.6725,0.0039,中等多头排列,0.67
513060,20240426,0.36,0.3566,0.350055,0.351943,0.004657,1.3232,0.0034,震荡排列,0.0
513060,20240425,0.354667,0.3508,0.346818,0.351186,-0.000386,-0.1099,0.003867,震荡排列,0.0
513060,20240424,0.350167,0.346267,0.344927,0.351162,-0.004895,-1.3939,0.0039,震荡排列,0.0
513060,20240423,0.3435,0.341933,0.343782,0.351505,-0.009572,-2.7231,0.001567,中等空头排列,-0.68
513060,20240422,0.338,0.338667,0.343855,0.352429,-0.013762,-3.9049,-0.000667,强势空头排列,-0.79
513060,20240419,0.336667,0.3386,0.345727,0.354319,-0.015719,-4.4364,-0.001933,强势空头排列,-0.9
513060,20240418,0.341167,0.3432,0.3498,0.357314,-0.014114,-3.95,-0.002033,强势空头排列,-0.8
513060,20240417,0.3425,0.346133,0.352727,0.359652,-0.013519,-3.7589,-0.003633,强势空头排列,-0.76
513060,20240416,0.345833,0.350267,0.356018,0.362138,-0.011871,-3.278,-0.004434,强势空头排列,-0.66
513060,20240415,0.353667,0.3568,0.360145,0.365048,-0.008248,-2.2594,-0.003133,中等空头排列,-0.57
513060,20240412,0.359667,0.361067,0.363,0.36731,-0.006243,-1.6997,-0.0014,中等空头排列,-0.43
513060,20240411,0.363167,0.363067,0.364618,0.368962,-0.005895,-1.5977,0.0001,中等空头排列,-0.4
513060,20240410,0.3645,0.3642,0.365691,0.370381,-0.006181,-1.6688,0.0003,中等空头排列,-0.42
513060,20240409,0.3635,0.364467,0.366145,0.371486,-0.007019,-1.8894,-0.000967,中等空头排列,-0.47
513060,20240408,0.362333,0.3644,0.366509,0.372533,-0.008133,-2.1832,-0.002067,中等空头排列,-0.55
513060,20240403,0.366167,0.366933,0.3684,0.374195,-0.007262,-1.9407,-0.000766,中等空头排列,-0.49
513060,20240402,0.369,0.368867,0.370127,0.375671,-0.006804,-1.8112,0.000133,中等空头排列,-0.45
513060,20240401,0.3695,0.369333,0.371218,0.376733,-0.0074,-1.9643,0.000167,中等空头排列,-0.49
513060,20240329,0.3675,0.3684,0.371964,0.377529,-0.009129,-2.4181,-0.0009,中等空头排列,-0.61
513060,20240328,0.369333,0.3698,0.374218,0.379005,-0.009205,-2.4287,-0.000467,中等空头排列,-0.61
513060,20240327,0.37,0.3712,0.376364,0.380329,-0.009129,-2.4003,-0.0012,中等空头排列,-0.6
513060,20240326,0.371,0.3736,0.378873,0.381752,-0.008152,-2.1354,-0.0026,中等空头排列,-0.54
513060,20240325,0.373167,0.376133,0.3814,0.383095,-0.006962,-1.8173,-0.002966,中等空头排列,-0.46
513060,20240322,0.3775,0.380133,0.384073,0.384524,-0.004391,-1.1419,-0.002633,微弱空头排列,-0.3
513060,20240321,0.383833,0.385333,0.3868,0.386029,-0.000696,-0.1803,-0.0015,震荡排列,0.0
513060,20240320,0.385167,0.3868,0.386891,0.3863,0.0005,0.1294,-0.001633,震荡排列,0.0
513060,20240319,0.387333,0.3886,0.386982,0.386567,0.002033,0.5259,-0.001267,微弱多头排列,0.3
513060,20240318,0.391667,0.391333,0.387218,0.386881,0.004452,1.1507,0.000334,微弱多头排列,0.3
513060,20240315,0.390333,0.3898,0.385691,0.386119,0.003681,0.9533,0.000533,震荡排列,0.0
513060,20240314,0.3915,0.3886,0.384891,0.3856,0.003,0.778,0.0029,震荡排列,0.0
513060,20240313,0.388333,0.384467,0.383436,0.384548,-8.1e-05,-0.0211,0.003866,震荡排列,0.0
513060,20240312,0.384667,0.381333,0.382727,0.383743,-0.00241,-0.628,0.003334,微弱空头排列,-0.3
513060,20240311,0.375667,0.376467,0.381509,0.382395,-0.005928,-1.5502,-0.0008,微弱空头排列,-0.3
513060,20240308,0.374,0.377067,0.382836,0.382105,-0.005038,-1.3185,-0.003067,震荡排列,0.0
513060,20240307,0.376,0.380333,0.385309,0.382205,-0.001872,-0.4898,-0.004333,震荡排列,0.0
513060,20240306,0.385,0.387133,0.388982,0.382695,0.004438,1.1597,-0.002133,震荡排列,0.0
513060,20240305,0.387333,0.389333,0.389909,0.381667,0.007666,2.0086,-0.002,震荡排列,0.0
513060,20240304,0.393833,0.3934,0.391236,0.380881,0.012519,3.2869,0.000433,强势多头排列,0.65
513060,20240301,0.391833,0.392,0.389309,0.378552,0.013448,3.5525,-0.000167,强势多头排列,0.71
513060,20240229,0.394167,0.3928,0.388127,0.376919,0.015881,4.2134,0.001367,强势多头排列,0.84
513060,20240228,0.391167,0.390133,0.384836,0.374471,0.015662,4.1824,0.001034,强势多头排列,0.83
513060,20240227,0.391167,0.389333,0.382291,0.372657,0.016676,4.4749,0.001834,强势多头排列,0.89
513060,20240226,0.387667,0.3858,0.378,0.370362,0.015438,4.1684,0.001867,强势多头排列,0.83
513060,20240223,0.385667,0.382467,0.373745,0.368548,0.013919,3.7767,0.0032,强势多头排列,0.75
513060,20240222,0.382333,0.378,0.369291,0.367024,0.010976,2.9905,0.004333,中等多头排列,0.74
513060,20240221,0.377,0.3726,0.364582,0.365771,0.006829,1.867,0.0044,震荡排列,0.0
513060,20240220,0.368833,0.3664,0.359909,0.3649,0.0015,0.4111,0.002433,震荡排列,0.0
513060,20240219,0.363667,0.3612,0.357036,0.365243,-0.004043,-1.1069,0.002467,震荡排列,0.0
513060,20240208,0.3605,0.356267,0.355345,0.366452,-0.010185,-2.7794,0.004233,震荡排列,0.0
513060,20240207,0.357167,0.3534,0.355564,0.36869,-0.01529,-4.1471,0.003767,强势空头排列,-0.83
513060,20240206,0.35,0.349533,0.356055,0.371171,-0.021638,-5.8297,0.000467,强势空头排列,-1.18
513060,20240205,0.342,0.345933,0.356945,0.373967,-0.028034,-7.4964,-0.003933,强势空头排列,-1.2
513060,20240202,0.347667,0.352267,0.362655,0.379343,-0.027076,-7.1376,-0.0046,强势空头排列,-1.2
513060,20240201,0.355833,0.359667,0.368709,0.384871,-0.025204,-6.5487,-0.003834,强势空头排列,-1.2
513060,20240131,0.359167,0.364667,0.372982,0.389395,-0.024728,-6.3504,-0.0055,强势空头排列,-1.2
513060,20240130,0.3685,0.373667,0.379091,0.394848,-0.021181,-5.3643,-0.005167,强势空头排列,-1.08
513060,20240129,0.375833,0.3792,0.383709,0.399371,-0.020171,-5.0507,-0.003367,强势空头排列,-1.02
513060,20240126,0.382,0.382467,0.388073,0.403629,-0.021162,-5.2429,-0.000467,强势空头排列,-1.06
513060,20240125,0.39,0.386933,0.393473,0.408271,-0.021338,-5.2264,0.003067,强势空头排列,-1.06
513060,20240124,0.382833,0.3846,0.395436,0.410929,-0.026329,-6.4072,-0.001767,强势空头排列,-1.2
513060,20240123,0.380833,0.386333,0.399873,0.414648,-0.028315,-6.8287,-0.0055,强势空头排列,-1.2
513060,20240122,0.3845,0.391733,0.405655,0.418895,-0.027162,-6.4842,-0.007233,强势空头排列,-1.2
513060,20240119,0.398,0.404133,0.414109,0.424376,-0.020243,-4.7701,-0.006133,强势空头排列,-0.97
513060,20240118,0.4085,0.413467,0.420255,0.428481,-0.015014,-3.504,-0.004967,强势空头排列,-0.71
513060,20240117,0.413333,0.418667,0.4238,0.431052,-0.012385,-2.8732,-0.005334,中等空头排列,-0.72
513060,20240116,0.425667,0.427867,0.429236,0.434405,-0.006538,-1.505,-0.0022,温和空头排列,-0.45
513060,20240115,0.429667,0.430333,0.431345,0.435886,-0.005553,-1.274,-0.000666,微弱空头排列,-0.3
513060,20240112,0.431833,0.4306,0.433055,0.437033,-0.006433,-1.472,0.001233,温和空头排列,-0.44
513060,20240111,0.433167,0.4308,0.435018,0.438219,-0.007419,-1.693,0.002367,中等空头排列,-0.43
513060,20240110,0.428333,0.429267,0.435745,0.438795,-0.009528,-2.1714,-0.000934,中等空头排列,-0.55
513060,20240109,0.425667,0.43,0.437145,0.439843,-0.009843,-2.2378,-0.004333,中等空头排列,-0.56
513060,20240108,0.4285,0.433933,0.439582,0.441481,-0.007548,-1.7097,-0.005433,中等空头排列,-0.43
513060,20240105,0.439167,0.4426,0.443509,0.443938,-0.001338,-0.3014,-0.003433,微弱空头排列,-0.3
513060,20240104,0.446167,0.448267,0.445218,0.445262,0.003005,0.6749,-0.0021,震荡排列,0.0
513060,20240103,0.449,0.449467,0.444764,0.445519,0.003948,0.8862,-0.000467,震荡排列,0.0
513060,20240102,0.4525,0.4492,0.444127,0.445743,0.003457,0.7756,0.0033,震荡排列,0.0
513060,20231229,0.452,0.446533,0.442764,0.445662,0.000871,0.1954,0.005467,震荡排列,0.0
513060,20231228,0.444,0.440267,0.440345,0.44519,-0.004923,-1.1058,0.003733,微弱空头排列,-0.3
513060,20231227,0.434333,0.4342,0.438545,0.445205,-0.011005,-2.4719,0.000133,中等空头排列,-0.62
513060,20231226,0.431167,0.433667,0.439655,0.44691,-0.013243,-2.9632,-0.0025,中等空头排列,-0.75
513060,20231225,0.4345,0.437267,0.4428,0.449843,-0.012576,-2.7956,-0.002767,中等空头排列,-0.7
513060,20231222,0.437333,0.440267,0.445345,0.452619,-0.012352,-2.729,-0.002934,中等空头排列,-0.69
513060,20231221,0.4435,0.445667,0.448618,0.455914,-0.010247,-2.2476,-0.002167,中等空头排列,-0.56
513060,20231220,0.446667,0.449133,0.450509,0.458657,-0.009524,-2.0765,-0.002466,中等空头排列,-0.52
513060,20231219,0.449333,0.451067,0.451764,0.461176,-0.010109,-2.192,-0.001734,微弱空头排列,-0.3
513060,20231218,0.453833,0.453333,0.453255,0.463986,-0.010653,-2.296,0.0005,震荡排列,0.0
513060,20231215,0.456,0.454333,0.454309,0.46669,-0.012357,-2.6478,0.001667,震荡排列,0.0
513060,20231214,0.453,0.452267,0.454564,0.468862,-0.016595,-3.5394,0.000733,强势空头排列,-0.71
513060,20231213,0.4495,0.4504,0.455691,0.471357,-0.020957,-4.4461,-0.0009,强势空头排列,-0.9
513060,20231212,0.451167,0.4524,0.459273,0.475029,-0.022629,-4.7637,-0.001233,强势空头排列,-0.96
513060,20231211,0.452,0.453933,0.463327,0.478681,-0.024748,-5.17,-0.001933,强势空头排列,-1.05
513060,20231208,0.4545,0.456467,0.468291,0.482581,-0.026114,-5.4113,-0.001967,强势空头排列,-1.1
513060,20231207,0.457667,0.461467,0.473964,0.486648,-0.025181,-5.1744,-0.0038,强势空头排列,-1.05
513060,20231206,0.461167,0.468133,0.48,0.49071,-0.022577,-4.6009,-0.006966,强势空头排列,-0.93
513060,20231205,0.467167,0.474933,0.485636,0.494471,-0.019538,-3.9513,-0.007766,强势空头排列,-0.8
513060,20231204,0.480167,0.4856,0.492509,0.49869,-0.01309,-2.6249,-0.005433,中等空头排列,-0.66
513060,20231201,0.494167,0.496267,0.498873,0.5025,-0.006233,-1.2404,-0.0021,温和空头排列,-0.37
513060,20231130,0.496333,0.498067,0.500364,0.503671,-0.005604,-1.1126,-0.001734,温和空头排列,-0.33
513060,20231129,0.499,0.5002,0.501855,0.504733,-0.004533,-0.8981,-0.0012,温和空头排列,-0.27
513060,20231128,0.504,0.5034,0.504109,0.50599,-0.00259,-0.5119,0.0006,微弱空头排列,-0.3
513060,20231127,0.501667,0.501933,0.503818,0.505843,-0.00391,-0.773,-0.000266,温和空头排列,-0.23
513060,20231124,0.502,0.502933,0.504655,0.506248,-0.003315,-0.6548,-0.000933,温和空头排列,-0.2
513060,20231123,0.503333,0.504267,0.5056,0.506562,-0.002295,-0.4531,-0.000934,微弱空头排列,-0.3
513060,20231122,0.503167,0.504267,0.505982,0.506271,-0.002004,-0.3958,-0.0011,微弱空头排列,-0.3
513060,20231121,0.507167,0.507333,0.5078,0.506386,0.000947,0.187,-0.000166,震荡排列,0.0
513060,20231120,0.506833,0.507733,0.508309,0.505524,0.002209,0.437,-0.0009,震荡排列,0.0
513060,20231117,0.507167,0.507467,0.508855,0.5043,0.003167,0.628,-0.0003,震荡排列,0.0
513060,20231116,0.508667,0.507933,0.509655,0.503029,0.004904,0.9749,0.000734,震荡排列,0.0
513060,20231115,0.510333,0.509333,0.5104,0.501633,0.0077,1.535,0.001,震荡排列,0.0
513060,20231114,0.505667,0.5076,0.508945,0.499052,0.008548,1.7128,-0.001933,震荡排列,0.0
513060,20231113,0.506167,0.509067,0.508673,0.497095,0.011972,2.4084,-0.0029,微弱多头排列,0.3
513060,20231110,0.511167,0.513,0.509018,0.49539,0.01761,3.5548,-0.001833,强势多头排列,0.71
513060,20231109,0.5155,0.515133,0.508182,0.49319,0.021943,4.4492,0.000367,强势多头排列,0.88
513060,20231108,0.517333,0.513467,0.505055,0.490205,0.023262,4.7454,0.003866,强势多头排列,0.94
513060,20231107,0.514167,0.508867,0.500218,0.486657,0.02221,4.5638,0.0053,强势多头排列,0.9
513060,20231106,0.508667,0.503733,0.494964,0.483167,0.020566,4.2565,0.004934,强势多头排列,0.84
513060,20231103,0.496333,0.4954,0.487564,0.478967,0.016433,3.4309,0.000933,强势多头排列,0.68
513060,20231102,0.492667,0.492533,0.483,0.476548,0.015985,3.3543,0.000134,强势多头排列,0.67
513060,20231101,0.493833,0.490067,0.479291,0.474824,0.015243,3.2102,0.003766,强势多头排列,0.64
513060,20231031,0.492,0.484933,0.474709,0.472786,0.012147,2.5692,0.007067,中等多头排列,0.64
513060,20231030,0.4855,0.478467,0.470236,0.470833,0.007634,1.6214,0.007033,震荡排列,0.0
513060,20231027,0.471,0.467333,0.464473,0.468267,-0.000934,-0.1995,0.003667,震荡排列,0.0
513060,20231026,0.460667,0.459467,0.461455,0.467033,-0.007566,-1.62,0.0012,中等空头排列,-0.41
513060,20231025,0.461333,0.459667,0.463364,0.468157,-0.00849,-1.8135,0.001666,中等空头排列,-0.46
513060,20231024,0.457667,0.458,0.464473,0.46879,-0.01079,-2.3017,-0.000333,中等空头排列,-0.58
513060,20231023,0.4545,0.458067,0.466036,0.469705,-0.011638,-2.4777,-0.003567,中等空头排列,-0.62
513060,20231020,0.458667,0.463067,0.469764,0.47169,-0.008623,-1.8281,-0.0044,中等空头排列,-0.46
513060,20231019,0.4645,0.468533,0.473091,0.473357,-0.004824,-1.0191,-0.004033,微弱空头排列,-0.3
513060,20231018,0.471667,0.475,0.476218,0.474786,0.000214,0.0451,-0.003333,震荡排列,0.0
513060,20231017,0.478167,0.480067,0.478109,0.475595,0.004472,0.9403,-0.0019,温和多头排列,0.28
513060,20231016,0.4805,0.4804,0.477673,0.475248,0.005152,1.0841,0.0001,温和多头排列,0.32
513060,20231013,0.4845,0.481067,0.477455,0.475038,0.006029,1.2692,0.003433,温和多头排列,0.38
513060,20231012,0.482333,0.4788,0.475582,0.474071,0.004729,0.9975,0.003533,温和多头排列,0.3
513060,20231011,0.474167,0.4738,0.472327,0.472433,0.001367,0.2894,0.000367,震荡排列,0.0
513060,20231010,0.4695,0.471,0.470727,0.471633,-0.000633,-0.1342,-0.0015,震荡排列,0.0
513060,20231009,0.473167,0.472733,0.471745,0.472133,0.0006,0.1271,0.000434,震荡排列,0.0
513060,20230928,0.474333,0.472933,0.472145,0.472271,0.000662,0.1402,0.0014,震荡排列,0.0
513060,20230927,0.473333,0.471333,0.471909,0.472129,-0.000796,-0.1686,0.002,微弱空头排列,-0.3
513060,20230926,0.468667,0.468067,0.470782,0.471648,-0.003581,-0.7593,0.0006,微弱空头排列,-0.3
513060,20230925,0.468,0.469,0.471618,0.472224,-0.003224,-0.6827,-0.001,微弱空头排列,-0.3
513060,20230922,0.466833,0.47,0.472182,0.472648,-0.002648,-0.5602,-0.003167,微弱空头排列,-0.3
513060,20230921,0.468833,0.472267,0.473055,0.473267,-0.001,-0.2113,-0.003434,微弱空头排列,-0.3
513060,20230920,0.477,0.477,0.475055,0.47451,0.00249,0.5248,0.0,微弱多头排列,0.3
513060,20230919,0.480333,0.4778,0.474964,0.474638,0.003162,0.6662,0.002533,微弱多头排列,0.3
513060,20230918,0.477667,0.4756,0.473327,0.473924,0.001676,0.3536,0.002067,震荡排列,0.0
513060,20230915,0.473,0.473,0.471673,0.47311,-0.00011,-0.0233,0.0,震荡排列,0.0
513060,20230914,0.470167,0.470933,0.470709,0.472619,-0.001686,-0.3567,-0.000766,震荡排列,0.0
513060,20230913,0.472333,0.4712,0.471309,0.472943,-0.001743,-0.3685,0.001133,微弱空头排列,-0.3
513060,20230912,0.473833,0.4714,0.472236,0.473324,-0.001924,-0.4065,0.002433,微弱空头排列,-0.3
513060,20230911,0.469833,0.469267,0.472145,0.473081,-0.003814,-0.8062,0.000566,微弱空头排列,-0.3
513060,20230908,0.465167,0.4678,0.472291,0.472976,-0.005176,-1.0943,-0.002633,微弱空头排列,-0.3
513060,20230907,0.467333,0.470333,0.474327,0.473929,-0.003596,-0.7588,-0.003,震荡排列,0.0
513060,20230906,0.472667,0.473933,0.476709,0.475119,-0.001186,-0.2496,-0.001266,震荡排列,0.0
513060,20230905,0.477167,0.477467,0.4782,0.476048,0.001419,0.2981,-0.0003,震荡排列,0.0
513060,20230904,0.4775,0.479267,0.478018,0.476257,0.00301,0.632,-0.001767,微弱多头排列,0.3
513060,20230901,0.477,0.4796,0.476745,0.476119,0.003481,0.7311,-0.0026,微弱多头排列,0.3
513060,20230831,0.4815,0.4812,0.4762,0.476619,0.004581,0.9611,0.0003,震荡排列,0.0
513060,20230830,0.4865,0.482667,0.475745,0.477295,0.005372,1.1255,0.003833,震荡排列,0.0
513060,20230829,0.4825,0.478267,0.473,0.476924,0.001343,0.2816,0.004233,震荡排列,0.0
513060,20230828,0.474167,0.471133,0.469618,0.476429,-0.005296,-1.1116,0.003034,震荡排列,0.0
513060,20230825,0.468667,0.4668,0.468527,0.4773,-0.0105,-2.1999,0.001867,中等空头排列,-0.55
513060,20230824,0.466833,0.4652,0.4694,0.479305,-0.014105,-2.9428,0.001633,中等空头排列,-0.74
513060,20230823,0.460833,0.462733,0.469927,0.481119,-0.018386,-3.8215,-0.0019,强势空头排列,-0.77
513060,20230822,0.462833,0.4664,0.473618,0.484505,-0.018105,-3.7368,-0.003567,强势空头排列,-0.75
513060,20230821,0.465,0.4698,0.476782,0.487614,-0.017814,-3.6533,-0.0048,强势空头排列,-0.74
513060,20230818,0.472667,0.476133,0.481164,0.491276,-0.015143,-3.0824,-0.003466,强势空头排列,-0.62
513060,20230817,0.481167,0.482267,0.485436,0.494605,-0.012338,-2.4945,-0.0011,中等空头排列,-0.63
513060,20230816,0.482833,0.484333,0.487564,0.496548,-0.012215,-2.46,-0.0015,中等空头排列,-0.62
513060,20230815,0.485,0.486867,0.489982,0.498438,-0.011571,-2.3215,-0.001867,中等空头排列,-0.58
513060,20230814,0.486667,0.488067,0.492382,0.499995,-0.011928,-2.3856,-0.0014,中等空头排列,-0.6
513060,20230811,0.490333,0.4898,0.495709,0.501681,-0.011881,-2.3682,0.000533,中等空头排列,-0.6
513060,20230810,0.492167,0.492,0.499218,0.503133,-0.011133,-2.2127,0.000167,中等空头排列,-0.56
513060,20230809,0.489333,0.493067,0.5018,0.503952,-0.010885,-2.1599,-0.003734,中等空头排列,-0.54
513060,20230808,0.489667,0.4954,0.504855,0.504814,-0.009414,-1.8648,-0.005733,震荡排列,0.0
513060,20230807,0.4985,0.503,0.509745,0.506467,-0.003467,-0.6845,-0.0045,震荡排列,0.0
513060,20230804,0.509667,0.512467,0.514436,0.507933,0.004534,0.8926,-0.0028,震荡排列,0.0
513060,20230803,0.512333,0.5158,0.514873,0.507195,0.008605,1.6966,-0.003467,微弱多头排列,0.3
513060,20230802,0.515667,0.5182,0.514345,0.506067,0.012133,2.3975,-0.002533,中等多头排列,0.6
513060,20230801,0.524833,0.5224,0.514418,0.505381,0.017019,3.3676,0.002433,强势多头排列,0.67
513060,20230731,0.523667,0.519733,0.510873,0.503005,0.016728,3.3256,0.003934,强势多头排列,0.66
513060,20230728,0.519333,0.5148,0.506527,0.500371,0.014429,2.8837,0.004533,中等多头排列,0.72
513060,20230727,0.5105,0.507067,0.501291,0.497371,0.009696,1.9495,0.003433,中等多头排列,0.49
513060,20230726,0.505833,0.5024,0.498382,0.495552,0.006848,1.3819,0.003433,温和多头排列,0.41
513060,20230725,0.500833,0.4978,0.495709,0.493995,0.003805,0.7703,0.003033,温和多头排列,0.23
513060,20230724,0.4945,0.493467,0.493309,0.492648,0.000819,0.1662,0.001033,微弱多头排列,0.3
513060,20230721,0.492167,0.492133,0.492582,0.49221,-7.7e-05,-0.0156,3.4e-05,震荡排列,0.0
513060,20230720,0.490333,0.491333,0.491873,0.491838,-0.000505,-0.1027,-0.001,震荡排列,0.0
513060,20230719,0.491833,0.493333,0.492273,0.49211,0.001223,0.2485,-0.0015,微弱多头排列,0.3
513060,20230718,0.494167,0.494467,0.492673,0.492424,0.002043,0.4149,-0.0003,微弱多头排列,0.3
513060,20230717,0.495,0.493667,0.492418,0.492424,0.001243,0.2524,0.001333,震荡排列,0.0
513060,20230714,0.496333,0.494,0.492891,0.492905,0.001095,0.2222,0.002333,震荡排列,0.0
513060,20230713,0.493,0.4912,0.491945,0.492748,-0.001548,-0.3142,0.0018,微弱空头排列,-0.3
513060,20230712,0.486,0.486667,0.490091,0.492338,-0.005671,-1.1519,-0.000667,温和空头排列,-0.35
513060,20230711,0.489167,0.489667,0.491727,0.493857,-0.00419,-0.8484,-0.0005,温和空头排列,-0.26
513060,20230710,0.487667,0.490867,0.491709,0.494629,-0.003762,-0.7606,-0.0032,微弱空头排列,-0.3
513060,20230707,0.489667,0.493267,0.492218,0.495767,-0.0025,-0.5043,-0.0036,震荡排列,0.0
513060,20230706,0.4965,0.4966,0.493145,0.49721,-0.00061,-0.1227,-0.0001,震荡排列,0.0
513060,20230705,0.5015,0.498,0.4936,0.498333,-0.000333,-0.0668,0.0035,震荡排列,0.0
513060,20230704,0.499833,0.495,0.492582,0.498548,-0.003548,-0.7117,0.004833,震荡排列,0.0
513060,20230703,0.489,0.487733,0.490291,0.497919,-0.010186,-2.0457,0.001267,中等空头排列,-0.51
513060,20230630,0.486,0.4862,0.491655,0.499043,-0.012843,-2.5735,-0.0002,中等空头排列,-0.65
513060,20230629,0.4835,0.484933,0.493455,0.500276,-0.015343,-3.0669,-0.001433,强势空头排列,-0.62
513060,20230628,0.4865,0.4882,0.497382,0.502486,-0.014286,-2.8431,-0.0017,中等空头排列,-0.72
513060,20230627,0.488833,0.4928,0.501182,0.5045,-0.0117,-2.3191,-0.003967,中等空头排列,-0.58
513060,20230626,0.4905,0.498,0.504327,0.506043,-0.008043,-1.5894,-0.0075,温和空头排列,-0.48
513060,20230621,0.499,0.505867,0.508345,0.508005,-0.002138,-0.4209,-0.006867,震荡排列,0.0
513060,20230620,0.513167,0.514067,0.512382,0.509943,0.004124,0.8087,-0.0009,温和多头排列,0.24
513060,20230619,0.521167,0.517533,0.513673,0.510581,0.006952,1.3616,0.003634,温和多头排列,0.41
513060,20230616,0.519167,0.5152,0.512055,0.509843,0.005357,1.0507,0.003967,温和多头排列,0.31
513060,20230615,0.508667,0.508533,0.508309,0.508114,0.000419,0.0825,0.000134,微弱多头排列,0.3
513060,20230614,0.505833,0.507067,0.507418,0.508062,-0.000995,-0.1958,-0.001234,微弱空头排列,-0.3
513060,20230613,0.508667,0.508667,0.507782,0.508905,-0.000238,-0.0468,0.0,震荡排列,0.0
513060,20230612,0.509,0.5086,0.507382,0.509538,-0.000938,-0.1841,0.0004,震荡排列,0.0
513060,20230609,0.510333,0.509,0.507091,0.510424,-0.001424,-0.279,0.001333,震荡排列,0.0
513060,20230608,0.506333,0.506933,0.505473,0.510743,-0.00381,-0.746,-0.0006,震荡排列,0.0
513060,20230607,0.5075,0.507467,0.505673,0.512067,-0.0046,-0.8983,3.3e-05,震荡排列,0.0
513060,20230606,0.5065,0.5052,0.505218,0.513067,-0.007867,-1.5333,0.0013,微弱空头排列,-0.3
513060,20230605,0.508333,0.505467,0.506545,0.514905,-0.009438,-1.833,0.002866,微弱空头排列,-0.3
513060,20230602,0.5045,0.503333,0.507164,0.51641,-0.013077,-2.5323,0.001167,中等空头排列,-0.64
513060,20230601,0.498167,0.500133,0.5074,0.517857,-0.017724,-3.4226,-0.001966,强势空头排列,-0.69
513060,20230531,0.499,0.502333,0.510455,0.520814,-0.018481,-3.5485,-0.003333,强势空头排列,-0.72
513060,20230530,0.505833,0.5086,0.515309,0.524657,-0.016057,-3.0605,-0.002767,强势空头排列,-0.62
513060,20230529,0.507667,0.5122,0.518491,0.527505,-0.015305,-2.9014,-0.004533,中等空头排列,-0.73
513060,20230526,0.5145,0.5186,0.522891,0.530871,-0.012271,-2.3115,-0.0041,中等空头排列,-0.58
513060,20230525,0.520667,0.523,0.526273,0.533638,-0.010638,-1.9935,-0.002333,中等空头排列,-0.5
513060,20230524,0.527333,0.526667,0.529309,0.536257,-0.00959,-1.7883,0.000666,中等空头排列,-0.45
513060,20230523,0.529,0.527867,0.531036,0.5382,-0.010333,-1.9199,0.001133,中等空头排列,-0.48
513060,20230522,0.526,0.5276,0.531636,0.539671,-0.012071,-2.2367,-0.0016,中等空头排列,-0.56
513060,20230519,0.523833,0.528333,0.532945,0.541476,-0.013143,-2.4273,-0.0045,中等空头排列,-0.61
513060,20230518,0.53,0.533,0.5366,0.544452,-0.011452,-2.1034,-0.003,中等空头排列,-0.53
513060,20230517,0.537333,0.537467,0.540291,0.547457,-0.00999,-1.8248,-0.000134,中等空头排列,-0.46
513060,20230516,0.541167,0.539933,0.543018,0.549986,-0.010053,-1.8279,0.001234,中等空头排列,-0.46
513060,20230515,0.537667,0.538067,0.5438,0.551581,-0.013514,-2.45,-0.0004,中等空头排列,-0.62
513060,20230512,0.5365,0.5388,0.545527,0.553719,-0.014919,-2.6943,-0.0023,中等空头排列,-0.68
513060,20230511,0.5385,0.542867,0.548345,0.556505,-0.013638,-2.4507,-0.004367,中等空头排列,-0.62
513060,20230510,0.543833,0.547933,0.551491,0.55939,-0.011457,-2.0481,-0.0041,中等空头排列,-0.51
513060,20230509,0.549167,0.552133,0.553909,0.561843,-0.00971,-1.7282,-0.002966,中等空头排列,-0.43
513060,20230508,0.558833,0.558533,0.557473,0.564619,-0.006086,-1.0779,0.0003,震荡排列,0.0
513060,20230505,0.5585,0.5578,0.557782,0.56539,-0.00759,-1.3424,0.0007,震荡排列,0.0
513060,20230504,0.557167,0.555733,0.5584,0.565933,-0.0102,-1.8023,0.001434,中等空头排列,-0.45
513060,20230428,0.557167,0.555533,0.560364,0.566786,-0.011253,-1.9854,0.001634,中等空头排列,-0.5
513060,20230427,0.553333,0.554533,0.562382,0.567286,-0.012753,-2.2481,-0.0012,中等空头排列,-0.57
513060,20230426,0.551667,0.5552,0.565327,0.567938,-0.012738,-2.2429,-0.003533,中等空头排列,-0.56
513060,20230425,0.554167,0.5594,0.569582,0.569062,-0.009662,-1.6979,-0.005233,震荡排列,0.0
513060,20230424,0.564667,0.568733,0.575582,0.570924,-0.002191,-0.3838,-0.004066,震荡排列,0.0
513060,20230421,0.568333,0.573467,0.578364,0.570914,0.002553,0.4472,-0.005134,震荡排列,0.0
513060,20230420,0.577167,0.580867,0.581673,0.571057,0.00981,1.7179,-0.0037,震荡排列,0.0
513060,20230419,0.584,0.586,0.582709,0.570195,0.015805,2.7719,-0.002,中等多头排列,0.69
513060,20230418,0.588833,0.588067,0.581527,0.568457,0.01961,3.4497,0.000766,强势多头排列,0.68
513060,20230417,0.590333,0.586733,0.578073,0.56581,0.020923,3.6979,0.0036,强势多头排列,0.73
513060,20230414,0.587667,0.583533,0.573182,0.562719,0.020814,3.6988,0.004134,强势多头排列,0.73
513060,20230413,0.5805,0.578267,0.567073,0.559276,0.018991,3.3956,0.002233,强势多头排列,0.67
513060,20230412,0.5735,0.5716,0.560982,0.556105,0.015495,2.7863,0.0019,中等多头排列,0.69
513060,20230411,0.573,0.5672,0.557018,0.554157,0.013043,2.3537,0.0058,中等多头排列,0.59
513060,20230410,0.57,0.5612,0.5534,0.552414,0.008786,1.5905,0.0088,微弱多头排列,0.3
513060,20230407,0.5575,0.5508,0.548218,0.550029,0.000771,0.1402,0.0067,震荡排列,0.0
513060,20230406,0.5415,0.540667,0.543818,0.548238,-0.007571,-1.381,0.000833,温和空头排列,-0.42
513060,20230404,0.5365,0.538667,0.544036,0.548876,-0.010209,-1.86,-0.002167,中等空头排列,-0.47
513060,20230403,0.537167,0.540533,0.546218,0.550624,-0.010091,-1.8326,-0.003366,中等空头排列,-0.46
513060,20230331,0.543667,0.546267,0.549564,0.553295,-0.007028,-1.2702,-0.0026,温和空头排列,-0.38
513060,20230330,0.547333,0.549667,0.551564,0.5554,-0.005733,-1.0322,-0.002334,温和空头排列,-0.31
513060,20230329,0.5515,0.552333,0.553073,0.557357,-0.005024,-0.9014,-0.000833,微弱空头排列,-0.3
513060,20230328,0.554,0.554467,0.554145,0.559186,-0.004719,-0.8439,-0.000467,震荡排列,0.0
513060,20230327,0.556,0.556267,0.554855,0.560976,-0.004709,-0.8394,-0.000267,震荡排列,0.0
513060,20230324,0.553667,0.553467,0.553818,0.56201,-0.008543,-1.5201,0.0002,微弱空头排列,-0.3
513060,20230323,0.556667,0.554067,0.554618,0.564086,-0.010019,-1.7761,0.0026,微弱空头排列,-0.3
513060,20230322,0.555167,0.553933,0.555273,0.566067,-0.012134,-2.1436,0.001234,微弱空头排列,-0.3
513060,20230321,0.5495,0.551733,0.554945,0.567524,-0.015791,-2.7824,-0.002233,中等空头排列,-0.7
513060,20230320,0.546667,0.550867,0.556164,0.569657,-0.01879,-3.2985,-0.0042,强势空头排列,-0.66
513060,20230317,0.558667,0.557867,0.562291,0.574038,-0.016171,-2.8171,0.0008,中等空头排列,-0.71
513060,20230316,0.559167,0.5582,0.565418,0.576605,-0.018405,-3.192,0.000967,强势空头排列,-0.64
513060,20230315,0.5585,0.5594,0.569018,0.579248,-0.019848,-3.4265,-0.0009,强势空头排列,-0.69
513060,20230314,0.553833,0.559067,0.572018,0.581376,-0.022309,-3.8373,-0.005234,强势空头排列,-0.77
513060,20230313,0.560333,0.566067,0.578145,0.585138,-0.019071,-3.2592,-0.005734,强势空头排列,-0.66
513060,20230310,0.569167,0.575533,0.584218,0.588905,-0.013372,-2.2707,-0.006366,中等空头排列,-0.57
513060,20230309,0.578833,0.585,0.589345,0.592152,-0.007152,-1.2078,-0.006167,温和空头排列,-0.36
513060,20230308,0.5865,0.591,0.592255,0.59431,-0.00331,-0.5569,-0.0045,微弱空头排列,-0.3
513060,20230307,0.597833,0.598333,0.595236,0.596581,0.001752,0.2937,-0.0005,震荡排列,0.0
513060,20230306,0.602667,0.600467,0.5958,0.597676,0.002791,0.467,0.0022,震荡排列,0.0
513060,20230303,0.599333,0.595933,0.593673,0.597424,-0.001491,-0.2496,0.0034,震荡排列,0.0
513060,20230302,0.594833,0.591933,0.592164,0.597795,-0.005862,-0.9806,0.0029,微弱空头排列,-0.3
513060,20230301,0.592167,0.5906,0.592109,0.599233,-0.008633,-1.4407,0.001567,微弱空头排列,-0.3
513060,20230228,0.5835,0.585867,0.590509,0.600095,-0.014228,-2.371,-0.002367,中等空头排列,-0.6
513060,20230227,0.586167,0.588467,0.592927,0.602938,-0.014471,-2.4001,-0.0023,中等空头排列,-0.6
513060,20230224,0.5915,0.593533,0.596327,0.606281,-0.012748,-2.1027,-0.002033,中等空头排列,-0.53
513060,20230223,0.593667,0.596,0.598509,0.609057,-0.013057,-2.1438,-0.002333,中等空头排列,-0.54
513060,20230222,0.596167,0.597133,0.600564,0.6117,-0.014567,-2.3814,-0.000966,中等空头排列,-0.6
513060,20230221,0.601,0.599667,0.603709,0.614886,-0.015219,-2.4751,0.001333,中等空头排列,-0.62
513060,20230220,0.601667,0.600933,0.606055,0.617633,-0.0167,-2.7039,0.000734,中等空头排列,-0.68
513060,20230217,0.5955,0.599333,0.606855,0.619657,-0.020324,-3.2799,-0.003833,强势空头排列,-0.66
513060,20230216,0.598333,0.602867,0.610873,0.6231,-0.020233,-3.2472,-0.004534,强势空头排列,-0.65
513060,20230215,0.605667,0.609267,0.616418,0.626895,-0.017628,-2.812,-0.0036,中等空头排列,-0.71
513060,20230214,0.614167,0.616267,0.622218,0.630614,-0.014347,-2.2751,-0.0021,中等空头排列,-0.57
513060,20230213,0.616333,0.618267,0.625018,0.63281,-0.014543,-2.2982,-0.001934,中等空头排列,-0.58
513060,20230210,0.619,0.620467,0.6282,0.635005,-0.014538,-2.2894,-0.001467,中等空头排列,-0.58
513060,20230209,0.6245,0.626,0.632436,0.637438,-0.011438,-1.7944,-0.0015,中等空头排列,-0.45
513060,20230208,0.622333,0.628933,0.634473,0.638562,-0.009629,-1.5079,-0.0066,温和空头排列,-0.45
513060,20230207,0.6285,0.6352,0.638036,0.640281,-0.005081,-0.7936,-0.0067,温和空头排列,-0.24
513060,20230206,0.638833,0.640133,0.641455,0.641638,-0.001505,-0.2346,-0.0013,微弱空头排列,-0.3
513060,20230203,0.652667,0.646933,0.645655,0.642976,0.003957,0.6154,0.005734,微弱多头排列,0.3
513060,20230202,0.645833,0.6436,0.644418,0.641219,0.002381,0.3713,0.002233,震荡排列,0.0
513060,20230201,0.6345,0.6378,0.641727,0.63869,-0.00089,-0.1393,-0.0033,震荡排列,0.0
513060,20230131,0.633333,0.637933,0.642127,0.637543,0.00039,0.0612,-0.0046,震荡排列,0.0
513060,20230130,0.647667,0.6472,0.6468,0.638324,0.008876,1.3905,0.000467,微弱多头排列,0.3
513060,20230120,0.648333,0.648133,0.646364,0.636252,0.011881,1.8673,0.0002,微弱多头排列,0.3
513060,20230119,0.645667,0.6476,0.644509,0.633376,0.014224,2.2457,-0.001933,中等多头排列,0.56
513060,20230118,0.647167,0.647533,0.643309,0.63061,0.016923,2.6836,-0.000366,中等多头排列,0.67
513060,20230117,0.650667,0.647533,0.641945,0.627538,0.019995,3.1863,0.003134,强势多头排列,0.63
513060,20230116,0.650667,0.6464,0.639709,0.624005,0.022395,3.5889,0.004267,强势多头排列,0.71
513060,20230113,0.643167,0.640533,0.634618,0.619238,0.021295,3.4389,0.002634,强势多头排列,0.68
513060,20230112,0.633333,0.633267,0.628964,0.614348,0.018919,3.0795,6.6e-05,强势多头排列,0.61
513060,20230111,0.637667,0.634933,0.627455,0.611805,0.023128,3.7803,0.002734,强势多头排列,0.75
513060,20230110,0.6325,0.631267,0.622673,0.607852,0.023415,3.8521,0.001233,强势多头排列,0.76
513060,20230109,0.6305,0.6282,0.618255,0.604452,0.023748,3.9288,0.0023,强势多头排列,0.78
513060,20230106,0.6265,0.6224,0.612782,0.600852,0.021548,3.5862,0.0041,强势多头排列,0.71
513060,20230105,0.626,0.619267,0.608745,0.598314,0.020953,3.502,0.006733,强势多头排列,0.69
513060,20230104,0.6155,0.610733,0.601927,0.594714,0.016019,2.6936,0.004767,中等多头排列,0.67
513060,20230103,0.604167,0.601867,0.595018,0.591471,0.010396,1.7577,0.0023,中等多头排列,0.44
513060,20221230,0.599833,0.5974,0.590673,0.58991,0.00749,1.2697,0.002433,微弱多头排列,0.3
513060,20221229,0.598667,0.595133,0.587927,0.5891,0.006033,1.0241,0.003534,震荡排列,0.0
513060,20221228,0.592333,0.590133,0.584182,0.587781,0.002352,0.4001,0.0022,震荡排列,0.0
513060,20221227,0.588,0.585667,0.5818,0.586995,-0.001328,-0.2262,0.002333,震荡排列,0.0
513060,20221226,0.584667,0.580867,0.580582,0.586576,-0.005709,-0.9733,0.0038,震荡排列,0.0
513060,20221223,0.582333,0.5774,0.581109,0.586633,-0.009233,-1.5739,0.004933,温和空头排列,-0.47
513060,20221222,0.574167,0.5736,0.581564,0.58619,-0.01259,-2.1478,0.000567,中等空头排列,-0.54
513060,20221221,0.566333,0.571867,0.583364,0.586067,-0.0142,-2.4229,-0.005534,中等空头排列,-0.61
513060,20221220,0.569667,0.5766,0.587891,0.587076,-0.010476,-1.7844,-0.006933,震荡排列,0.0
513060,20221219,0.5815,0.586933,0.594236,0.588776,-0.001843,-0.313,-0.005433,震荡排列,0.0
513060,20221216,0.594667,0.597333,0.599709,0.589738,0.007595,1.2879,-0.002666,震荡排列,0.0
513060,20221215,0.595167,0.599467,0.599727,0.587943,0.011524,1.9601,-0.0043,震荡排列,0.0
513060,20221214,0.603833,0.6058,0.601164,0.586933,0.018867,3.2145,-0.001967,强势多头排列,0.64
513060,20221213,0.608,0.607,0.599636,0.584605,0.022395,3.8308,0.001,强势多头排列,0.76
513060,20221212,0.610333,0.605267,0.596709,0.581781,0.023486,4.0369,0.005066,强势多头排列,0.8
513060,20221209,0.606667,0.601267,0.591673,0.578267,0.023,3.9774,0.0054,强势多头排列,0.79
513060,20221208,0.596167,0.593867,0.5848,0.57411,0.019757,3.4413,0.0023,强势多头排列,0.68
513060,20221207,0.588333,0.5868,0.578164,0.57019,0.01661,2.9131,0.001533,中等多头排列,0.72
513060,20221206,0.587,0.584,0.573855,0.567567,0.016433,2.8953,0.003,中等多头排列,0.72
513060,20221205,0.588833,0.583,0.570364,0.565481,0.017519,3.0981,0.005833,强势多头排列,0.62
513060,20221202,0.575167,0.571533,0.562745,0.56121,0.010323,1.8394,0.003634,微弱多头排列,0.3
513060,20221201,0.572,0.565733,0.559509,0.558981,0.006752,1.2079,0.006267,微弱多头排列,0.3
513060,20221130,0.564,0.558467,0.5564,0.556529,0.001938,0.3482,0.005533,震荡排列,0.0
513060,20221129,0.555667,0.552467,0.555036,0.55459,-0.002123,-0.3828,0.0032,震荡排列,0.0
513060,20221128,0.544167,0.545,0.553909,0.552286,-0.007286,-1.3192,-0.000833,震荡排列,0.0
513060,20221125,0.545167,0.547533,0.557527,0.551881,-0.004348,-0.7879,-0.002366,震荡排列,0.0
513060,20221124,0.547833,0.553133,0.561436,0.551286,0.001847,0.335,-0.0053,震荡排列,0.0
513060,20221123,0.551167,0.558,0.563473,0.54969,0.00831,1.5118,-0.006833,震荡排列,0.0
513060,20221122,0.560667,0.566,0.5654,0.547962,0.018038,3.2918,-0.005333,微弱多头排列,0.3
513060,20221121,0.575167,0.576667,0.567291,0.545924,0.030743,5.6314,-0.0015,强势多头排列,1.11
513060,20221118,0.577333,0.5774,0.563509,0.540638,0.036762,6.7997,-6.7e-05,强势多头排列,1.2
513060,20221117,0.578,0.574133,0.558055,0.534538,0.039595,7.4073,0.003867,强势多头排列,1.2
513060,20221116,0.579833,0.568733,0.552345,0.528443,0.04029,7.6243,0.0111,强势多头排列,1.2
513060,20221115,0.5685,0.555467,0.5434,0.520805,0.034662,6.6555,0.013033,强势多头排列,1.2
513060,20221114,0.547833,0.540067,0.533364,0.513029,0.027038,5.2703,0.007766,强势多头排列,1.04
513060,20221111,0.527833,0.528467,0.524382,0.506333,0.022134,4.3714,-0.000634,强势多头排列,0.87
513060,20221110,0.520667,0.525067,0.518927,0.50189,0.023177,4.6179,-0.0044,强势多头排列,0.92
513060,20221109,0.528833,0.528533,0.5168,0.499181,0.029352,5.88,0.0003,强势多头排列,1.16
513060,20221108,0.535333,0.53,0.513,0.495643,0.034357,6.9318,0.005333,强势多头排列,1.2
513060,20221107,0.531167,0.524267,0.505509,0.490424,0.033843,6.9008,0.0069,强势多头排列,1.2
513060,20221104,0.518667,0.5106,0.494927,0.483952,0.026648,5.5063,0.008067,强势多头排列,1.09
513060,20221103,0.508333,0.498,0.486545,0.478643,0.019357,4.0441,0.010333,强势多头排列,0.8
513060,20221102,0.498833,0.489067,0.480618,0.474686,0.014381,3.0296,0.009766,强势多头排列,0.6
513060,20221101,0.476833,0.475333,0.472764,0.469786,0.005547,1.1808,0.0015,温和多头排列,0.35
513060,20221031,0.465333,0.467933,0.469473,0.467148,0.000785,0.168,-0.0026,震荡排列,0.0
513060,20221028,0.4705,0.469133,0.471436,0.46711,0.002023,0.4331,0.001367,震荡排列,0.0
513060,20221027,0.476,0.472333,0.473745,0.4671,0.005233,1.1203,0.003667,震荡排列,0.0
513060,20221026,0.4685,0.469533,0.472255,0.465376,0.004157,0.8933,-0.001033,震荡排列,0.0
513060,20221025,0.462333,0.4668,0.470182,0.463614,0.003186,0.6872,-0.004467,震荡排列,0.0
513060,20221024,0.467333,0.472133,0.471018,0.463652,0.008481,1.8292,-0.0048,微弱多头排列,0.3
513060,20221021,0.4815,0.4818,0.473255,0.464662,0.017138,3.6883,-0.0003,强势多头排列,0.73
513060,20221020,0.479,0.478733,0.468455,0.462362,0.016371,3.5407,0.000267,强势多头排列,0.7
513060,20221019,0.482667,0.477733,0.465636,0.461424,0.016309,3.5345,0.004934,强势多头排列,0.7
513060,20221018,0.481833,0.472533,0.461327,0.46,0.012533,2.7246,0.0093,微弱多头排列,0.3
513060,20221017,0.466333,0.459933,0.454364,0.457524,0.002409,0.5265,0.0064,震荡排列,0.0
513060,20221014,0.456667,0.4518,0.450618,0.4572,-0.0054,-1.1811,0.004867,震荡排列,0.0
513060,20221013,0.4425,0.4426,0.446636,0.457157,-0.014557,-3.1842,-0.0001,强势空头排列,-0.64
513060,20221012,0.443667,0.4446,0.448636,0.460433,-0.015833,-3.4387,-0.000933,强势空头排列,-0.69
513060,20221011,0.441833,0.445,0.4498,0.463376,-0.018376,-3.9657,-0.003167,强势空头排列,-0.8
513060,20221010,0.445,0.449067,0.452745,0.467252,-0.018185,-3.8919,-0.004067,强势空头排列,-0.78
513060,20220930,0.452333,0.454467,0.456727,0.471748,-0.017281,-3.6632,-0.002134,强势空头排列,-0.74
513060,20220929,0.456833,0.456067,0.459473,0.4756,-0.019533,-4.107,0.000766,强势空头排列,-0.83
513060,20220928,0.459167,0.457067,0.462527,0.479581,-0.022514,-4.6945,0.0021,强势空头排列,-0.95
513060,20220927,0.457333,0.457267,0.4654,0.483443,-0.026176,-5.4145,6.6e-05,强势空头排列,-1.1
513060,20220926,0.450333,0.455667,0.467636,0.486895,-0.031228,-6.4137,-0.005334,强势空头排列,-1.2
513060,20220923,0.4555,0.461533,0.474327,0.492433,-0.0309,-6.275,-0.006033,强势空头排列,-1.2
513060,20220922,0.466333,0.470667,0.482327,0.498467,-0.0278,-5.5771,-0.004334,强势空头排列,-1.13
513060,20220921,0.4745,0.478867,0.489382,0.503738,-0.024871,-4.9373,-0.004367,强势空头排列,-1.0
513060,20220920,0.480167,0.484867,0.495091,0.508143,-0.023276,-4.5806,-0.0047,强势空头排列,-0.93
513060,20220919,0.485333,0.490333,0.500036,0.512052,-0.021719,-4.2416,-0.005,强势空头排列,-0.86
513060,20220916,0.495667,0.5,0.506491,0.516524,-0.016524,-3.1991,-0.004333,强势空头排列,-0.64
513060,20220915,0.501167,0.505533,0.510818,0.519695,-0.014162,-2.7251,-0.004366,中等空头排列,-0.69
513060,20220914,0.506667,0.509533,0.514418,0.522324,-0.012791,-2.4489,-0.002866,中等空头排列,-0.62
513060,20220913,0.515167,0.515467,0.519018,0.525386,-0.009919,-1.8879,-0.0003,中等空头排列,-0.47
513060,20220909,0.518167,0.517467,0.521782,0.527433,-0.009966,-1.8895,0.0007,中等空头排列,-0.47
513060,20220908,0.5135,0.515467,0.5226,0.528386,-0.012919,-2.445,-0.001967,中等空头排列,-0.61
513060,20220907,0.517,0.5198,0.526364,0.530881,-0.011081,-2.0873,-0.0028,中等空头排列,-0.52
513060,20220906,0.519,0.523333,0.528891,0.5328,-0.009467,-1.7768,-0.004333,中等空头排列,-0.45
513060,20220905,0.524,0.527933,0.531636,0.534919,-0.006986,-1.306,-0.003933,温和空头排列,-0.39
513060,20220902,0.532833,0.534067,0.534709,0.537252,-0.003185,-0.5928,-0.001234,微弱空头排列,-0.3
513060,20220901,0.536333,0.5374,0.535691,0.538605,-0.001205,-0.2237,-0.001067,震荡排列,0.0
513060,20220831,0.537667,0.538533,0.535655,0.539452,-0.000919,-0.1704,-0.000866,震荡排列,0.0
513060,20220830,0.537667,0.5366,0.534818,0.53979,-0.00319,-0.591,0.001067,震荡排列,0.0
513060,20220829,0.541,0.536733,0.535545,0.540786,-0.004053,-0.7495,0.004267,震荡排列,0.0
513060,20220826,0.537333,0.5342,0.535327,0.541148,-0.006948,-1.2839,0.003133,微弱空头排列,-0.3
513060,20220825,0.527167,0.528467,0.533964,0.540852,-0.012385,-2.2899,-0.0013,中等空头排列,-0.58
513060,20220824,0.525,0.5282,0.535727,0.542186,-0.013986,-2.5796,-0.0032,中等空头排列,-0.65
513060,20220823,0.531833,0.534067,0.540164,0.544995,-0.010928,-2.0052,-0.002234,中等空头排列,-0.5
513060,20220822,0.535333,0.537933,0.543327,0.547081,-0.009148,-1.6721,-0.0026,中等空头排列,-0.42
513060,20220819,0.537667,0.541333,0.545891,0.548771,-0.007438,-1.3554,-0.003666,温和空头排列,-0.41
513060,20220818,0.543,0.5464,0.549164,0.550805,-0.004405,-0.7997,-0.0034,微弱空头排列,-0.3
513060,20220817,0.549,0.5508,0.551709,0.552614,-0.001814,-0.3283,-0.0018,微弱空头排列,-0.3
513060,20220816,0.552833,0.5522,0.552745,0.553976,-0.001776,-0.3206,0.000633,微弱空头排列,-0.3
513060,20220815,0.556,0.553267,0.552909,0.55519,-0.001923,-0.3464,0.002733,震荡排列,0.0
513060,20220812,0.551,0.5516,0.551236,0.555686,-0.004086,-0.7353,-0.0006,震荡排列,0.0
513060,20220811,0.548833,0.551867,0.5502,0.55669,-0.004823,-0.8664,-0.003034,震荡排列,0.0
513060,20220810,0.548,0.5518,0.549527,0.557929,-0.006129,-1.0985,-0.0038,震荡排列,0.0
513060,20220809,0.560667,0.557533,0.552727,0.561124,-0.003591,-0.64,0.003134,震荡排列,0.0
513060,20220808,0.560167,0.553733,0.552073,0.562243,-0.00851,-1.5136,0.006434,震荡排列,0.0
513060,20220805,0.553333,0.547933,0.551055,0.563229,-0.015296,-2.7158,0.0054,中等空头排列,-0.68
513060,20220804,0.540667,0.540867,0.550273,0.564348,-0.023481,-4.1607,-0.0002,强势空头排列,-0.84
513060,20220803,0.534667,0.540133,0.552818,0.567086,-0.026953,-4.7529,-0.005466,强势空头排列,-0.96
513060,20220802,0.539333,0.547133,0.559345,0.571733,-0.0246,-4.3027,-0.0078,强势空头排列,-0.87
513060,20220801,0.552167,0.557867,0.567091,0.576971,-0.019104,-3.3111,-0.0057,强势空头排列,-0.67
513060,20220729,0.560667,0.564933,0.572655,0.580976,-0.016043,-2.7614,-0.004266,中等空头排列,-0.7
513060,20220728,0.572833,0.5738,0.578436,0.584933,-0.011133,-1.9033,-0.000967,中等空头排列,-0.48
513060,20220727,0.572167,0.575533,0.5802,0.586538,-0.011005,-1.8763,-0.003366,中等空头排列,-0.47
513060,20220726,0.576833,0.580467,0.5832,0.588629,-0.008162,-1.3866,-0.003634,温和空头排列,-0.42
513060,20220725,0.58,0.5828,0.584855,0.590048,-0.007248,-1.2284,-0.0028,温和空头排列,-0.37
513060,20220722,0.589,0.5878,0.587818,0.592043,-0.004243,-0.7167,0.0012,微弱空头排列,-0.3
513060,20220721,0.589667,0.5878,0.588691,0.592714,-0.004914,-0.8291,0.001867,微弱空头排列,-0.3
513060,20220720,0.5865,0.586533,0.588782,0.592643,-0.00611,-1.031,-3.3e-05,温和空头排列,-0.31
513060,20220719,0.5815,0.584933,0.589273,0.592333,-0.0074,-1.2493,-0.003433,温和空头排列,-0.38
513060,20220718,0.587667,0.588333,0.592982,0.593233,-0.0049,-0.826,-0.000666,微弱空头排列,-0.3
513060,20220715,0.589333,0.5892,0.595436,0.59301,-0.00381,-0.6425,0.000133,震荡排列,0.0
513060,20220714,0.594333,0.594067,0.598945,0.59311,0.000957,0.1614,0.000266,震荡排列,0.0
513060,20220713,0.586833,0.592,0.598036,0.590686,0.001314,0.2225,-0.005167,震荡排列,0.0
513060,20220712,0.591333,0.597067,0.599745,0.589462,0.007605,1.2902,-0.005734,震荡排列,0.0
513060,20220711,0.602167,0.6056,0.602418,0.5883,0.0173,2.9407,-0.003433,中等多头排列,0.73
513060,20220708,0.610833,0.6114,0.603073,0.585705,0.025695,4.387,-0.000567,强势多头排列,0.87
513060,20220707,0.611667,0.6094,0.600218,0.581124,0.028276,4.8657,0.002267,强势多头排列,0.96
513060,20220706,0.613333,0.606133,0.596764,0.576362,0.029771,5.1653,0.0072,强势多头排列,1.02
513060,20220705,0.606667,0.598333,0.591091,0.570767,0.027566,4.8296,0.008334,强势多头排列,0.96
513060,20220704,0.593667,0.588933,0.584091,0.564576,0.024357,4.3142,0.004734,强势多头排列,0.86
513060,20220701,0.578,0.580867,0.576964,0.558557,0.02231,3.9942,-0.002867,强势多头排列,0.79
513060,20220630,0.579667,0.583067,0.5742,0.554871,0.028196,5.0815,-0.0034,强势多头排列,1.01
513060,20220629,0.583,0.583333,0.570036,0.55071,0.032623,5.9238,-0.000333,强势多头排列,1.17
513060,20220628,0.593667,0.584667,0.566564,0.547086,0.037581,6.8693,0.009,强势多头排列,1.2
513060,20220627,0.585167,0.574733,0.557091,0.540567,0.034166,6.3204,0.010434,强势多头排列,1.2
513060,20220624,0.569667,0.561667,0.546709,0.533776,0.027891,5.2252,0.008,强势多头排列,1.03
513060,20220623,0.550667,0.546333,0.536255,0.526871,0.019462,3.6939,0.004334,强势多头排列,0.73
513060,20220622,0.5435,0.5388,0.531164,0.522614,0.016186,3.0971,0.0047,强势多头排列,0.61
513060,20220621,0.541167,0.5344,0.528564,0.519352,0.015048,2.8975,0.006767,中等多头排列,0.72
513060,20220620,0.527333,0.524267,0.523382,0.514848,0.009419,1.8295,0.003066,微弱多头排列,0.3
513060,20220617,0.522,0.519933,0.521527,0.512181,0.007752,1.5135,0.002067,震荡排列,0.0
513060,20220616,0.5155,0.5166,0.519309,0.509481,0.007119,1.3973,-0.0011,震荡排列,0.0
513060,20220615,0.517,0.5198,0.519764,0.508171,0.011629,2.2884,-0.0028,微弱多头排列,0.3
513060,20220614,0.518,0.522333,0.518855,0.506124,0.016209,3.2026,-0.004333,强势多头排列,0.64
513060,20220613,0.523,0.525467,0.517982,0.504171,0.021296,4.224,-0.002467,强势多头排列,0.84
513060,20220610,0.533833,0.529,0.516982,0.502324,0.026676,5.3105,0.004833,强势多头排列,1.05
513060,20220609,0.530167,0.522533,0.510891,0.498129,0.024404,4.8991,0.007634,强势多头排列,0.97
513060,20220608,0.5235,0.515,0.504273,0.493919,0.021081,4.2681,0.0085,强势多头排列,0.84
513060,20220607,0.5045,0.502467,0.494964,0.488533,0.013934,2.8522,0.002033,中等多头排列,0.71
513060,20220606,0.498333,0.498133,0.490582,0.485614,0.012519,2.578,0.0002,中等多头排列,0.64
513060,20220602,0.495167,0.493933,0.487164,0.483029,0.010904,2.2574,0.001234,中等多头排列,0.56
513060,20220601,0.499333,0.493067,0.486345,0.4818,0.011267,2.3385,0.006266,中等多头排列,0.58
513060,20220531,0.494,0.486667,0.483255,0.479524,0.007143,1.4896,0.007333,温和多头排列,0.45
513060,20220530,0.48,0.476733,0.479073,0.476767,-3.4e-05,-0.0071,0.003267,震荡排列,0.0
513060,20220527,0.471333,0.472333,0.477582,0.475462,-0.003129,-0.6581,-0.001,震荡排列,0.0
513060,20220526,0.467833,0.473333,0.478255,0.475286,-0.001953,-0.4109,-0.0055,震荡排列,0.0
513060,20220525,0.474833,0.479533,0.481055,0.476238,0.003295,0.6919,-0.0047,震荡排列,0.0
513060,20220524,0.482,0.483933,0.482327,0.476462,0.007471,1.568,-0.001933,温和多头排列,0.47
513060,20220523,0.4915,0.489533,0.483436,0.4768,0.012733,2.6705,0.001967,中等多头排列,0.66
513060,20220520,0.49,0.487467,0.480127,0.475233,0.012234,2.5743,0.002533,中等多头排列,0.64
513060,20220519,0.483333,0.481933,0.474945,0.473076,0.008857,1.8722,0.0014,中等多头排列,0.47
513060,20220518,0.483167,0.48,0.472345,0.472452,0.007548,1.5976,0.003167,震荡排列,0.0
513060,20220517,0.479833,0.475933,0.469473,0.471652,0.004281,0.9077,0.0039,震荡排列,0.0
513060,20220516,0.473167,0.470067,0.466764,0.471062,-0.000995,-0.2112,0.0031,震荡排列,0.0
513060,20220513,0.469167,0.465,0.465455,0.471324,-0.006324,-1.3418,0.004167,微弱空头排列,-0.3
513060,20220512,0.461833,0.458867,0.464291,0.471833,-0.012966,-2.748,0.002966,中等空头排列,-0.69
513060,20220511,0.459333,0.458267,0.465673,0.473857,-0.01559,-3.29,0.001066,强势空头排列,-0.66
513060,20220510,0.451,0.457467,0.465982,0.475476,-0.018009,-3.7876,-0.006467,强势空头排列,-0.76
513060,20220509,0.454333,0.464067,0.469618,0.478971,-0.014904,-3.1117,-0.009734,强势空头排列,-0.63
513060,20220506,0.468333,0.473667,0.474764,0.483314,-0.009647,-1.996,-0.005334,微弱空头排列,-0.3
513060,20220505,0.484167,0.482533,0.479527,0.4874,-0.004867,-0.9986,0.001634,震荡排列,0.0
513060,20220429,0.489833,0.483867,0.4812,0.489833,-0.005966,-1.218,0.005966,震荡排列,0.0
513060,20220428,0.478,0.475133,0.478291,0.490043,-0.01491,-3.0426,0.002867,强势空头排列,-0.61
513060,20220427,0.471,0.471533,0.478927,0.492114,-0.020581,-4.1822,-0.000533,强势空头排列,-0.84
513060,20220426,0.47,0.472467,0.481782,0.495348,-0.022881,-4.6192,-0.002467,强势空头排列,-0.93
513060,20220425,0.469333,0.474733,0.485255,0.498814,-0.024081,-4.8277,-0.0054,强势空头排列,-0.98
513060,20220422,0.479667,0.483867,0.4916,0.50391,-0.020043,-3.9775,-0.0042,强势空头排列,-0.8
513060,20220421,0.483333,0.488933,0.495473,0.507595,-0.018662,-3.6766,-0.0056,强势空头排列,-0.74
513060,20220420,0.493833,0.497533,0.501,0.511833,-0.0143,-2.7939,-0.0037,中等空头排列,-0.7
513060,20220419,0.499167,0.501067,0.504618,0.514671,-0.013604,-2.6432,-0.0019,中等空头排列,-0.66
513060,20220418,0.506,0.504867,0.508364,0.5174,-0.012533,-2.4223,0.001133,中等空头排列,-0.61
513060,20220415,0.505833,0.504667,0.510527,0.519067,-0.0144,-2.7742,0.001166,中等空头排列,-0.7
513060,20220414,0.5035,0.504133,0.512782,0.5201,-0.015967,-3.07,-0.000633,强势空头排列,-0.62
513060,20220413,0.499667,0.5048,0.515509,0.520686,-0.015886,-3.051,-0.005133,强势空头排列,-0.61
513060,20220412,0.507,0.5132,0.521,0.522338,-0.009138,-1.7494,-0.0062,微弱空头排列,-0.3
513060,20220411,0.5115,0.518467,0.524582,0.522786,-0.004319,-0.8262,-0.006967,震荡排列,0.0
513060,20220408,0.527833,0.528267,0.530782,0.524024,0.004243,0.8097,-0.000434,震荡排列,0.0
513060,20220407,0.531667,0.532067,0.532982,0.522843,0.009224,1.7642,-0.0004,震荡排列,0.0
513060,20220406,0.534167,0.5354,0.534364,0.521305,0.014095,2.7038,-0.001233,微弱多头排列,0.3
513060,20220401,0.527833,0.530133,0.531582,0.517776,0.012357,2.3866,-0.0023,震荡排列,0.0
513060,20220331,0.536833,0.533667,0.533345,0.516871,0.016796,3.2496,0.003166,微弱多头排列,0.3
513060,20220330,0.540667,0.537267,0.533364,0.5155,0.021767,4.2225,0.0034,强势多头排列,0.84
513060,20220329,0.526333,0.531533,0.526873,0.511771,0.019762,3.8615,-0.0052,强势多头排列,0.77
513060,20220328,0.526333,0.5306,0.521655,0.510129,0.020471,4.0129,-0.004267,强势多头排列,0.79
513060,20220325,0.539167,0.535333,0.518473,0.510405,0.024928,4.884,0.003834,强势多头排列,0.97
513060,20220324,0.547667,0.5376,0.513873,0.510519,0.027081,5.3046,0.010067,强势多头排列,1.05
513060,20220323,0.528,0.522067,0.500764,0.506786,0.015281,3.0153,0.005933,震荡排列,0.0
513060,20220322,0.512833,0.507333,0.490418,0.505195,0.002138,0.4232,0.0055,震荡排列,0.0
513060,20220321,0.512,0.4968,0.485891,0.506967,-0.010167,-2.0055,0.0152,震荡排列,0.0
513060,20220318,0.497833,0.4804,0.480473,0.508533,-0.028133,-5.5322,0.017433,微弱空头排列,-0.3
513060,20220317,0.471167,0.465267,0.477073,0.5112,-0.045933,-8.9853,0.0059,强势空头排列,-1.2
513060,20220316,0.442,0.4534,0.476545,0.51519,-0.06179,-11.9936,-0.0114,强势空头排列,-1.2
513060,20220315,0.442333,0.459533,0.486618,0.52421,-0.064677,-12.338,-0.0172,强势空头排列,-1.2
513060,20220314,0.478333,0.4858,0.507382,0.537962,-0.052162,-9.6962,-0.007467,强势空头排列,-1.2
513060,20220311,0.497833,0.501667,0.522164,0.547952,-0.046285,-8.4469,-0.003834,强势空头排列,-1.2
513060,20220310,0.502667,0.509667,0.532291,0.554971,-0.045304,-8.1633,-0.007,强势空头排列,-1.2
513060,20220309,0.505833,0.518267,0.541691,0.561343,-0.043076,-7.6737,-0.012434,强势空头排列,-1.2
513060,20220308,0.523333,0.535733,0.554691,0.569138,-0.033405,-5.8694,-0.0124,强势空头排列,-1.19
513060,20220307,0.5425,0.553267,0.565982,0.57579,-0.022523,-3.9117,-0.010767,强势空头排列,-0.79
513060,20220304,0.5615,0.5686,0.575382,0.581181,-0.012581,-2.1647,-0.0071,中等空头排列,-0.54
513060,20220303,0.575833,0.578733,0.581509,0.584519,-0.005786,-0.9899,-0.0029,温和空头排列,-0.3
513060,20220302,0.583,0.583267,0.584909,0.586229,-0.002962,-0.5053,-0.000267,微弱空头排列,-0.3
513060,20220301,0.587333,0.5858,0.586909,0.587248,-0.001448,-0.2466,0.001533,微弱空头排列,-0.3
513060,20220228,0.581833,0.582667,0.586291,0.587138,-0.004471,-0.7615,-0.000834,微弱空头排列,-0.3
513060,20220225,0.5845,0.584467,0.587655,0.588557,-0.00409,-0.6949,3.3e-05,微弱空头排列,-0.3
513060,20220224,0.581333,0.584467,0.587236,0.589624,-0.005157,-0.8746,-0.003134,温和空头排列,-0.26
513060,20220223,0.587833,0.5904,0.589436,0.592414,-0.002014,-0.34,-0.002567,震荡排列,0.0
513060,20220222,0.586667,0.5902,0.588382,0.593848,-0.003648,-0.6143,-0.003533,震荡排列,0.0
513060,20220221,0.597167,0.596067,0.590491,0.59729,-0.001223,-0.2048,0.0011,震荡排列,0.0
513060,20220218,0.598667,0.5946,0.589673,0.599529,-0.004929,-0.8221,0.004067,震荡排列,0.0
513060,20220217,0.5945,0.588733,0.5872,0.601481,-0.012748,-2.1194,0.005767,震荡排列,0.0
513060,20220216,0.586333,0.582867,0.584873,0.603995,-0.021128,-3.498,0.003466,强势空头排列,-0.7
513060,20220215,0.578667,0.579867,0.5844,0.607757,-0.02789,-4.589,-0.0012,强势空头排列,-0.92
513060,20220214,0.572667,0.578067,0.585327,0.612219,-0.034152,-5.5784,-0.0054,强势空头排列,-1.13
513060,20220211,0.580333,0.584867,0.591382,0.618976,-0.034109,-5.5106,-0.004534,强势空头排列,-1.11
513060,20220210,0.591,0.592,0.599145,0.62599,-0.03399,-5.4298,-0.001,强势空头排列,-1.1
513060,20220209,0.5945,0.592667,0.605055,0.631367,-0.0387,-6.1296,0.001833,强势空头排列,-1.2
513060,20220208,0.593167,0.592933,0.6114,0.6365,-0.043567,-6.8448,0.000234,强势空头排列,-1.2
513060,20220207,0.592667,0.597133,0.619891,0.642267,-0.045134,-7.0273,-0.004466,强势空头排列,-1.2
513060,20220128,0.587833,0.6012,0.627618,0.64731,-0.04611,-7.1233,-0.013367,强势空头排列,-1.2
513060,20220127,0.603667,0.6192,0.641364,0.654948,-0.035748,-5.4581,-0.015533,强势空头排列,-1.11
513060,20220126,0.628333,0.640867,0.655473,0.662271,-0.021404,-3.2319,-0.012534,强势空头排列,-0.65
513060,20220125,0.650167,0.657533,0.666309,0.667438,-0.009905,-1.484,-0.007366,微弱空头排列,-0.3
513060,20220124,0.668,0.6698,0.673873,0.670762,-0.000962,-0.1434,-0.0018,震荡排列,0.0
513060,20220121,0.674,0.674733,0.676891,0.671729,0.003004,0.4472,-0.000733,震荡排列,0.0
513060,20220120,0.674333,0.6758,0.677,0.671543,0.004257,0.6339,-0.001467,震荡排列,0.0
513060,20220119,0.673833,0.675867,0.675618,0.671124,0.004743,0.7067,-0.002034,微弱多头排列,0.3
513060,20220118,0.68,0.6806,0.675418,0.671662,0.008938,1.3307,-0.0006,温和多头排列,0.4
513060,20220117,0.680333,0.6814,0.672945,0.671171,0.010229,1.5241,-0.001067,微弱多头排列,0.3
513060,20220114,0.681667,0.680867,0.670291,0.670571,0.010296,1.5354,0.0008,震荡排列,0.0
513060,20220113,0.682,0.677867,0.667345,0.67009,0.007777,1.1606,0.004133,震荡排列,0.0
513060,20220112,0.683333,0.672733,0.664836,0.670048,0.002685,0.4007,0.0106,震荡排列,0.0
513060,20220111,0.6685,0.658933,0.659182,0.668733,-0.0098,-1.4655,0.009567,微弱空头排列,-0.3
513060,20220110,0.654333,0.6504,0.657036,0.669505,-0.019105,-2.8536,0.003933,中等空头排列,-0.72
513060,20220107,0.6375,0.644533,0.655891,0.671114,-0.026581,-3.9607,-0.007033,强势空头排列,-0.8
513060,20220106,0.6375,0.649067,0.660527,0.675943,-0.026876,-3.9761,-0.011567,强势空头排列,-0.8
513060,20220105,0.658,0.662333,0.669764,0.683205,-0.020872,-3.055,-0.004333,强势空头排列,-0.62
513060,20220104,0.673167,0.672067,0.676564,0.689219,-0.017152,-2.4886,0.0011,中等空头排列,-0.63
513060,20211231,0.677333,0.6764,0.679891,0.693548,-0.017148,-2.4725,0.000933,中等空头排列,-0.62
513060,20211230,0.666167,0.6714,0.678436,0.695676,-0.024276,-3.4896,-0.005233,强势空头排列,-0.7
513060,20211229,0.671833,0.676867,0.682455,0.700752,-0.023885,-3.4085,-0.005034,强势空头排列,-0.69
513060,20211228,0.683667,0.685467,0.687709,0.706767,-0.0213,-3.0137,-0.0018,强势空头排列,-0.6
513060,20211227,0.688,0.688333,0.690709,0.71149,-0.023157,-3.2547,-0.000333,强势空头排列,-0.65
513060,20211224,0.688333,0.6882,0.693436,0.715986,-0.027786,-3.8808,0.000133,强势空头排列,-0.78
513060,20211223,0.690167,0.689533,0.698,0.721224,-0.031691,-4.3941,0.000634,强势空头排列,-0.89
513060,20211222,0.6875,0.6898,0.703073,0.726448,-0.036648,-5.0448,-0.0023,强势空头排列,-1.02
513060,20211221,0.6885,0.691467,0.710109,0.732586,-0.041119,-5.6129,-0.002967,强势空头排列,-1.14
513060,20211220,0.691833,0.6966,0.717909,0.739143,-0.042543,-5.7557,-0.004767,强势空头排列,-1.17
513060,20211217,0.699167,0.7084,0.727655,0.746886,-0.038486,-5.1529,-0.009233,强势空头排列,-1.04
513060,20211216,0.707,0.7198,0.735964,0.75379,-0.03399,-4.5092,-0.0128,强势空头排列,-0.91
513060,20211215,0.718667,0.733467,0.743873,0.760495,-0.027028,-3.554,-0.0148,强势空头排列,-0.72
513060,20211214,0.751833,0.757267,0.756491,0.769533,-0.012266,-1.594,-0.005434,震荡排列,0.0
513060,20211213,0.762167,0.761733,0.759527,0.773538,-0.011805,-1.5261,0.000434,震荡排列,0.0
513060,20211210,0.7695,0.762333,0.762145,0.777157,-0.014824,-1.9075,0.007167,震荡排列,0.0
513060,20211209,0.7655,0.7584,0.762855,0.77961,-0.02121,-2.7206,0.0071,中等空头排列,-0.68
513060,20211208,0.746667,0.749067,0.761727,0.780929,-0.031862,-4.08,-0.0024,强势空头排列,-0.82
513060,20211207,0.742,0.7492,0.765764,0.784724,-0.035524,-4.5269,-0.0072,强势空头排列,-0.92
513060,20211206,0.748667,0.757533,0.773545,0.790124,-0.032591,-4.1248,-0.008866,强势空头排列,-0.83
513060,20211203,0.768833,0.7742,0.784818,0.796667,-0.022467,-2.8201,-0.005367,中等空头排列,-0.71
513060,20211202,0.772833,0.780067,0.789964,0.799467,-0.0194,-2.4266,-0.007234,中等空头排列,-0.61
513060,20211201,0.785333,0.7906,0.797109,0.802767,-0.012167,-1.5156,-0.005267,温和空头排列,-0.46
513060,20211130,0.794833,0.797933,0.802818,0.804724,-0.006791,-0.8439,-0.0031,微弱空头排列,-0.3
513060,20211129,0.802167,0.802133,0.807255,0.805576,-0.003443,-0.4274,3.4e-05,震荡排列,0.0
513060,20211126,0.804,0.803467,0.809909,0.805343,-0.001876,-0.2329,0.000533,震荡排列,0.0
513060,20211125,0.804,0.805467,0.8122,0.804976,0.000491,0.061,-0.001467,震荡排列,0.0
513060,20211124,0.801,0.806133,0.813091,0.803962,0.002171,0.27,-0.005133,震荡排列,0.0
513060,20211123,0.806167,0.8124,0.815545,0.80391,0.00849,1.0561,-0.006233,震荡排列,0.0
513060,20211122,0.817333,0.8218,0.8182,0.804395,0.017405,2.1637,-0.004467,中等多头排列,0.54
513060,20211119,0.8255,0.8262,0.817,0.80371,0.02249,2.7983,-0.0007,中等多头排列,0.69
513060,20211118,0.829833,0.825933,0.812909,0.802286,0.023647,2.9475,0.0039,中等多头排列,0.73
513060,20211117,0.831167,0.823533,0.807455,0.800867,0.022666,2.8302,0.007634,中等多头排列,0.7
513060,20211116,0.818833,0.813267,0.798127,0.79821,0.015057,1.8863,0.005566,震荡排列,0.0
513060,20211115,0.807,0.802933,0.789673,0.796724,0.006209,0.7793,0.004067,震荡排列,0.0
513060,20211112,0.801,0.794133,0.783945,0.797067,-0.002934,-0.3681,0.006867,震荡排列,0.0
513060,20211111,0.796,0.786067,0.780255,0.798595,-0.012528,-1.5688,0.009933,震荡排列,0.0
513060,20211110,0.782333,0.7758,0.776764,0.800405,-0.024605,-3.0741,0.006533,微弱空头排列,-0.3
513060,20211109,0.766167,0.7662,0.774836,0.803124,-0.036924,-4.5975,-3.3e-05,强势空头排列,-0.93
513060,20211108,0.7575,0.762533,0.777491,0.807929,-0.045396,-5.6188,-0.005033,强势空头排列,-1.14
513060,20211105,0.767167,0.771,0.787345,0.815976,-0.044976,-5.5119,-0.003833,强势空头排列,-1.12
513060,20211104,0.772667,0.778533,0.796727,0.823252,-0.044719,-5.432,-0.005866,强势空头排列,-1.1
513060,20211103,0.779,0.787,0.806764,0.830571,-0.043571,-5.2459,-0.008,强势空头排列,-1.06
513060,20211102,0.788167,0.7962,0.8174,0.837752,-0.041552,-4.9599,-0.008033,强势空头排列,-1.0
513060,20211101,0.802833,0.809933,0.829636,0.845462,-0.035529,-4.2023,-0.0071,强势空头排列,-0.85
513060,20211029,0.815,0.8236,0.840309,0.852276,-0.028676,-3.3646,-0.0086,强势空头排列,-0.68
513060,20211028,0.822167,0.833467,0.847655,0.857433,-0.023966,-2.7951,-0.0113,中等空头排列,-0.7
513060,20211027,0.838667,0.847133,0.856055,0.863162,-0.016029,-1.857,-0.008466,中等空头排列,-0.47
513060,20211026,0.858167,0.8616,0.863636,0.8685,-0.0069,-0.7945,-0.003433,微弱空头排列,-0.3
513060,20211025,0.866167,0.8684,0.866236,0.87151,-0.00311,-0.3569,-0.002233,震荡排列,0.0
513060,20211022,0.868333,0.8692,0.866018,0.873043,-0.003843,-0.4402,-0.000867,震荡排列,0.0
513060,20211021,0.871333,0.8686,0.865509,0.874638,-0.006038,-0.6903,0.002733,震荡排列,0.0
513060,20211020,0.873833,0.8684,0.865964,0.876695,-0.008295,-0.9462,0.005433,震荡排列,0.0
513060,20211019,0.864667,0.862733,0.864018,0.877552,-0.014819,-1.6887,0.001934,微弱空头排列,-0.3
513060,20211018,0.855167,0.857133,0.8634,0.879024,-0.021891,-2.4904,-0.001966,中等空头排列,-0.63
513060,20211015,0.857,0.858867,0.867109,0.882619,-0.023752,-2.6911,-0.001867,中等空头排列,-0.68
513060,20211014,0.862167,0.862933,0.872727,0.88711,-0.024177,-2.7254,-0.000766,中等空头排列,-0.69
513060,20211013,0.864,0.866133,0.877473,0.891067,-0.024934,-2.7982,-0.002133,中等空头排列,-0.7
513060,20211012,0.861833,0.868667,0.882091,0.894857,-0.02619,-2.9267,-0.006834,中等空头排列,-0.74
513060,20211011,0.872167,0.878333,0.889891,0.900057,-0.021724,-2.4136,-0.006166,中等空头排列,-0.61
513060,20211008,0.877667,0.8852,0.895055,0.904052,-0.018852,-2.0853,-0.007533,中等空头排列,-0.52
513060,20210930,0.896,0.8984,0.902745,0.909281,-0.010881,-1.1967,-0.0024,温和空头排列,-0.36
513060,20210929,0.896833,0.900267,0.904145,0.911029,-0.010762,-1.1813,-0.003434,温和空头排列,-0.36
513060,20210928,0.906333,0.908,0.907909,0.913895,-0.005895,-0.645,-0.001667,震荡排列,0.0
513060,20210927,0.906167,0.9096,0.908145,0.914648,-0.005048,-0.5519,-0.003433,震荡排列,0.0
513060,20210924,0.910667,0.910667,0.909436,0.915719,-0.005052,-0.5517,0.0,震荡排列,0.0
513060,20210923,0.916667,0.910667,0.910964,0.916657,-0.00599,-0.6535,0.006,微弱空头排列,-0.3
513060,20210922,0.913,0.908933,0.911873,0.916971,-0.008038,-0.8766,0.004067,温和空头排列,-0.26
513060,20210917,0.9025,0.904,0.912091,0.916486,-0.012486,-1.3624,-0.0015,温和空头排列,-0.41
513060,20210916,0.891667,0.898933,0.912327,0.915652,-0.016719,-1.8259,-0.007266,中等空头排列,-0.46
513060,20210915,0.9085,0.911933,0.921509,0.919348,-0.007415,-0.8065,-0.003433,震荡排列,0.0
513060,20210914,0.917333,0.919533,0.926691,0.920924,-0.001391,-0.151,-0.0022,震荡排列,0.0
513060,20210913,0.915167,0.9216,0.9276,0.920467,0.001133,0.1231,-0.006433,震荡排列,0.0
513060,20210910,0.925833,0.931667,0.931145,0.92169,0.009977,1.0825,-0.005834,微弱多头排列,0.3
513060,20210909,0.932167,0.9366,0.930873,0.921524,0.015076,1.636,-0.004433,中等多头排列,0.41
513060,20210908,0.9445,0.941933,0.9304,0.921776,0.020157,2.1868,0.002567,中等多头排列,0.54
513060,20210907,0.947167,0.940333,0.926455,0.9207,0.019633,2.1324,0.006834,中等多头排列,0.53
513060,20210906,0.939667,0.9326,0.9202,0.919024,0.013576,1.4772,0.007067,微弱多头排列,0.3
513060,20210903,0.925333,0.920533,0.912309,0.917276,0.003257,0.3551,0.0048,震荡排列,0.0
513060,20210902,0.916833,0.911933,0.906891,0.917729,-0.005796,-0.6316,0.0049,震荡排列,0.0
513060,20210901,0.912667,0.9062,0.904182,0.919995,-0.013795,-1.4995,0.006467,震荡排列,0.0
513060,20210831,0.9015,0.899667,0.901382,0.922638,-0.022971,-2.4897,0.001833,微弱空头排列,-0.3
513060,20210830,0.894167,0.898467,0.901455,0.927081,-0.028614,-3.0865,-0.0043,强势空头排列,-0.62
513060,20210827,0.892,0.898267,0.903491,0.932495,-0.034228,-3.6706,-0.006267,强势空头排列,-0.74
513060,20210826,0.905167,0.903,0.9104,0.940167,-0.037167,-3.9532,0.002167,强势空头排列,-0.8
513060,20210825,0.915,0.9078,0.917473,0.947805,-0.040005,-4.2208,0.0072,强势空头排列,-0.85
513060,20210824,0.903,0.904733,0.921127,0.953105,-0.048372,-5.0752,-0.001733,强势空头排列,-1.03
513060,20210823,0.889833,0.9012,0.925891,0.957986,-0.056786,-5.9276,-0.011367,强势空头排列,-1.2
513060,20210820,0.898833,0.9122,0.938018,0.966305,-0.054105,-5.5992,-0.013367,强势空头排列,-1.14
513060,20210819,0.931,0.938133,0.9568,0.977995,-0.039862,-4.0759,-0.007133,强势空头排列,-0.82
513060,20210818,0.939167,0.947267,0.966527,0.984967,-0.0377,-3.8275,-0.0081,强势空头排列,-0.77
513060,20210817,0.9495,0.958067,0.976691,0.992081,-0.034014,-3.4286,-0.008567,强势空头排列,-0.69
513060,20210816,0.965667,0.974733,0.988491,1.00011,-0.025377,-2.5374,-0.009066,中等空头排列,-0.64
513060,20210813,0.976,0.985533,0.996582,1.006695,-0.021162,-2.1021,-0.009533,中等空头排列,-0.53
513060,20210812,0.988833,0.9938,1.002964,1.012981,-0.019181,-1.8935,-0.004967,中等空头排列,-0.48
513060,20210811,1.007167,1.006,1.010691,1.020367,-0.014367,-1.408,0.001167,温和空头排列,-0.42
513060,20210810,1.0095,1.0108,1.012364,1.025686,-0.014886,-1.4513,-0.0013,微弱空头排列,-0.3
513060,20210809,0.999667,1.008067,1.007873,1.029319,-0.021252,-2.0647,-0.0084,震荡排列,0.0
513060,20210806,1.009833,1.0146,1.008418,1.036124,-0.021524,-2.0774,-0.004767,震荡排列,0.0
513060,20210805,1.026667,1.0224,1.011364,1.043781,-0.021381,-2.0484,0.004267,震荡排列,0.0
513060,20210804,1.028833,1.0222,1.011527,1.049467,-0.027267,-2.5982,0.006633,震荡排列,0.0
513060,20210803,1.014167,1.010533,1.009618,1.053752,-0.043219,-4.1014,0.003634,震荡排列,0.0
513060,20210802,1.006333,0.996133,1.012109,1.059829,-0.063696,-6.01,0.0102,强势空头排列,-1.2
513060,20210730,1.0015,0.9886,1.0208,1.068505,-0.079905,-7.4782,0.0129,强势空头排列,-1.2
513060,20210729,0.986667,0.990267,1.033691,1.078814,-0.088547,-8.2078,-0.0036,强势空头排列,-1.2
513060,20210728,0.957167,0.9894,1.044345,1.087581,-0.098181,-9.0275,-0.032233,强势空头排列,-1.2
513060,20210727,0.977667,1.018067,1.068982,1.102933,-0.084866,-7.6946,-0.0404,强势空头排列,-1.2
513060,20210726,1.058333,1.0786,1.107164,1.124781,-0.046181,-4.1058,-0.020267,强势空头排列,-0.83
513060,20210723,1.1075,1.115333,1.129509,1.138205,-0.022872,-2.0095,-0.007833,中等空头排列,-0.5
513060,20210722,1.120833,1.128267,1.137255,1.14441,-0.016143,-1.4106,-0.007434,温和空头排列,-0.42
513060,20210721,1.131,1.137533,1.141164,1.1492,-0.011667,-1.0152,-0.006533,温和空头排列,-0.31
513060,20210720,1.140667,1.146533,1.1438,1.153557,-0.007024,-0.6089,-0.005866,震荡排列,0.0
513060,20210719,1.155,1.155,1.145964,1.15801,-0.00301,-0.2599,0.0,震荡排列,0.0
513060,20210716,1.155833,1.152533,1.142945,1.159667,-0.007134,-0.6152,0.0033,震荡排列,0.0
513060,20210715,1.157333,1.150333,1.141964,1.162129,-0.011796,-1.015,0.007,震荡排列,0.0
513060,20210714,1.149833,1.1404,1.139873,1.1633,-0.0229,-1.9685,0.009433,震荡排列,0.0
513060,20210713,1.131,1.1274,1.137673,1.16379,-0.03639,-3.1269,0.0036,强势空头排列,-0.63
513060,20210712,1.126667,1.1262,1.143818,1.167952,-0.041752,-3.5748,0.000467,强势空头排列,-0.72
513060,20210709,1.115667,1.122267,1.149273,1.170938,-0.048671,-4.1566,-0.0066,强势空头排列,-0.84
513060,20210708,1.121,1.132867,1.162127,1.177048,-0.044181,-3.7535,-0.011867,强势空头排列,-0.76
513060,20210707,1.1415,1.1538,1.178509,1.18419,-0.03039,-2.5663,-0.0123,中等空头排列,-0.64
513060,20210706,1.148,1.165733,1.188873,1.187538,-0.021805,-1.8362,-0.017733,震荡排列,0.0
513060,20210705,1.183,1.192133,1.2048,1.193357,-0.001224,-0.1026,-0.009133,震荡排列,0.0
513060,20210702,1.198833,1.2064,1.211418,1.194262,0.012138,1.0164,-0.007567,震荡排列,0.0
513060,20210701,1.216333,1.220267,1.215982,1.194229,0.026038,2.1803,-0.003934,中等多头排列,0.54
513060,20210630,1.2185,1.221067,1.211818,1.190238,0.030829,2.5902,-0.002567,中等多头排列,0.64
513060,20210629,1.227333,1.225467,1.207891,1.187052,0.038415,3.2362,0.001866,强势多头排列,0.64
513060,20210628,1.232333,1.225133,1.201455,1.182857,0.042276,3.5741,0.0072,强势多头排列,0.71
513060,20210625,1.218667,1.2108,1.188855,1.175562,0.035238,2.9975,0.007867,中等多头排列,0.74
513060,20210624,1.212,1.200667,1.179873,1.170376,0.030291,2.5881,0.011333,中等多头排列,0.64
513060,20210623,1.197667,1.184933,1.170036,1.164962,0.019971,1.7143,0.012734,中等多头排列,0.43
513060,20210622,1.1765,1.1648,1.159909,1.159729,0.005071,0.4373,0.0117,微弱多头排列,0.3
513060,20210621,1.159333,1.151867,1.1542,1.156819,-0.004952,-0.4281,0.007466,微弱空头排列,-0.3
513060,20210618,1.142833,1.145,1.1514,1.155395,-0.010395,-0.8997,-0.002167,温和空头排列,-0.27
513060,20210617,1.132667,1.142867,1.150891,1.154919,-0.012052,-1.0435,-0.0102,温和空头排列,-0.31
513060,20210616,1.144167,1.1522,1.156182,1.157043,-0.004843,-0.4186,-0.008033,微弱空头排列,-0.3
513060,20210615,1.166833,1.165533,1.163764,1.159814,0.005719,0.4931,0.0013,微弱多头排列,0.3
513060,20210611,1.171333,1.166533,1.164727,1.1588,0.007733,0.6673,0.0048,微弱多头排列,0.3
513060,20210610,1.163167,1.161133,1.162018,1.155829,0.005304,0.4589,0.002034,震荡排列,0.0
513060,20210609,1.157,1.157733,1.160473,1.153071,0.004662,0.4043,-0.000733,震荡排列,0.0
513060,20210608,1.154,1.157133,1.16,1.150557,0.006576,0.5715,-0.003133,震荡排列,0.0
513060,20210607,1.160667,1.163267,1.162145,1.148981,0.014286,1.2434,-0.0026,微弱多头排列,0.3
513060,20210604,1.162833,1.1658,1.161655,1.145862,0.019938,1.74,-0.002967,中等多头排列,0.43
513060,20210603,1.168167,1.1666,1.160836,1.142248,0.024352,2.1319,0.001567,中等多头排列,0.53
513060,20210602,1.171833,1.166,1.158436,1.137829,0.028171,2.4759,0.005833,中等多头排列,0.62
513060,20210601,1.167167,1.162533,1.154164,1.132643,0.02989,2.639,0.004634,中等多头排列,0.66
513060,20210531,1.154833,1.153933,1.146982,1.126205,0.027728,2.4621,0.0009,中等多头排列,0.61
513060,20210528,1.1465,1.1476,1.141055,1.1208,0.0268,2.3911,-0.0011,中等多头排列,0.6
513060,20210527,1.157167,1.152467,1.140055,1.118343,0.034124,3.0513,0.0047,强势多头排列,0.61
513060,20210526,1.148667,1.1446,1.132164,1.112824,0.031776,2.8554,0.004067,中等多头排列,0.71
513060,20210525,1.144667,1.1384,1.125036,1.108205,0.030195,2.7247,0.006267,中等多头排列,0.68
513060,20210524,1.134333,1.129667,1.116145,1.103095,0.026572,2.4089,0.004666,中等多头排列,0.6
513060,20210521,1.129333,1.1246,1.109273,1.099219,0.025381,2.309,0.004733,中等多头排列,0.57
513060,20210520,1.117,1.1134,1.099564,1.094243,0.019157,1.7507,0.0036,中等多头排列,0.44
513060,20210519,1.115167,1.107667,1.093636,1.091338,0.016329,1.4962,0.0075,微弱多头排列,0.3
513060,20210518,1.108667,1.0994,1.087745,1.088081,0.011319,1.0403,0.009267,震荡排列,0.0
513060,20210517,1.093167,1.086533,1.081255,1.084081,0.002452,0.2262,0.006634,震荡排列,0.0
513060,20210514,1.079333,1.0764,1.077636,1.081062,-0.004662,-0.4312,0.002933,微弱空头排列,-0.3
513060,20210513,1.072167,1.071,1.078164,1.079614,-0.008614,-0.7979,0.001167,微弱空头排列,-0.3
513060,20210512,1.070833,1.069333,1.081164,1.07891,-0.009577,-0.8877,0.0015,震荡排列,0.0
513060,20210511,1.067167,1.070333,1.084836,1.078086,-0.007753,-0.7191,-0.003166,震荡排列,0.0
513060,20210510,1.069167,1.0774,1.090036,1.077957,-0.000557,-0.0517,-0.008233,震荡排列,0.0
513060,20210507,1.071,1.083933,1.092836,1.076576,0.007357,0.6834,-0.012933,震荡排列,0.0
513060,20210506,1.092833,1.100933,1.099182,1.077029,0.023904,2.2194,-0.0081,微弱多头排列,0.3
513060,20210430,1.113167,1.113267,1.101655,1.0755,0.037767,3.5116,-0.0001,强势多头排列,0.7
513060,20210429,1.117833,1.114067,1.096564,1.070524,0.043543,4.0674,0.003766,强势多头排列,0.81
513060,20210428,1.115833,1.109067,1.088327,1.064295,0.044772,4.2067,0.006766,强势多头排列,0.83
513060,20210427,1.1065,1.097133,1.077145,1.056919,0.040214,3.8048,0.009367,强势多头排列,0.75
513060,20210426,1.094833,1.0844,1.066,1.049876,0.034524,3.2884,0.010433,强势多头排列,0.65
513060,20210423,1.082,1.0728,1.055582,,,,0.0092,,0.0
513060,20210422,1.061,1.056,1.043855,,,,0.005,,0.0
513060,20210421,1.052667,1.046467,1.037436,,,,0.0062,,0.0
513060,20210420,1.0465,1.0404,1.033364,,,,0.0061,,0.0
513060,20210419,1.037167,1.032933,1.029655,,,,0.004234,,0.0
513060,20210416,1.023833,1.022333,1.025527,,,,0.0015,,0.0
513060,20210415,1.024333,1.022133,1.027255,,,,0.0022,,0.0
513060,20210414,1.022167,1.023467,1.028618,,,,-0.0013,,0.0
513060,20210413,1.0155,1.022267,1.028364,,,,-0.006767,,0.0
513060,20210412,1.022833,1.028133,1.030436,,,,-0.0053,,0.0
513060,20210409,1.0365,1.0376,,,,,-0.0011,,0.0
513060,20210408,1.043333,1.042133,,,,,0.0012,,0.0
513060,20210407,1.036667,1.036467,,,,,0.0002,,0.0
513060,20210406,1.040833,1.036067,,,,,0.004766,,0.0
513060,20210402,1.036333,1.029133,,,,,0.0072,,0.0
513060,20210401,1.03,,,,,,,,0.0
513060,20210331,1.011,,,,,,,,0.0
513060,20210330,,,,,,,,,0.0
513060,20210329,,,,,,,,,0.0
