代码,日期,开盘价,最高价,最低价,收盘价,上日收盘,涨跌,涨幅%,成交量(手数),成交额(千元)
159903.SZ,20250627,1.247,1.263,1.247,1.253,1.249,0.004,0.3203,184932.0,23228.295
159903.SZ,20250626,1.251,1.26,1.248,1.249,1.254,-0.005,-0.3987,141973.87,17794.689
159903.SZ,20250625,1.238,1.255,1.233,1.254,1.233,0.021,1.7032,243511.79,30271.917
159903.SZ,20250624,1.213,1.233,1.213,1.233,1.215,0.018,1.4815,178460.0,21900.059
159903.SZ,20250623,1.206,1.215,1.2,1.215,1.21,0.005,0.4132,92223.0,11155.285
159903.SZ,20250620,1.214,1.217,1.208,1.21,1.215,-0.005,-0.4115,76027.0,9211.127
159903.SZ,20250619,1.224,1.228,1.211,1.215,1.227,-0.012,-0.978,117727.0,14316.906
159903.SZ,20250618,1.22,1.228,1.22,1.227,1.224,0.003,0.2451,64292.0,7871.361
159903.SZ,20250617,1.226,1.229,1.221,1.224,1.225,-0.001,-0.0816,80121.79,9812.713
159903.SZ,20250616,1.216,1.227,1.216,1.225,1.222,0.003,0.2455,71835.0,8790.52
159903.SZ,20250613,1.231,1.231,1.217,1.222,1.233,-0.011,-0.8921,198625.0,24293.483
159903.SZ,20250612,1.227,1.236,1.226,1.233,1.232,0.001,0.0812,102129.0,12579.347
159903.SZ,20250611,1.22,1.238,1.22,1.232,1.222,0.01,0.8183,134207.91,16539.87
159903.SZ,20250610,1.235,1.235,1.215,1.222,1.233,-0.011,-0.8921,205635.0,25207.48
159903.SZ,20250609,1.227,1.236,1.224,1.233,1.224,0.009,0.7353,153148.0,18864.042
159903.SZ,20250606,1.225,1.229,1.221,1.224,1.225,-0.001,-0.0816,110373.0,13514.17
159903.SZ,20250605,1.217,1.229,1.215,1.225,1.219,0.006,0.4922,120187.0,14670.133
159903.SZ,20250604,1.209,1.22,1.209,1.219,1.208,0.011,0.9106,159825.0,19447.711
159903.SZ,20250603,1.204,1.212,1.202,1.208,1.209,-0.001,-0.0827,73774.0,8919.331
159903.SZ,20250530,1.212,1.214,1.204,1.209,1.219,-0.01,-0.8203,148988.0,17999.762
159903.SZ,20250529,1.204,1.219,1.203,1.219,1.203,0.016,1.33,162247.0,19674.827
159903.SZ,20250528,1.207,1.21,1.201,1.203,1.207,-0.004,-0.3314,97512.0,11754.21
159903.SZ,20250527,1.209,1.212,1.202,1.207,1.213,-0.006,-0.4946,121293.0,14630.901
159903.SZ,20250526,1.216,1.219,1.206,1.213,1.219,-0.006,-0.4922,152181.0,18439.8
159903.SZ,20250523,1.227,1.235,1.217,1.219,1.227,-0.008,-0.652,120046.0,14732.416
159903.SZ,20250522,1.232,1.234,1.226,1.227,1.234,-0.007,-0.5673,108647.0,13363.593
159903.SZ,20250521,1.23,1.239,1.228,1.234,1.23,0.004,0.3252,115176.26,14215.764
159903.SZ,20250520,1.22,1.233,1.218,1.23,1.221,0.009,0.7371,131459.0,16122.038
159903.SZ,20250519,1.22,1.223,1.212,1.221,1.224,-0.003,-0.2451,99619.0,12124.612
159903.SZ,20250516,1.222,1.226,1.219,1.224,1.226,-0.002,-0.1631,113981.0,13938.399
159903.SZ,20250515,1.239,1.239,1.224,1.226,1.242,-0.016,-1.2882,167683.0,20615.875
159903.SZ,20250514,1.232,1.248,1.227,1.242,1.233,0.009,0.7299,193359.0,23919.018
159903.SZ,20250513,1.248,1.248,1.231,1.233,1.237,-0.004,-0.3234,303404.0,37472.935
159903.SZ,20250512,1.222,1.237,1.222,1.237,1.216,0.021,1.727,199657.0,24537.28
159903.SZ,20250509,1.222,1.223,1.21,1.216,1.223,-0.007,-0.5724,122900.0,14933.866
159903.SZ,20250508,1.211,1.225,1.207,1.223,1.213,0.01,0.8244,182361.0,22234.489
159903.SZ,20250507,1.22,1.229,1.206,1.213,1.208,0.005,0.4139,241966.09,29403.451
159903.SZ,20250506,1.192,1.208,1.192,1.208,1.189,0.019,1.598,189520.0,22785.75
159903.SZ,20250430,1.181,1.19,1.181,1.189,1.182,0.007,0.5922,133095.0,15803.242
159903.SZ,20250429,1.181,1.186,1.176,1.182,1.183,-0.001,-0.0845,77920.0,9199.592
159903.SZ,20250428,1.19,1.19,1.18,1.183,1.19,-0.007,-0.5882,108989.0,12902.862
159903.SZ,20250425,1.188,1.196,1.184,1.19,1.185,0.005,0.4219,158127.0,18823.802
159903.SZ,20250424,1.192,1.195,1.18,1.185,1.19,-0.005,-0.4202,125543.01,14903.798
159903.SZ,20250423,1.19,1.199,1.184,1.19,1.183,0.007,0.5917,190470.01,22688.168
159903.SZ,20250422,1.187,1.188,1.18,1.183,1.186,-0.003,-0.253,117937.0,13960.175
159903.SZ,20250421,1.17,1.187,1.165,1.186,1.172,0.014,1.1945,145615.0,17180.258
159903.SZ,20250418,1.166,1.173,1.164,1.172,1.171,0.001,0.0854,100283.0,11721.122
159903.SZ,20250417,1.164,1.177,1.163,1.171,1.172,-0.001,-0.0853,101355.0,11879.363
159903.SZ,20250416,1.177,1.177,1.157,1.172,1.181,-0.009,-0.7621,182888.0,21333.288
159903.SZ,20250415,1.182,1.183,1.173,1.181,1.183,-0.002,-0.1691,132020.0,15534.47
159903.SZ,20250414,1.187,1.193,1.18,1.183,1.177,0.006,0.5098,220595.0,26166.531
159903.SZ,20250411,1.159,1.186,1.155,1.177,1.17,0.007,0.5983,253937.0,29767.678
159903.SZ,20250410,1.16,1.183,1.126,1.17,1.143,0.027,2.3622,358360.0,41929.229
159903.SZ,20250409,1.114,1.148,1.095,1.143,1.129,0.014,1.24,432628.0,48800.92
159903.SZ,20250408,1.12,1.138,1.114,1.129,1.12,0.009,0.8036,382821.0,43001.796
159903.SZ,20250407,1.194,1.194,1.118,1.12,1.242,-0.122,-9.8229,590166.63,67665.041
159903.SZ,20250403,1.25,1.255,1.238,1.242,1.26,-0.018,-1.4286,286565.0,35686.786
159903.SZ,20250402,1.259,1.266,1.256,1.26,1.259,0.001,0.0794,84668.0,10674.166
159903.SZ,20250401,1.258,1.267,1.256,1.259,1.26,-0.001,-0.0794,119293.0,15045.042
159903.SZ,20250331,1.266,1.271,1.25,1.26,1.272,-0.012,-0.9434,164794.0,20747.198
159903.SZ,20250328,1.279,1.279,1.268,1.272,1.279,-0.007,-0.5473,139095.0,17718.822
159903.SZ,20250327,1.27,1.287,1.265,1.279,1.276,0.003,0.2351,124957.0,15934.694
159903.SZ,20250326,1.276,1.282,1.273,1.276,1.282,-0.006,-0.468,80790.0,10322.605
159903.SZ,20250325,1.28,1.285,1.272,1.282,1.282,0.0,0.0,109770.0,14024.933
159903.SZ,20250324,1.281,1.285,1.266,1.282,1.282,0.0,0.0,145815.58,18608.373
159903.SZ,20250321,1.3,1.305,1.276,1.282,1.306,-0.024,-1.8377,211297.88,27207.237
159903.SZ,20250320,1.315,1.315,1.302,1.306,1.315,-0.009,-0.6844,117655.88,15387.612
159903.SZ,20250319,1.319,1.32,1.308,1.315,1.319,-0.004,-0.3033,96339.0,12654.463
159903.SZ,20250318,1.312,1.322,1.312,1.319,1.311,0.008,0.6102,113581.1,14966.777
159903.SZ,20250317,1.316,1.318,1.309,1.311,1.315,-0.004,-0.3042,92000.0,12077.912
159903.SZ,20250314,1.285,1.316,1.285,1.315,1.287,0.028,2.1756,209752.92,27375.535
159903.SZ,20250313,1.296,1.301,1.279,1.287,1.299,-0.012,-0.9238,122482.27,15773.081
159903.SZ,20250312,1.299,1.31,1.296,1.299,1.298,0.001,0.077,95512.0,12434.74
159903.SZ,20250311,1.277,1.298,1.277,1.298,1.296,0.002,0.1543,91971.0,11857.541
159903.SZ,20250310,1.299,1.303,1.285,1.296,1.299,-0.003,-0.2309,133965.38,17341.558
159903.SZ,20250307,1.301,1.308,1.292,1.299,1.305,-0.006,-0.4598,177366.38,23067.099
159903.SZ,20250306,1.288,1.308,1.288,1.305,1.282,0.023,1.7941,183149.0,23770.171
159903.SZ,20250305,1.278,1.284,1.273,1.282,1.278,0.004,0.313,84936.0,10871.792
159903.SZ,20250304,1.268,1.28,1.265,1.278,1.28,-0.002,-0.1563,110032.0,14016.216
159903.SZ,20250303,1.275,1.294,1.27,1.28,1.275,0.005,0.3922,139106.0,17833.426
159903.SZ,20250228,1.297,1.305,1.272,1.275,1.307,-0.032,-2.4484,219060.0,28149.557
159903.SZ,20250227,1.314,1.317,1.292,1.307,1.312,-0.005,-0.3811,154399.97,20131.027
159903.SZ,20250226,1.301,1.312,1.296,1.312,1.301,0.011,0.8455,138488.0,18071.461
159903.SZ,20250225,1.299,1.313,1.296,1.301,1.315,-0.014,-1.0646,129032.37,16789.761
159903.SZ,20250224,1.318,1.323,1.305,1.315,1.317,-0.002,-0.1519,241345.3,31742.153
159903.SZ,20250221,1.295,1.319,1.294,1.317,1.291,0.026,2.0139,244034.0,31985.766
159903.SZ,20250220,1.288,1.297,1.284,1.291,1.29,0.001,0.0775,174132.0,22476.371
159903.SZ,20250219,1.271,1.29,1.268,1.29,1.273,0.017,1.3354,163374.0,20967.778
159903.SZ,20250218,1.296,1.296,1.268,1.273,1.294,-0.021,-1.6229,195751.0,25129.796
159903.SZ,20250217,1.293,1.3,1.282,1.294,1.287,0.007,0.5439,179807.0,23219.875
159903.SZ,20250214,1.269,1.29,1.269,1.287,1.273,0.014,1.0998,216004.0,27693.777
159903.SZ,20250213,1.282,1.286,1.272,1.273,1.282,-0.009,-0.702,244674.0,31284.006
159903.SZ,20250212,1.265,1.283,1.259,1.282,1.266,0.016,1.2638,196889.11,25012.108
159903.SZ,20250211,1.273,1.273,1.261,1.266,1.273,-0.007,-0.5499,266835.15,33767.909
159903.SZ,20250210,1.267,1.276,1.262,1.273,1.266,0.007,0.5529,217972.26,27656.615
159903.SZ,20250207,1.246,1.278,1.242,1.266,1.246,0.02,1.6051,416990.37,52732.305
159903.SZ,20250206,1.218,1.246,1.215,1.246,1.218,0.028,2.2989,292557.37,36027.774
159903.SZ,20250205,1.223,1.23,1.214,1.218,1.221,-0.003,-0.2457,180403.38,22023.649
159903.SZ,20250127,1.238,1.24,1.22,1.221,1.238,-0.017,-1.3732,242850.0,29822.917
159903.SZ,20250124,1.219,1.238,1.216,1.238,1.224,0.014,1.1438,204112.0,25103.045
159903.SZ,20250123,1.231,1.248,1.22,1.224,1.225,-0.001,-0.0816,280588.98,34623.125
159903.SZ,20250122,1.229,1.23,1.217,1.225,1.235,-0.01,-0.8097,155306.0,18983.42
159903.SZ,20250121,1.237,1.237,1.222,1.235,1.229,0.006,0.4882,198645.0,24425.686
159903.SZ,20250120,1.225,1.237,1.224,1.229,1.216,0.013,1.0691,183022.0,22514.145
159903.SZ,20250117,1.204,1.224,1.201,1.216,1.209,0.007,0.579,183799.0,22303.581
159903.SZ,20250116,1.208,1.227,1.199,1.209,1.205,0.004,0.332,245408.0,29753.633
159903.SZ,20250115,1.213,1.215,1.202,1.205,1.217,-0.012,-0.986,221146.0,26715.431
159903.SZ,20250114,1.174,1.218,1.172,1.217,1.173,0.044,3.7511,324734.63,38948.481
159903.SZ,20250113,1.163,1.181,1.158,1.173,1.177,-0.004,-0.3398,195759.0,22934.62
159903.SZ,20250110,1.193,1.198,1.176,1.177,1.196,-0.019,-1.5886,220705.38,26187.255
159903.SZ,20250109,1.186,1.2,1.185,1.196,1.19,0.006,0.5042,252321.0,30155.333
159903.SZ,20250108,1.192,1.2,1.166,1.19,1.2,-0.01,-0.8333,353251.0,41822.77
159903.SZ,20250107,1.182,1.2,1.181,1.2,1.187,0.013,1.0952,265254.0,31548.1
159903.SZ,20250106,1.189,1.195,1.178,1.187,1.191,-0.004,-0.3359,303196.0,35960.193
159903.SZ,20250103,1.209,1.214,1.185,1.191,1.209,-0.018,-1.4888,353025.0,42360.243
159903.SZ,20250102,1.249,1.249,1.2,1.209,1.25,-0.041,-3.28,347067.0,42412.153
159903.SZ,20241231,1.28,1.28,1.25,1.25,1.28,-0.03,-2.3438,272719.0,34432.387
159903.SZ,20241230,1.278,1.285,1.274,1.28,1.278,0.002,0.1565,189492.0,24252.527
159903.SZ,20241227,1.277,1.292,1.273,1.278,1.279,-0.001,-0.0782,192060.0,24624.526
159903.SZ,20241226,1.272,1.281,1.266,1.279,1.274,0.005,0.3925,174218.68,22246.474
159903.SZ,20241225,1.281,1.281,1.263,1.274,1.278,-0.004,-0.313,185156.0,23530.85
159903.SZ,20241224,1.266,1.278,1.265,1.278,1.266,0.012,0.9479,211452.68,26877.844
159903.SZ,20241223,1.277,1.282,1.264,1.266,1.277,-0.011,-0.8614,181599.0,23106.012
159903.SZ,20241220,1.276,1.285,1.272,1.277,1.277,0.0,0.0,153491.0,19609.583
159903.SZ,20241219,1.261,1.279,1.254,1.277,1.268,0.009,0.7098,205137.89,26008.3
159903.SZ,20241218,1.266,1.275,1.262,1.268,1.266,0.002,0.158,173867.0,22055.075
159903.SZ,20241217,1.275,1.279,1.263,1.266,1.268,-0.002,-0.1577,186053.78,23620.855
159903.SZ,20241216,1.284,1.288,1.263,1.268,1.284,-0.016,-1.2461,203688.0,25904.007
159903.SZ,20241213,1.305,1.306,1.282,1.284,1.311,-0.027,-2.0595,200812.0,25946.018
159903.SZ,20241212,1.298,1.314,1.295,1.311,1.299,0.012,0.9238,160100.01,20887.527
159903.SZ,20241211,1.295,1.303,1.292,1.299,1.298,0.001,0.077,142160.0,18452.656
159903.SZ,20241210,1.327,1.338,1.292,1.298,1.287,0.011,0.8547,312385.0,40990.377
159903.SZ,20241209,1.293,1.296,1.277,1.287,1.297,-0.01,-0.771,179368.0,23092.742
159903.SZ,20241206,1.275,1.301,1.271,1.297,1.274,0.023,1.8053,271358.0,34926.967
159903.SZ,20241205,1.266,1.279,1.265,1.274,1.27,0.004,0.315,151026.0,19219.607
159903.SZ,20241204,1.281,1.285,1.267,1.27,1.286,-0.016,-1.2442,178128.0,22713.33
159903.SZ,20241203,1.289,1.29,1.274,1.286,1.29,-0.004,-0.3101,204784.0,26257.52
159903.SZ,20241202,1.278,1.291,1.266,1.29,1.275,0.015,1.1765,239009.0,30650.532
159903.SZ,20241129,1.243,1.286,1.243,1.275,1.25,0.025,2.0,303075.0,38392.526
159903.SZ,20241128,1.27,1.27,1.249,1.25,1.27,-0.02,-1.5748,229155.0,28824.419
159903.SZ,20241127,1.241,1.27,1.223,1.27,1.241,0.029,2.3368,236104.0,29355.822
159903.SZ,20241126,1.247,1.254,1.239,1.241,1.25,-0.009,-0.72,186794.0,23264.783
159903.SZ,20241125,1.25,1.26,1.233,1.25,1.25,0.0,0.0,254444.0,31725.904
159903.SZ,20241122,1.295,1.297,1.25,1.25,1.297,-0.047,-3.6237,261463.0,33343.801
159903.SZ,20241121,1.296,1.3,1.288,1.297,1.298,-0.001,-0.077,222906.0,28845.752
159903.SZ,20241120,1.284,1.303,1.28,1.298,1.288,0.01,0.7764,302667.0,39089.415
159903.SZ,20241119,1.266,1.288,1.25,1.288,1.265,0.023,1.8182,348371.88,44226.499
159903.SZ,20241118,1.294,1.304,1.256,1.265,1.291,-0.026,-2.0139,440017.0,56066.889
159903.SZ,20241115,1.324,1.329,1.29,1.291,1.324,-0.033,-2.4924,392022.0,51345.169
159903.SZ,20241114,1.359,1.359,1.32,1.324,1.359,-0.035,-2.5754,228960.0,30636.728
159903.SZ,20241113,1.351,1.366,1.335,1.359,1.358,0.001,0.0736,218022.89,29463.004
159903.SZ,20241112,1.369,1.384,1.345,1.358,1.365,-0.007,-0.5128,355536.7,48596.102
159903.SZ,20241111,1.334,1.365,1.325,1.365,1.337,0.028,2.0942,304567.91,41058.821
159903.SZ,20241108,1.371,1.371,1.336,1.337,1.35,-0.013,-0.963,348736.65,47079.497
159903.SZ,20241107,1.3,1.351,1.298,1.35,1.315,0.035,2.6616,359539.98,47540.693
159903.SZ,20241106,1.32,1.34,1.305,1.315,1.319,-0.004,-0.3033,368157.0,48678.594
159903.SZ,20241105,1.277,1.322,1.271,1.319,1.28,0.039,3.0469,376689.57,49086.891
159903.SZ,20241104,1.255,1.28,1.254,1.28,1.258,0.022,1.7488,233493.0,29628.81
159903.SZ,20241101,1.268,1.272,1.25,1.258,1.27,-0.012,-0.9449,313997.01,39646.822
159903.SZ,20241031,1.257,1.282,1.252,1.27,1.26,0.01,0.7937,335394.01,42545.849
159903.SZ,20241030,1.261,1.27,1.247,1.26,1.267,-0.007,-0.5525,228024.0,28737.001
159903.SZ,20241029,1.28,1.286,1.261,1.267,1.28,-0.013,-1.0156,295527.63,37656.442
159903.SZ,20241028,1.281,1.292,1.26,1.28,1.275,0.005,0.3922,368941.0,46990.813
159903.SZ,20241025,1.25,1.283,1.25,1.275,1.25,0.025,2.0,363047.63,45983.169
159903.SZ,20241024,1.257,1.263,1.248,1.25,1.268,-0.018,-1.4196,272982.65,34224.774
159903.SZ,20241023,1.262,1.284,1.256,1.268,1.262,0.006,0.4754,354467.0,45062.672
159903.SZ,20241022,1.25,1.269,1.244,1.262,1.253,0.009,0.7183,292303.9,36752.945
159903.SZ,20241021,1.244,1.273,1.237,1.253,1.242,0.011,0.8857,486644.91,61024.946
159903.SZ,20241018,1.186,1.286,1.181,1.242,1.189,0.053,4.4575,603629.0,73767.908
159903.SZ,20241017,1.199,1.212,1.184,1.189,1.196,-0.007,-0.5853,332763.0,39935.109
159903.SZ,20241016,1.19,1.211,1.181,1.196,1.208,-0.012,-0.9934,406192.0,48500.847
159903.SZ,20241015,1.236,1.248,1.207,1.208,1.239,-0.031,-2.502,322629.0,39607.057
159903.SZ,20241014,1.202,1.241,1.193,1.239,1.204,0.035,2.907,599084.0,73031.009
159903.SZ,20241011,1.258,1.258,1.19,1.204,1.261,-0.057,-4.5202,520084.0,63296.824
159903.SZ,20241010,1.273,1.302,1.23,1.261,1.273,-0.012,-0.9427,609092.9,77404.402
159903.SZ,20241009,1.384,1.385,1.261,1.273,1.384,-0.111,-8.0202,783871.53,103212.64
159903.SZ,20241008,1.384,1.384,1.285,1.384,1.258,0.126,10.0159,905607.33,124188.971
159903.SZ,20240930,1.185,1.258,1.175,1.258,1.144,0.114,9.965,864991.76,105521.872
159903.SZ,20240927,1.085,1.159,1.085,1.144,1.074,0.07,6.5177,681278.93,76678.482
159903.SZ,20240926,1.02,1.074,1.017,1.074,1.022,0.052,5.0881,420765.0,43912.297
159903.SZ,20240925,1.02,1.048,1.02,1.022,1.012,0.01,0.9881,511057.0,52838.658
159903.SZ,20240924,0.973,1.012,0.969,1.012,0.968,0.044,4.5455,555886.16,55023.961
159903.SZ,20240923,0.968,0.979,0.965,0.968,0.968,0.0,0.0,222459.27,21621.737
159903.SZ,20240920,0.966,0.969,0.959,0.968,0.969,-0.001,-0.1032,201688.0,19437.204
159903.SZ,20240919,0.96,0.978,0.953,0.969,0.959,0.01,1.0428,285510.0,27620.334
159903.SZ,20240918,0.956,0.962,0.948,0.959,0.958,0.001,0.1044,171543.0,16366.969
159903.SZ,20240913,0.966,0.969,0.958,0.958,0.965,-0.007,-0.7254,126903.0,12218.486
159903.SZ,20240912,0.972,0.98,0.965,0.965,0.971,-0.006,-0.6179,148372.0,14421.121
159903.SZ,20240911,0.965,0.974,0.961,0.971,0.969,0.002,0.2064,190732.0,18489.638
159903.SZ,20240910,0.968,0.973,0.956,0.969,0.968,0.001,0.1033,208244.0,20069.724
159903.SZ,20240909,0.972,0.974,0.962,0.968,0.975,-0.007,-0.7179,190939.45,18471.495
159903.SZ,20240906,0.989,0.991,0.974,0.975,0.988,-0.013,-1.3158,158127.0,15515.528
159903.SZ,20240905,0.985,0.994,0.985,0.988,0.986,0.002,0.2028,123150.0,12169.01
159903.SZ,20240904,0.982,0.995,0.981,0.986,0.989,-0.003,-0.3033,169850.0,16767.728
159903.SZ,20240903,0.978,0.993,0.976,0.989,0.979,0.01,1.0215,197383.0,19477.342
159903.SZ,20240902,0.998,0.999,0.978,0.979,1.001,-0.022,-2.1978,216815.0,21411.194
159903.SZ,20240830,0.975,1.013,0.974,1.001,0.976,0.025,2.5615,364766.0,36393.159
159903.SZ,20240829,0.967,0.981,0.962,0.976,0.967,0.009,0.9307,179766.0,17484.376
159903.SZ,20240828,0.967,0.97,0.963,0.967,0.969,-0.002,-0.2064,108824.0,10514.936
159903.SZ,20240827,0.978,0.979,0.968,0.969,0.981,-0.012,-1.2232,123752.0,12024.146
159903.SZ,20240826,0.961,0.984,0.961,0.981,0.979,0.002,0.2043,104368.0,10223.249
159903.SZ,20240823,0.975,0.982,0.972,0.979,0.978,0.001,0.1022,135831.0,13273.885
159903.SZ,20240822,0.985,0.986,0.976,0.978,0.985,-0.007,-0.7107,181562.0,17772.899
159903.SZ,20240821,0.985,0.992,0.981,0.985,0.991,-0.006,-0.6054,105314.0,10387.884
159903.SZ,20240820,1.001,1.001,0.985,0.991,1.001,-0.01,-0.999,179734.0,17804.776
159903.SZ,20240819,1.0,1.009,0.999,1.001,1.001,0.0,0.0,138795.0,13924.883
159903.SZ,20240816,1.002,1.006,0.998,1.001,1.002,-0.001,-0.0998,98789.01,9891.771
159903.SZ,20240815,0.995,1.009,0.991,1.002,0.997,0.005,0.5015,133781.0,13405.814
159903.SZ,20240814,1.007,1.007,0.996,0.997,1.008,-0.011,-1.0913,124506.0,12437.735
159903.SZ,20240813,1.003,1.008,0.997,1.008,1.003,0.005,0.4985,108983.0,10916.64
159903.SZ,20240812,1.006,1.011,1.0,1.003,1.007,-0.004,-0.3972,115353.0,11578.516
159903.SZ,20240809,1.015,1.021,1.006,1.007,1.012,-0.005,-0.4941,126102.0,12766.773
159903.SZ,20240808,1.01,1.018,1.0,1.012,1.01,0.002,0.198,152419.0,15380.23
159903.SZ,20240807,1.012,1.017,1.007,1.01,1.012,-0.002,-0.1976,130656.0,13224.765
159903.SZ,20240806,1.015,1.02,1.004,1.012,1.007,0.005,0.4965,186444.0,18849.134
159903.SZ,20240805,1.021,1.035,1.006,1.007,1.023,-0.016,-1.564,232076.0,23663.548
159903.SZ,20240802,1.032,1.04,1.021,1.023,1.039,-0.016,-1.5399,187219.0,19298.925
159903.SZ,20240801,1.048,1.051,1.034,1.039,1.048,-0.009,-0.8588,184627.01,19236.933
159903.SZ,20240731,1.011,1.048,1.01,1.048,1.013,0.035,3.4551,256531.0,26467.405
159903.SZ,20240730,1.02,1.02,1.008,1.013,1.023,-0.01,-0.9775,172322.0,17421.066
159903.SZ,20240729,1.027,1.029,1.019,1.023,1.029,-0.006,-0.5831,148458.0,15163.478
159903.SZ,20240726,1.013,1.03,1.013,1.029,1.014,0.015,1.4793,168315.57,17236.841
159903.SZ,20240725,1.015,1.021,1.01,1.014,1.018,-0.004,-0.3929,136305.0,13827.513
159903.SZ,20240724,1.03,1.034,1.015,1.018,1.032,-0.014,-1.3566,203881.0,20831.528
159903.SZ,20240723,1.057,1.058,1.032,1.032,1.058,-0.026,-2.4575,172026.0,17955.031
159903.SZ,20240722,1.065,1.067,1.054,1.058,1.065,-0.007,-0.6573,124851.1,13228.522
159903.SZ,20240719,1.058,1.067,1.052,1.065,1.061,0.004,0.377,152593.0,16223.078
159903.SZ,20240718,1.053,1.062,1.044,1.061,1.056,0.005,0.4735,180327.0,18992.582
159903.SZ,20240717,1.058,1.06,1.052,1.056,1.06,-0.004,-0.3774,138749.91,14653.232
159903.SZ,20240716,1.05,1.06,1.048,1.06,1.051,0.009,0.8563,167833.35,17711.213
159903.SZ,20240715,1.054,1.056,1.048,1.051,1.06,-0.009,-0.8491,117250.0,12330.942
159903.SZ,20240712,1.057,1.061,1.053,1.06,1.059,0.001,0.0944,124759.57,13177.407
159903.SZ,20240711,1.047,1.061,1.044,1.059,1.038,0.021,2.0231,181281.57,19101.277
159903.SZ,20240710,1.038,1.045,1.034,1.038,1.039,-0.001,-0.0962,133569.0,13908.684
159903.SZ,20240709,1.023,1.042,1.016,1.039,1.024,0.015,1.4648,206923.0,21324.614
159903.SZ,20240708,1.038,1.038,1.02,1.024,1.038,-0.014,-1.3487,118069.0,12123.0
159903.SZ,20240705,1.035,1.041,1.024,1.038,1.037,0.001,0.0964,171205.0,17640.3
159903.SZ,20240704,1.046,1.051,1.034,1.037,1.046,-0.009,-0.8604,95024.0,9899.588
159903.SZ,20240703,1.053,1.054,1.043,1.046,1.054,-0.008,-0.759,103330.19,10817.137
159903.SZ,20240702,1.056,1.062,1.05,1.054,1.06,-0.006,-0.566,104121.0,10985.412
159903.SZ,20240701,1.057,1.063,1.046,1.06,1.058,0.002,0.189,122619.0,12927.514
159903.SZ,20240628,1.054,1.069,1.049,1.058,1.054,0.004,0.3795,138975.0,14758.647
159903.SZ,20240627,1.068,1.068,1.053,1.054,1.071,-0.017,-1.5873,132507.0,14027.31
159903.SZ,20240626,1.051,1.072,1.049,1.071,1.055,0.016,1.5166,155193.72,16469.399
159903.SZ,20240625,1.067,1.068,1.049,1.055,1.068,-0.013,-1.2172,154025.0,16285.13
159903.SZ,20240624,1.079,1.079,1.062,1.068,1.082,-0.014,-1.2939,145999.0,15604.227
159903.SZ,20240621,1.083,1.085,1.073,1.082,1.082,0.0,0.0,98439.13,10617.746
159903.SZ,20240620,1.099,1.099,1.081,1.082,1.099,-0.017,-1.5469,139503.0,15157.628
159903.SZ,20240619,1.11,1.11,1.098,1.099,1.109,-0.01,-0.9017,71115.0,7825.122
159903.SZ,20240618,1.103,1.111,1.102,1.109,1.104,0.005,0.4529,48754.0,5398.779
159903.SZ,20240617,1.1,1.107,1.096,1.104,1.102,0.002,0.1815,48846.0,5386.988
159903.SZ,20240614,1.092,1.103,1.087,1.102,1.095,0.007,0.6393,86888.0,9516.906
159903.SZ,20240613,1.102,1.104,1.093,1.095,1.101,-0.006,-0.545,55670.0,6109.301
159903.SZ,20240612,1.097,1.105,1.096,1.101,1.098,0.003,0.2732,63966.0,7046.089
159903.SZ,20240611,1.095,1.102,1.089,1.098,1.102,-0.004,-0.363,77503.15,8483.678
159903.SZ,20240607,1.112,1.113,1.092,1.102,1.112,-0.01,-0.8993,119903.0,13184.27
159903.SZ,20240606,1.117,1.122,1.105,1.112,1.117,-0.005,-0.4476,96225.0,10707.538
159903.SZ,20240605,1.124,1.129,1.115,1.117,1.124,-0.007,-0.6228,67135.0,7532.589
159903.SZ,20240604,1.112,1.125,1.107,1.124,1.111,0.013,1.1701,77346.78,8642.571
159903.SZ,20240603,1.112,1.117,1.104,1.111,1.113,-0.002,-0.1797,67094.0,7443.531
159903.SZ,20240531,1.114,1.122,1.112,1.113,1.114,-0.001,-0.0898,36888.0,4117.123
159903.SZ,20240530,1.112,1.119,1.109,1.114,1.115,-0.001,-0.0897,54959.0,6120.407
159903.SZ,20240529,1.11,1.121,1.11,1.115,1.114,0.001,0.0898,59571.0,6651.554
159903.SZ,20240528,1.122,1.125,1.113,1.114,1.127,-0.013,-1.1535,54564.0,6099.579
159903.SZ,20240527,1.118,1.127,1.111,1.127,1.118,0.009,0.805,62757.0,7011.978
159903.SZ,20240524,1.13,1.135,1.114,1.118,1.132,-0.014,-1.2367,82389.0,9271.537
159903.SZ,20240523,1.143,1.146,1.127,1.132,1.146,-0.014,-1.2216,89196.19,10107.038
159903.SZ,20240522,1.143,1.149,1.14,1.146,1.144,0.002,0.1748,51197.0,5859.308
159903.SZ,20240521,1.147,1.152,1.141,1.144,1.152,-0.008,-0.6944,75172.0,8611.337
159903.SZ,20240520,1.149,1.157,1.146,1.152,1.149,0.003,0.2611,93623.0,10781.357
159903.SZ,20240517,1.136,1.149,1.131,1.149,1.134,0.015,1.3228,72881.99,8296.881
159903.SZ,20240516,1.132,1.143,1.132,1.134,1.132,0.002,0.1767,51160.37,5819.121
159903.SZ,20240515,1.141,1.142,1.131,1.132,1.14,-0.008,-0.7018,75064.0,8530.274
159903.SZ,20240514,1.142,1.149,1.137,1.14,1.141,-0.001,-0.0876,69768.0,7964.988
159903.SZ,20240513,1.14,1.147,1.134,1.141,1.149,-0.008,-0.6963,85062.0,9692.965
159903.SZ,20240510,1.157,1.158,1.141,1.149,1.154,-0.005,-0.4333,109615.0,12569.615
159903.SZ,20240509,1.138,1.156,1.138,1.154,1.14,0.014,1.2281,117561.0,13506.1
159903.SZ,20240508,1.152,1.152,1.137,1.14,1.155,-0.015,-1.2987,81691.0,9335.031
159903.SZ,20240507,1.154,1.159,1.148,1.155,1.153,0.002,0.1735,132986.53,15326.835
159903.SZ,20240506,1.152,1.157,1.147,1.153,1.13,0.023,2.0354,134796.48,15534.715
159903.SZ,20240430,1.142,1.142,1.128,1.13,1.142,-0.012,-1.0508,112145.0,12737.144
159903.SZ,20240429,1.117,1.144,1.116,1.142,1.116,0.026,2.3297,146626.68,16632.147
159903.SZ,20240426,1.092,1.117,1.091,1.116,1.091,0.025,2.2915,119824.0,13251.981
159903.SZ,20240425,1.09,1.1,1.083,1.091,1.091,0.0,0.0,89935.0,9812.126
159903.SZ,20240424,1.078,1.091,1.077,1.091,1.083,0.008,0.7387,95774.0,10386.829
159903.SZ,20240423,1.095,1.095,1.079,1.083,1.092,-0.009,-0.8242,113429.0,12281.033
159903.SZ,20240422,1.091,1.099,1.085,1.092,1.093,-0.001,-0.0915,78354.0,8554.446
159903.SZ,20240419,1.099,1.102,1.086,1.093,1.103,-0.01,-0.9066,112921.0,12335.243
159903.SZ,20240418,1.098,1.117,1.095,1.103,1.105,-0.002,-0.181,109259.0,12094.417
159903.SZ,20240417,1.082,1.105,1.082,1.105,1.082,0.023,2.1257,86983.67,9525.051
159903.SZ,20240416,1.1,1.102,1.075,1.082,1.106,-0.024,-2.17,118195.0,12873.241
159903.SZ,20240415,1.084,1.109,1.084,1.106,1.09,0.016,1.4679,108652.0,11936.981
159903.SZ,20240412,1.098,1.103,1.085,1.09,1.098,-0.008,-0.7286,64312.0,7030.066
159903.SZ,20240411,1.09,1.106,1.088,1.098,1.096,0.002,0.1825,62074.0,6808.997
159903.SZ,20240410,1.113,1.113,1.091,1.096,1.113,-0.017,-1.5274,87810.0,9655.772
159903.SZ,20240409,1.109,1.115,1.102,1.113,1.109,0.004,0.3607,80837.0,8962.545
159903.SZ,20240408,1.124,1.124,1.108,1.109,1.127,-0.018,-1.5972,101502.0,11312.055
159903.SZ,20240403,1.13,1.131,1.12,1.127,1.132,-0.005,-0.4417,62097.0,6985.751
159903.SZ,20240402,1.138,1.14,1.125,1.132,1.137,-0.005,-0.4398,144571.99,16343.82
159903.SZ,20240401,1.112,1.137,1.111,1.137,1.109,0.028,2.5248,119986.0,13561.605
159903.SZ,20240329,1.1,1.109,1.096,1.109,1.102,0.007,0.6352,85041.0,9374.286
159903.SZ,20240328,1.089,1.114,1.088,1.102,1.093,0.009,0.8234,145792.0,16049.384
159903.SZ,20240327,1.109,1.112,1.092,1.093,1.114,-0.021,-1.8851,130345.0,14337.533
159903.SZ,20240326,1.112,1.119,1.105,1.114,1.113,0.001,0.0898,152590.0,16971.517
159903.SZ,20240325,1.127,1.131,1.111,1.113,1.129,-0.016,-1.4172,132794.0,14885.595
159903.SZ,20240322,1.14,1.14,1.12,1.129,1.14,-0.011,-0.9649,197413.0,22283.174
159903.SZ,20240321,1.146,1.15,1.139,1.14,1.145,-0.005,-0.4367,83425.01,9536.613
159903.SZ,20240320,1.14,1.147,1.137,1.145,1.142,0.003,0.2627,89732.0,10257.08
159903.SZ,20240319,1.152,1.153,1.14,1.142,1.151,-0.009,-0.7819,91084.0,10446.184
159903.SZ,20240318,1.133,1.152,1.133,1.151,1.133,0.018,1.5887,99393.53,11357.052
159903.SZ,20240315,1.127,1.134,1.114,1.133,1.127,0.006,0.5324,60395.0,6784.052
159903.SZ,20240314,1.132,1.141,1.118,1.127,1.133,-0.006,-0.5296,96350.0,10874.901
159903.SZ,20240313,1.134,1.141,1.128,1.133,1.134,-0.001,-0.0882,134334.89,15219.827
159903.SZ,20240312,1.133,1.139,1.123,1.134,1.13,0.004,0.354,106576.0,12055.431
159903.SZ,20240311,1.103,1.131,1.103,1.13,1.103,0.027,2.4479,224907.1,25059.333
159903.SZ,20240308,1.088,1.106,1.087,1.103,1.094,0.009,0.8227,89885.0,9866.217
159903.SZ,20240307,1.105,1.114,1.093,1.094,1.105,-0.011,-0.9955,123486.0,13602.069
159903.SZ,20240306,1.108,1.122,1.098,1.105,1.109,-0.004,-0.3607,132664.0,14677.627
159903.SZ,20240305,1.101,1.114,1.1,1.109,1.113,-0.004,-0.3594,139741.75,15474.553
159903.SZ,20240304,1.115,1.119,1.101,1.113,1.115,-0.002,-0.1794,185031.0,20551.438
159903.SZ,20240301,1.098,1.116,1.094,1.115,1.099,0.016,1.4559,193983.0,21460.317
159903.SZ,20240229,1.067,1.099,1.06,1.099,1.067,0.032,2.9991,187005.0,20322.502
159903.SZ,20240228,1.099,1.108,1.066,1.067,1.094,-0.027,-2.468,226078.0,24685.26
159903.SZ,20240227,1.064,1.094,1.06,1.094,1.067,0.027,2.5305,118622.99,12815.447
159903.SZ,20240226,1.067,1.079,1.062,1.067,1.067,0.0,0.0,156509.0,16725.138
159903.SZ,20240223,1.065,1.069,1.057,1.067,1.065,0.002,0.1878,84378.0,8974.741
159903.SZ,20240222,1.054,1.066,1.051,1.065,1.056,0.009,0.8523,146201.0,15502.102
159903.SZ,20240221,1.043,1.077,1.036,1.056,1.046,0.01,0.956,212878.0,22572.881
159903.SZ,20240220,1.044,1.049,1.025,1.046,1.046,0.0,0.0,213153.0,22182.819
159903.SZ,20240219,1.056,1.056,1.035,1.046,1.046,0.0,0.0,209188.0,21827.893
159903.SZ,20240208,1.04,1.06,1.027,1.046,1.026,0.02,1.9493,303617.0,31820.081
159903.SZ,20240207,1.006,1.031,0.994,1.026,1.001,0.025,2.4975,266222.0,27179.097
159903.SZ,20240206,0.935,1.001,0.927,1.001,0.947,0.054,5.7022,273519.0,26593.73
159903.SZ,20240205,0.949,0.97,0.912,0.947,0.958,-0.011,-1.1482,241950.0,22659.248
159903.SZ,20240202,0.97,0.979,0.937,0.958,0.975,-0.017,-1.7436,195147.0,18720.29
159903.SZ,20240201,0.973,0.988,0.961,0.975,0.98,-0.005,-0.5102,159364.0,15540.431
159903.SZ,20240131,0.996,0.996,0.971,0.98,0.995,-0.015,-1.5075,211977.0,20780.151
159903.SZ,20240130,1.011,1.013,0.992,0.995,1.016,-0.021,-2.0669,203845.0,20394.118
159903.SZ,20240129,1.037,1.037,1.015,1.016,1.037,-0.021,-2.0251,166632.0,17073.529
159903.SZ,20240126,1.044,1.051,1.033,1.037,1.045,-0.008,-0.7656,242459.0,25261.89
159903.SZ,20240125,1.022,1.046,1.015,1.045,1.023,0.022,2.1505,213431.0,22052.914
159903.SZ,20240124,1.017,1.027,0.992,1.023,1.013,0.01,0.9872,183654.38,18565.385
159903.SZ,20240123,1.0,1.02,0.998,1.013,1.016,-0.003,-0.2953,144766.0,14611.789
159903.SZ,20240122,1.035,1.035,1.005,1.016,1.036,-0.02,-1.9305,160779.0,16412.734
159903.SZ,20240119,1.027,1.048,1.027,1.036,1.043,-0.007,-0.6711,159408.0,16586.72
159903.SZ,20240118,1.039,1.045,1.013,1.043,1.041,0.002,0.1921,205902.0,21089.912
159903.SZ,20240117,1.06,1.06,1.04,1.041,1.062,-0.021,-1.9774,94023.0,9848.319
159903.SZ,20240116,1.057,1.064,1.046,1.062,1.058,0.004,0.3781,83563.0,8819.298
159903.SZ,20240115,1.062,1.068,1.051,1.058,1.062,-0.004,-0.3766,56840.0,6024.823
159903.SZ,20240112,1.068,1.073,1.062,1.062,1.07,-0.008,-0.7477,54317.0,5799.745
159903.SZ,20240111,1.052,1.074,1.051,1.07,1.056,0.014,1.3258,122379.26,13021.281
159903.SZ,20240110,1.058,1.068,1.045,1.056,1.06,-0.004,-0.3774,141602.0,14957.954
159903.SZ,20240109,1.057,1.069,1.052,1.06,1.058,0.002,0.189,139644.0,14802.141
159903.SZ,20240108,1.076,1.08,1.058,1.058,1.076,-0.018,-1.6729,120020.0,12789.987
159903.SZ,20240105,1.09,1.096,1.073,1.076,1.091,-0.015,-1.3749,93750.26,10148.705
159903.SZ,20240104,1.101,1.101,1.084,1.091,1.102,-0.011,-0.9982,56310.0,6132.765
159903.SZ,20240103,1.102,1.112,1.095,1.102,1.109,-0.007,-0.6312,63927.0,7042.055
159903.SZ,20240102,1.125,1.125,1.108,1.109,1.124,-0.015,-1.3345,91495.0,10186.391
159903.SZ,20231229,1.115,1.126,1.112,1.124,1.115,0.009,0.8072,66889.0,7500.969
159903.SZ,20231228,1.087,1.116,1.085,1.115,1.086,0.029,2.6703,123774.0,13655.608
159903.SZ,20231227,1.083,1.088,1.078,1.086,1.084,0.002,0.1845,53398.0,5780.139
159903.SZ,20231226,1.092,1.094,1.079,1.084,1.094,-0.01,-0.9141,79585.0,8621.107
159903.SZ,20231225,1.091,1.095,1.085,1.094,1.091,0.003,0.275,80564.57,8782.67
159903.SZ,20231222,1.094,1.101,1.082,1.091,1.096,-0.005,-0.4562,103287.0,11283.975
159903.SZ,20231221,1.091,1.099,1.077,1.096,1.093,0.003,0.2745,134907.0,14645.582
159903.SZ,20231220,1.101,1.102,1.087,1.093,1.101,-0.008,-0.7266,134645.0,14712.738
159903.SZ,20231219,1.098,1.103,1.093,1.101,1.097,0.004,0.3646,64667.0,7094.16
159903.SZ,20231218,1.108,1.109,1.094,1.097,1.11,-0.013,-1.1712,95276.0,10492.221
159903.SZ,20231215,1.117,1.124,1.108,1.11,1.116,-0.006,-0.5376,108334.0,12071.059
159903.SZ,20231214,1.124,1.131,1.113,1.116,1.125,-0.009,-0.8,68948.0,7723.684
159903.SZ,20231213,1.139,1.139,1.124,1.125,1.139,-0.014,-1.2291,50852.0,5748.956
159903.SZ,20231212,1.135,1.14,1.132,1.139,1.139,0.0,0.0,44690.12,5077.999
159903.SZ,20231211,1.124,1.141,1.114,1.139,1.129,0.01,0.8857,65502.0,7376.284
159903.SZ,20231208,1.123,1.133,1.123,1.129,1.126,0.003,0.2664,42055.0,4746.569
159903.SZ,20231207,1.128,1.129,1.117,1.126,1.128,-0.002,-0.1773,67553.0,7580.594
159903.SZ,20231206,1.117,1.134,1.116,1.128,1.121,0.007,0.6244,82424.0,9278.754
159903.SZ,20231205,1.14,1.14,1.118,1.121,1.144,-0.023,-2.0105,87209.0,9856.6
159903.SZ,20231204,1.153,1.153,1.14,1.144,1.151,-0.007,-0.6082,40618.53,4653.833
159903.SZ,20231201,1.152,1.152,1.137,1.151,1.153,-0.002,-0.1735,60378.0,6908.116
159903.SZ,20231130,1.151,1.155,1.145,1.153,1.154,-0.001,-0.0867,38143.0,4387.064
159903.SZ,20231129,1.161,1.161,1.15,1.154,1.161,-0.007,-0.6029,39056.0,4506.942
159903.SZ,20231128,1.151,1.163,1.151,1.161,1.157,0.004,0.3457,36663.0,4246.216
159903.SZ,20231127,1.157,1.165,1.152,1.157,1.166,-0.009,-0.7719,41720.0,4821.186
159903.SZ,20231124,1.175,1.175,1.16,1.166,1.175,-0.009,-0.766,60861.0,7097.264
159903.SZ,20231123,1.163,1.175,1.159,1.175,1.167,0.008,0.6855,62231.0,7261.076
159903.SZ,20231122,1.181,1.181,1.165,1.167,1.183,-0.016,-1.3525,55923.0,6547.39
159903.SZ,20231121,1.185,1.194,1.178,1.183,1.184,-0.001,-0.0845,40879.0,4849.4
159903.SZ,20231120,1.179,1.186,1.172,1.184,1.179,0.005,0.4241,54816.0,6467.448
159903.SZ,20231117,1.176,1.18,1.171,1.179,1.175,0.004,0.3404,39030.0,4585.742
159903.SZ,20231116,1.19,1.19,1.175,1.175,1.19,-0.015,-1.2605,41469.0,4894.001
159903.SZ,20231115,1.196,1.196,1.187,1.19,1.182,0.008,0.6768,53860.0,6411.964
159903.SZ,20231114,1.18,1.188,1.177,1.182,1.18,0.002,0.1695,51935.0,6139.585
159903.SZ,20231113,1.179,1.184,1.173,1.18,1.179,0.001,0.0848,26372.0,3106.189
159903.SZ,20231110,1.18,1.181,1.173,1.179,1.183,-0.004,-0.3381,51824.0,6100.105
159903.SZ,20231109,1.187,1.191,1.18,1.183,1.188,-0.005,-0.4209,27455.0,3252.655
159903.SZ,20231108,1.186,1.192,1.179,1.188,1.188,0.0,0.0,52895.0,6275.399
159903.SZ,20231107,1.191,1.192,1.171,1.188,1.192,-0.004,-0.3356,75789.0,8985.825
159903.SZ,20231106,1.171,1.193,1.17,1.192,1.163,0.029,2.4936,95985.0,11362.879
159903.SZ,20231103,1.153,1.167,1.153,1.163,1.153,0.01,0.8673,43037.0,5006.07
159903.SZ,20231102,1.161,1.167,1.151,1.153,1.161,-0.008,-0.6891,28088.0,3254.597
159903.SZ,20231101,1.168,1.174,1.159,1.161,1.164,-0.003,-0.2577,29186.0,3394.301
159903.SZ,20231031,1.173,1.173,1.158,1.164,1.173,-0.009,-0.7673,57932.0,6740.624
159903.SZ,20231030,1.151,1.175,1.15,1.173,1.152,0.021,1.8229,223771.57,26054.813
159903.SZ,20231027,1.128,1.158,1.122,1.152,1.129,0.023,2.0372,107240.0,12249.334
159903.SZ,20231026,1.121,1.131,1.112,1.129,1.124,0.005,0.4448,79758.0,8933.053
159903.SZ,20231025,1.126,1.135,1.124,1.124,1.119,0.005,0.4468,91761.0,10359.154
159903.SZ,20231024,1.119,1.124,1.108,1.119,1.117,0.002,0.1791,80423.0,8978.965
159903.SZ,20231023,1.131,1.131,1.11,1.117,1.134,-0.017,-1.4991,116386.0,13026.608
159903.SZ,20231020,1.131,1.146,1.131,1.134,1.145,-0.011,-0.9607,58636.01,6664.593
159903.SZ,20231019,1.162,1.162,1.143,1.145,1.164,-0.019,-1.6323,84686.0,9747.345
159903.SZ,20231018,1.173,1.173,1.162,1.164,1.175,-0.011,-0.9362,57091.0,6653.502
159903.SZ,20231017,1.176,1.178,1.17,1.175,1.174,0.001,0.0852,37544.0,4406.165
159903.SZ,20231016,1.192,1.192,1.171,1.174,1.192,-0.018,-1.5101,100193.0,11798.087
159903.SZ,20231013,1.195,1.195,1.188,1.192,1.202,-0.01,-0.8319,32219.0,3836.155
159903.SZ,20231012,1.198,1.204,1.196,1.202,1.196,0.006,0.5017,37809.0,4539.266
159903.SZ,20231011,1.192,1.2,1.191,1.196,1.191,0.005,0.4198,40802.0,4878.924
159903.SZ,20231010,1.199,1.202,1.19,1.191,1.199,-0.008,-0.6672,44539.0,5321.073
159903.SZ,20231009,1.189,1.2,1.182,1.199,1.195,0.004,0.3347,43077.0,5129.456
159903.SZ,20230928,1.196,1.199,1.191,1.195,1.194,0.001,0.0838,35759.0,4272.631
159903.SZ,20230927,1.19,1.202,1.188,1.194,1.19,0.004,0.3361,28120.0,3360.537
159903.SZ,20230926,1.192,1.2,1.189,1.19,1.196,-0.006,-0.5017,28049.0,3345.332
159903.SZ,20230925,1.203,1.203,1.193,1.196,1.204,-0.008,-0.6645,39045.0,4673.907
159903.SZ,20230922,1.178,1.204,1.178,1.204,1.184,0.02,1.6892,82902.0,9885.413
159903.SZ,20230921,1.193,1.194,1.183,1.184,1.194,-0.01,-0.8375,74138.0,8796.779
159903.SZ,20230920,1.196,1.198,1.191,1.194,1.199,-0.005,-0.417,32450.0,3874.88
159903.SZ,20230919,1.205,1.205,1.191,1.199,1.204,-0.005,-0.4153,53041.0,6341.952
159903.SZ,20230918,1.197,1.21,1.192,1.204,1.2,0.004,0.3333,79749.0,9595.083
159903.SZ,20230915,1.208,1.211,1.199,1.2,1.207,-0.007,-0.58,82558.0,9935.618
159903.SZ,20230914,1.214,1.215,1.202,1.207,1.215,-0.008,-0.6584,65380.0,7884.919
159903.SZ,20230913,1.224,1.226,1.208,1.215,1.227,-0.012,-0.978,45749.37,5558.479
159903.SZ,20230912,1.227,1.232,1.222,1.227,1.228,-0.001,-0.0814,35902.0,4409.051
159903.SZ,20230911,1.217,1.235,1.212,1.228,1.217,0.011,0.9039,49248.0,6032.802
159903.SZ,20230908,1.214,1.221,1.21,1.217,1.222,-0.005,-0.4092,48834.0,5932.942
159903.SZ,20230907,1.241,1.241,1.221,1.222,1.244,-0.022,-1.7685,60367.0,7411.255
159903.SZ,20230906,1.244,1.245,1.235,1.244,1.246,-0.002,-0.1605,31862.0,3948.886
159903.SZ,20230905,1.248,1.253,1.244,1.246,1.253,-0.007,-0.5587,41650.0,5198.532
159903.SZ,20230904,1.244,1.254,1.24,1.253,1.24,0.013,1.0484,47278.58,5902.523
159903.SZ,20230901,1.235,1.25,1.234,1.24,1.233,0.007,0.5677,42633.0,5280.279
159903.SZ,20230831,1.236,1.238,1.229,1.233,1.241,-0.008,-0.6446,49332.0,6092.113
159903.SZ,20230830,1.237,1.25,1.23,1.241,1.236,0.005,0.4045,96912.0,12042.699
159903.SZ,20230829,1.2,1.241,1.2,1.236,1.209,0.027,2.2333,389512.0,47975.656
159903.SZ,20230828,1.256,1.319,1.205,1.209,1.199,0.01,0.834,268095.0,32861.111
159903.SZ,20230825,1.205,1.209,1.193,1.199,1.215,-0.016,-1.3169,288524.0,34743.164
159903.SZ,20230824,1.2,1.222,1.199,1.215,1.2,0.015,1.25,94359.03,11437.312
159903.SZ,20230823,1.225,1.225,1.199,1.2,1.231,-0.031,-2.5183,108620.0,13138.108
159903.SZ,20230822,1.227,1.232,1.208,1.231,1.225,0.006,0.4898,87019.0,10623.249
159903.SZ,20230821,1.237,1.238,1.222,1.225,1.238,-0.013,-1.0501,72429.0,8914.318
159903.SZ,20230818,1.253,1.258,1.238,1.238,1.258,-0.02,-1.5898,103178.0,12874.614
159903.SZ,20230817,1.252,1.26,1.238,1.258,1.253,0.005,0.399,115801.0,14470.561
159903.SZ,20230816,1.26,1.264,1.251,1.253,1.262,-0.009,-0.7132,64046.0,8048.779
159903.SZ,20230815,1.265,1.271,1.254,1.262,1.27,-0.008,-0.6299,53339.0,6727.546
159903.SZ,20230814,1.272,1.272,1.255,1.27,1.279,-0.009,-0.7037,82242.0,10387.137
159903.SZ,20230811,1.307,1.307,1.278,1.279,1.304,-0.025,-1.9172,84568.0,10880.668
159903.SZ,20230810,1.308,1.309,1.299,1.304,1.308,-0.004,-0.3058,178318.0,23253.052
159903.SZ,20230809,1.309,1.311,1.301,1.308,1.31,-0.002,-0.1527,20441.0,2671.658
159903.SZ,20230808,1.315,1.316,1.306,1.31,1.314,-0.004,-0.3044,22565.0,2958.078
159903.SZ,20230807,1.324,1.324,1.311,1.314,1.325,-0.011,-0.8302,22811.0,3003.676
159903.SZ,20230804,1.329,1.333,1.319,1.325,1.319,0.006,0.4549,37009.38,4913.223
159903.SZ,20230803,1.31,1.319,1.305,1.319,1.312,0.007,0.5335,28062.0,3683.744
159903.SZ,20230802,1.311,1.316,1.307,1.312,1.313,-0.001,-0.0762,63905.0,8373.511
159903.SZ,20230801,1.321,1.321,1.309,1.313,1.321,-0.008,-0.6056,49261.0,6478.822
159903.SZ,20230731,1.311,1.33,1.311,1.321,1.31,0.011,0.8397,64744.0,8561.669
159903.SZ,20230728,1.285,1.313,1.284,1.31,1.291,0.019,1.4717,44819.0,5835.334
159903.SZ,20230727,1.296,1.301,1.288,1.291,1.296,-0.005,-0.3858,32710.0,4236.543
159903.SZ,20230726,1.297,1.298,1.292,1.296,1.298,-0.002,-0.1541,25051.0,3242.589
159903.SZ,20230725,1.28,1.3,1.28,1.298,1.274,0.024,1.8838,56353.0,7289.476
159903.SZ,20230724,1.279,1.28,1.27,1.274,1.279,-0.005,-0.3909,30716.46,3910.249
159903.SZ,20230721,1.285,1.285,1.274,1.279,1.283,-0.004,-0.3118,71290.0,9119.957
159903.SZ,20230720,1.293,1.301,1.28,1.283,1.292,-0.009,-0.6966,34615.0,4461.467
159903.SZ,20230719,1.296,1.297,1.284,1.292,1.296,-0.004,-0.3086,17161.58,2214.932
159903.SZ,20230718,1.3,1.3,1.29,1.296,1.298,-0.002,-0.1541,24411.0,3160.271
159903.SZ,20230717,1.303,1.303,1.292,1.298,1.306,-0.008,-0.6126,29482.7,3822.198
159903.SZ,20230714,1.309,1.312,1.305,1.306,1.308,-0.002,-0.1529,29004.0,3792.151
159903.SZ,20230713,1.291,1.31,1.291,1.308,1.288,0.02,1.5528,50104.0,6531.093
159903.SZ,20230712,1.3,1.303,1.286,1.288,1.3,-0.012,-0.9231,39493.0,5111.464
159903.SZ,20230711,1.292,1.3,1.29,1.3,1.292,0.008,0.6192,34369.0,4456.547
159903.SZ,20230710,1.289,1.299,1.288,1.292,1.286,0.006,0.4666,41265.0,5337.983
159903.SZ,20230707,1.288,1.292,1.28,1.286,1.293,-0.007,-0.5414,39004.0,5012.617
159903.SZ,20230706,1.297,1.305,1.29,1.293,1.301,-0.008,-0.6149,28875.0,3742.231
159903.SZ,20230705,1.308,1.314,1.298,1.301,1.314,-0.013,-0.9893,41809.37,5450.947
159903.SZ,20230704,1.311,1.315,1.305,1.314,1.311,0.003,0.2288,40076.0,5250.797
159903.SZ,20230703,1.307,1.314,1.302,1.311,1.303,0.008,0.614,82556.96,10791.333
159903.SZ,20230630,1.285,1.304,1.281,1.303,1.286,0.017,1.3219,51562.96,6682.379
159903.SZ,20230629,1.278,1.291,1.278,1.286,1.288,-0.002,-0.1553,50515.0,6497.486
159903.SZ,20230628,1.297,1.297,1.277,1.288,1.297,-0.009,-0.6939,57252.0,7373.152
159903.SZ,20230627,1.281,1.299,1.281,1.297,1.281,0.016,1.249,44347.0,5725.81
159903.SZ,20230626,1.287,1.299,1.278,1.281,1.299,-0.018,-1.3857,46559.65,5990.542
159903.SZ,20230621,1.33,1.33,1.299,1.299,1.333,-0.034,-2.5506,49542.0,6503.865
159903.SZ,20230620,1.324,1.337,1.321,1.333,1.324,0.009,0.6798,78935.0,10487.36
159903.SZ,20230619,1.326,1.329,1.32,1.324,1.329,-0.005,-0.3762,29992.92,3970.206
159903.SZ,20230616,1.317,1.329,1.313,1.329,1.315,0.014,1.0646,39699.0,5246.69
159903.SZ,20230615,1.29,1.316,1.29,1.315,1.29,0.025,1.938,84688.0,11041.06
159903.SZ,20230614,1.288,1.297,1.288,1.29,1.288,0.002,0.1553,57307.0,7404.481
159903.SZ,20230613,1.275,1.289,1.274,1.288,1.277,0.011,0.8614,30455.0,3912.155
159903.SZ,20230612,1.27,1.282,1.265,1.277,1.272,0.005,0.3931,20620.0,2631.518
159903.SZ,20230609,1.261,1.272,1.258,1.272,1.26,0.012,0.9524,24672.0,3120.226
159903.SZ,20230608,1.262,1.267,1.253,1.26,1.262,-0.002,-0.1585,35202.0,4431.389
159903.SZ,20230607,1.27,1.272,1.257,1.262,1.27,-0.008,-0.6299,67431.0,8521.826
159903.SZ,20230606,1.281,1.284,1.266,1.27,1.288,-0.018,-1.3975,50647.0,6464.223
159903.SZ,20230605,1.294,1.294,1.28,1.288,1.294,-0.006,-0.4637,27705.0,3564.386
159903.SZ,20230602,1.275,1.294,1.275,1.294,1.275,0.019,1.4902,34259.13,4406.775
159903.SZ,20230601,1.267,1.281,1.258,1.275,1.268,0.007,0.5521,45020.24,5741.787
159903.SZ,20230531,1.273,1.273,1.26,1.268,1.274,-0.006,-0.471,58571.13,7412.229
159903.SZ,20230530,1.262,1.274,1.257,1.274,1.271,0.003,0.236,28044.13,3552.724
159903.SZ,20230529,1.285,1.285,1.267,1.271,1.281,-0.01,-0.7806,53195.0,6761.438
159903.SZ,20230526,1.274,1.283,1.268,1.281,1.278,0.003,0.2347,15111.0,1927.863
159903.SZ,20230525,1.273,1.284,1.265,1.278,1.282,-0.004,-0.312,29944.0,3818.445
159903.SZ,20230524,1.289,1.293,1.28,1.282,1.291,-0.009,-0.6971,23249.0,2989.852
159903.SZ,20230523,1.3,1.304,1.29,1.291,1.302,-0.011,-0.8449,26326.0,3410.264
159903.SZ,20230522,1.302,1.311,1.296,1.302,1.303,-0.001,-0.0767,39824.0,5189.183
159903.SZ,20230519,1.3,1.307,1.295,1.303,1.301,0.002,0.1537,13976.79,1817.781
159903.SZ,20230518,1.299,1.308,1.293,1.301,1.299,0.002,0.154,15381.0,2000.646
159903.SZ,20230517,1.303,1.303,1.294,1.299,1.303,-0.004,-0.307,10410.0,1351.759
159903.SZ,20230516,1.31,1.315,1.296,1.303,1.31,-0.007,-0.5344,60835.0,7936.407
159903.SZ,20230515,1.293,1.311,1.291,1.31,1.293,0.017,1.3148,21566.0,2801.49
159903.SZ,20230512,1.311,1.311,1.293,1.293,1.311,-0.018,-1.373,18335.0,2384.892
159903.SZ,20230511,1.31,1.314,1.306,1.311,1.311,0.0,0.0,14412.0,1888.502
159903.SZ,20230510,1.304,1.316,1.298,1.311,1.311,0.0,0.0,24384.0,3181.539
159903.SZ,20230509,1.319,1.323,1.309,1.311,1.319,-0.008,-0.6065,28056.38,3688.778
159903.SZ,20230508,1.314,1.32,1.308,1.319,1.314,0.005,0.3805,33085.0,4348.658
159903.SZ,20230505,1.319,1.319,1.306,1.314,1.321,-0.007,-0.5299,23392.52,3067.938
159903.SZ,20230504,1.328,1.328,1.317,1.321,1.329,-0.008,-0.602,9515.37,1255.684
159903.SZ,20230428,1.317,1.329,1.317,1.329,1.317,0.012,0.9112,23006.0,3044.491
159903.SZ,20230427,1.313,1.319,1.306,1.317,1.311,0.006,0.4577,20267.37,2662.979
159903.SZ,20230426,1.304,1.317,1.3,1.311,1.307,0.004,0.306,21035.0,2755.424
159903.SZ,20230425,1.335,1.335,1.296,1.307,1.325,-0.018,-1.3585,52344.0,6831.739
159903.SZ,20230424,1.336,1.338,1.319,1.325,1.34,-0.015,-1.1194,15924.0,2120.472
159903.SZ,20230421,1.371,1.371,1.338,1.34,1.371,-0.031,-2.2611,19583.66,2650.293
159903.SZ,20230420,1.375,1.375,1.365,1.371,1.375,-0.004,-0.2909,13963.51,1912.602
159903.SZ,20230419,1.387,1.388,1.374,1.375,1.387,-0.012,-0.8652,10688.0,1473.866
159903.SZ,20230418,1.385,1.39,1.382,1.387,1.386,0.001,0.0722,7033.0,975.347
159903.SZ,20230417,1.379,1.386,1.377,1.386,1.379,0.007,0.5076,10374.54,1434.727
159903.SZ,20230414,1.371,1.382,1.37,1.379,1.371,0.008,0.5835,42188.37,5809.71
159903.SZ,20230413,1.387,1.387,1.368,1.371,1.387,-0.016,-1.1536,15493.37,2129.2
159903.SZ,20230412,1.384,1.391,1.382,1.387,1.386,0.001,0.0722,12724.8,1764.688
159903.SZ,20230411,1.386,1.391,1.377,1.386,1.384,0.002,0.1445,22728.37,3148.569
159903.SZ,20230410,1.4,1.405,1.382,1.384,1.4,-0.016,-1.1429,25168.0,3494.464
159903.SZ,20230407,1.389,1.401,1.389,1.4,1.388,0.012,0.8646,9055.92,1265.122
159903.SZ,20230406,1.386,1.389,1.38,1.388,1.388,0.0,0.0,5254.0,728.279
159903.SZ,20230404,1.39,1.394,1.379,1.388,1.39,-0.002,-0.1439,9682.0,1340.866
159903.SZ,20230403,1.372,1.39,1.372,1.39,1.372,0.018,1.312,11798.0,1633.884
159903.SZ,20230331,1.363,1.372,1.363,1.372,1.36,0.012,0.8824,17433.0,2385.518
159903.SZ,20230330,1.353,1.36,1.345,1.36,1.351,0.009,0.6662,14493.0,1966.739
159903.SZ,20230329,1.352,1.359,1.34,1.351,1.352,-0.001,-0.074,7907.95,1070.941
159903.SZ,20230328,1.362,1.362,1.351,1.352,1.362,-0.01,-0.7342,3200.0,433.963
159903.SZ,20230327,1.37,1.37,1.35,1.362,1.363,-0.001,-0.0734,4820.0,655.539
159903.SZ,20230324,1.359,1.364,1.355,1.363,1.359,0.004,0.2943,12083.0,1643.639
159903.SZ,20230323,1.35,1.359,1.347,1.359,1.347,0.012,0.8909,12548.65,1700.112
159903.SZ,20230322,1.34,1.349,1.34,1.347,1.34,0.007,0.5224,9415.66,1266.961
159903.SZ,20230321,1.321,1.34,1.321,1.34,1.321,0.019,1.4383,8294.0,1105.126
159903.SZ,20230320,1.328,1.331,1.318,1.321,1.327,-0.006,-0.4521,18638.0,2468.797
159903.SZ,20230317,1.317,1.335,1.317,1.327,1.316,0.011,0.8359,34922.15,4638.751
159903.SZ,20230316,1.321,1.333,1.314,1.316,1.338,-0.022,-1.6442,6860.0,906.952
159903.SZ,20230315,1.343,1.351,1.334,1.338,1.339,-0.001,-0.0747,4858.0,650.433
159903.SZ,20230314,1.344,1.345,1.323,1.339,1.345,-0.006,-0.4461,5311.0,709.126
159903.SZ,20230313,1.342,1.347,1.335,1.345,1.342,0.003,0.2235,2543.0,341.136
159903.SZ,20230310,1.355,1.355,1.34,1.342,1.36,-0.018,-1.3235,9011.0,1211.537
159903.SZ,20230309,1.359,1.364,1.353,1.36,1.36,0.0,0.0,12120.0,1646.575
159903.SZ,20230308,1.365,1.365,1.351,1.36,1.368,-0.008,-0.5848,12421.55,1684.447
159903.SZ,20230307,1.389,1.389,1.365,1.368,1.389,-0.021,-1.5119,45477.78,6267.465
159903.SZ,20230306,1.392,1.394,1.377,1.389,1.39,-0.001,-0.0719,9481.0,1315.34
159903.SZ,20230303,1.389,1.393,1.38,1.39,1.388,0.002,0.1441,6848.0,950.7
159903.SZ,20230302,1.396,1.4,1.387,1.388,1.396,-0.008,-0.5731,9581.0,1334.457
159903.SZ,20230301,1.383,1.399,1.377,1.396,1.382,0.014,1.013,9846.72,1371.511
159903.SZ,20230228,1.369,1.382,1.367,1.382,1.372,0.01,0.7289,2842.0,390.83
159903.SZ,20230227,1.38,1.38,1.366,1.372,1.381,-0.009,-0.6517,2242.0,307.731
159903.SZ,20230224,1.392,1.392,1.376,1.381,1.392,-0.011,-0.7902,5789.4,799.403
159903.SZ,20230223,1.394,1.4,1.387,1.392,1.393,-0.001,-0.0718,4797.34,667.687
159903.SZ,20230222,1.4,1.401,1.391,1.393,1.403,-0.01,-0.7128,3045.0,425.022
159903.SZ,20230221,1.4,1.406,1.393,1.403,1.4,0.003,0.2143,7354.0,1030.267
159903.SZ,20230220,1.373,1.402,1.37,1.4,1.373,0.027,1.9665,7682.0,1069.143
159903.SZ,20230217,1.393,1.394,1.371,1.373,1.394,-0.021,-1.5065,14198.78,1961.606
159903.SZ,20230216,1.414,1.425,1.386,1.394,1.414,-0.02,-1.4144,14372.0,2027.223
159903.SZ,20230215,1.419,1.419,1.41,1.414,1.419,-0.005,-0.3524,5693.0,805.205
159903.SZ,20230214,1.419,1.424,1.412,1.419,1.419,0.0,0.0,8438.55,1194.835
159903.SZ,20230213,1.402,1.42,1.393,1.419,1.406,0.013,0.9246,14438.0,2041.184
159903.SZ,20230210,1.406,1.416,1.397,1.406,1.414,-0.008,-0.5658,15526.01,2185.143
159903.SZ,20230209,1.383,1.414,1.381,1.414,1.383,0.031,2.2415,51752.02,7214.731
159903.SZ,20230208,1.395,1.395,1.381,1.383,1.391,-0.008,-0.5751,24411.01,3392.416
159903.SZ,20230207,1.389,1.397,1.386,1.391,1.389,0.002,0.144,21154.01,2941.937
159903.SZ,20230206,1.399,1.399,1.385,1.389,1.407,-0.018,-1.2793,9145.0,1271.254
159903.SZ,20230203,1.417,1.417,1.392,1.407,1.419,-0.012,-0.8457,19033.0,2670.62
159903.SZ,20230202,1.419,1.426,1.414,1.419,1.418,0.001,0.0705,16928.0,2403.735
159903.SZ,20230201,1.402,1.42,1.4,1.418,1.402,0.016,1.1412,15406.75,2172.859
159903.SZ,20230131,1.401,1.417,1.4,1.402,1.414,-0.012,-0.8487,18839.58,2649.777
159903.SZ,20230130,1.438,1.438,1.41,1.414,1.399,0.015,1.0722,25530.0,3623.404
159903.SZ,20230120,1.393,1.402,1.393,1.399,1.392,0.007,0.5029,18277.0,2555.65
159903.SZ,20230119,1.38,1.392,1.376,1.392,1.379,0.013,0.9427,19910.95,2760.133
159903.SZ,20230118,1.378,1.386,1.378,1.379,1.377,0.002,0.1452,7912.0,1093.148
159903.SZ,20230117,1.377,1.382,1.362,1.377,1.376,0.001,0.0727,11244.0,1550.061
159903.SZ,20230116,1.364,1.388,1.361,1.376,1.355,0.021,1.5498,25356.64,3492.991
159903.SZ,20230113,1.341,1.355,1.341,1.355,1.341,0.014,1.044,17640.0,2377.691
159903.SZ,20230112,1.337,1.347,1.334,1.341,1.339,0.002,0.1494,22522.0,3020.673
159903.SZ,20230111,1.346,1.353,1.335,1.339,1.346,-0.007,-0.5201,20142.0,2710.731
159903.SZ,20230110,1.341,1.347,1.336,1.346,1.342,0.004,0.2981,24356.0,3270.971
159903.SZ,20230109,1.328,1.344,1.328,1.342,1.327,0.015,1.1304,59661.45,7985.454
159903.SZ,20230106,1.317,1.335,1.317,1.327,1.323,0.004,0.3023,27648.62,3669.332
159903.SZ,20230105,1.296,1.326,1.296,1.323,1.296,0.027,2.0833,28574.0,3764.746
159903.SZ,20230104,1.301,1.304,1.289,1.296,1.3,-0.004,-0.3077,14817.0,1919.627
159903.SZ,20230103,1.294,1.303,1.28,1.3,1.289,0.011,0.8534,27771.0,3589.462
159903.SZ,20221230,1.289,1.296,1.288,1.289,1.287,0.002,0.1554,10348.0,1335.429
159903.SZ,20221229,1.29,1.293,1.281,1.287,1.287,0.0,0.0,14936.0,1925.143
159903.SZ,20221228,1.293,1.294,1.285,1.287,1.299,-0.012,-0.9238,31971.57,4119.392
159903.SZ,20221227,1.286,1.3,1.284,1.299,1.283,0.016,1.2471,73811.93,9530.79
159903.SZ,20221226,1.297,1.297,1.274,1.283,1.279,0.004,0.3127,53252.57,6830.819
159903.SZ,20221223,1.276,1.281,1.27,1.279,1.276,0.003,0.2351,37909.0,4831.608
159903.SZ,20221222,1.283,1.293,1.271,1.276,1.279,-0.003,-0.2346,26129.0,3353.651
159903.SZ,20221221,1.284,1.29,1.275,1.279,1.284,-0.005,-0.3894,9474.0,1215.192
159903.SZ,20221220,1.296,1.3,1.28,1.284,1.302,-0.018,-1.3825,18582.0,2397.902
159903.SZ,20221219,1.321,1.329,1.296,1.302,1.321,-0.019,-1.4383,23751.0,3104.951
159903.SZ,20221216,1.328,1.328,1.319,1.321,1.332,-0.011,-0.8258,8727.0,1152.807
159903.SZ,20221215,1.314,1.335,1.314,1.332,1.327,0.005,0.3768,23188.0,3083.959
159903.SZ,20221214,1.327,1.333,1.325,1.327,1.328,-0.001,-0.0753,8985.0,1192.69
159903.SZ,20221213,1.336,1.336,1.326,1.328,1.341,-0.013,-0.9694,11437.0,1519.432
159903.SZ,20221212,1.352,1.352,1.329,1.341,1.351,-0.01,-0.7402,21845.0,2929.188
159903.SZ,20221209,1.338,1.351,1.33,1.351,1.336,0.015,1.1228,29786.58,3993.533
159903.SZ,20221208,1.336,1.345,1.33,1.336,1.339,-0.003,-0.224,13815.0,1846.966
159903.SZ,20221207,1.341,1.348,1.33,1.339,1.341,-0.002,-0.1491,31357.28,4204.489
159903.SZ,20221206,1.327,1.345,1.326,1.341,1.326,0.015,1.1312,23446.0,3133.979
159903.SZ,20221205,1.315,1.329,1.31,1.326,1.315,0.011,0.8365,6848.0,906.943
159903.SZ,20221202,1.309,1.325,1.309,1.315,1.318,-0.003,-0.2276,2818.0,371.849
159903.SZ,20221201,1.301,1.327,1.301,1.318,1.297,0.021,1.6191,8388.0,1107.376
159903.SZ,20221130,1.291,1.305,1.291,1.297,1.3,-0.003,-0.2308,5193.0,674.553
159903.SZ,20221129,1.273,1.3,1.273,1.3,1.273,0.027,2.121,6818.0,880.691
159903.SZ,20221128,1.269,1.273,1.25,1.273,1.277,-0.004,-0.3132,4087.0,514.049
159903.SZ,20221125,1.273,1.287,1.268,1.277,1.285,-0.008,-0.6226,5982.0,765.7
159903.SZ,20221124,1.287,1.292,1.279,1.285,1.287,-0.002,-0.1554,7839.01,1005.891
159903.SZ,20221123,1.299,1.299,1.264,1.287,1.3,-0.013,-1.0,23917.0,3044.698
159903.SZ,20221122,1.303,1.305,1.286,1.3,1.304,-0.004,-0.3067,5481.0,709.599
159903.SZ,20221121,1.315,1.315,1.293,1.304,1.317,-0.013,-0.9871,3131.03,406.501
159903.SZ,20221118,1.312,1.323,1.308,1.317,1.31,0.007,0.5344,38077.0,5012.252
159903.SZ,20221117,1.312,1.314,1.3,1.31,1.321,-0.011,-0.8327,38519.62,5025.838
159903.SZ,20221116,1.327,1.335,1.315,1.321,1.327,-0.006,-0.4521,8064.26,1069.753
159903.SZ,20221115,1.295,1.327,1.295,1.327,1.297,0.03,2.313,23166.0,3059.778
159903.SZ,20221114,1.305,1.32,1.29,1.297,1.304,-0.007,-0.5368,15623.0,2031.735
159903.SZ,20221111,1.29,1.32,1.29,1.304,1.273,0.031,2.4352,18443.0,2403.132
159903.SZ,20221110,1.287,1.3,1.271,1.273,1.302,-0.029,-2.2273,42794.0,5485.581
159903.SZ,20221109,1.31,1.31,1.293,1.302,1.31,-0.008,-0.6107,4793.0,622.972
159903.SZ,20221108,1.316,1.316,1.295,1.31,1.31,0.0,0.0,2915.78,379.515
159903.SZ,20221107,1.309,1.316,1.29,1.31,1.305,0.005,0.3831,14706.11,1920.516
159903.SZ,20221104,1.265,1.31,1.265,1.305,1.27,0.035,2.7559,21710.0,2805.983
159903.SZ,20221103,1.286,1.29,1.27,1.27,1.286,-0.016,-1.2442,27932.0,3570.737
159903.SZ,20221102,1.284,1.298,1.265,1.286,1.284,0.002,0.1558,3449.0,444.221
159903.SZ,20221101,1.222,1.29,1.222,1.284,1.222,0.062,5.0736,11249.99,1409.02
159903.SZ,20221031,1.235,1.24,1.217,1.222,1.236,-0.014,-1.1327,4297.25,526.513
159903.SZ,20221028,1.254,1.254,1.22,1.236,1.267,-0.031,-2.4467,15617.0,1927.78
159903.SZ,20221027,1.265,1.275,1.262,1.267,1.264,0.003,0.2373,1224.0,155.118
159903.SZ,20221026,1.25,1.273,1.25,1.264,1.249,0.015,1.201,2494.74,316.24
159903.SZ,20221025,1.254,1.26,1.23,1.249,1.255,-0.006,-0.4781,3398.0,421.571
159903.SZ,20221024,1.283,1.293,1.235,1.255,1.283,-0.028,-2.1824,11336.74,1419.978
159903.SZ,20221021,1.3,1.3,1.279,1.283,1.303,-0.02,-1.5349,4243.74,545.613
159903.SZ,20221020,1.29,1.31,1.27,1.303,1.293,0.01,0.7734,1791.0,231.255
159903.SZ,20221019,1.31,1.31,1.293,1.293,1.315,-0.022,-1.673,3583.0,465.542
159903.SZ,20221018,1.312,1.322,1.3,1.315,1.312,0.003,0.2287,2694.0,353.191
159903.SZ,20221017,1.306,1.312,1.29,1.312,1.306,0.006,0.4594,1970.75,257.753
159903.SZ,20221014,1.293,1.313,1.278,1.306,1.286,0.02,1.5552,4643.0,604.416
159903.SZ,20221013,1.287,1.289,1.272,1.286,1.287,-0.001,-0.0777,802.0,102.999
159903.SZ,20221012,1.266,1.287,1.241,1.287,1.273,0.014,1.0998,14333.0,1809.767
159903.SZ,20221011,1.284,1.293,1.251,1.273,1.284,-0.011,-0.8567,3395.0,428.191
159903.SZ,20221010,1.305,1.314,1.255,1.284,1.305,-0.021,-1.6092,2794.0,356.876
159903.SZ,20220930,1.3,1.308,1.293,1.305,1.293,0.012,0.9281,2586.0,336.589
159903.SZ,20220929,1.31,1.312,1.293,1.293,1.31,-0.017,-1.2977,798.0,103.919
159903.SZ,20220928,1.313,1.313,1.297,1.31,1.313,-0.003,-0.2285,1003.0,130.568
159903.SZ,20220927,1.319,1.319,1.293,1.313,1.304,0.009,0.6902,3501.0,459.902
159903.SZ,20220926,1.316,1.317,1.296,1.304,1.316,-0.012,-0.9119,1226.0,160.013
159903.SZ,20220923,1.336,1.336,1.293,1.316,1.331,-0.015,-1.127,2720.0,355.701
159903.SZ,20220922,1.335,1.337,1.305,1.331,1.337,-0.006,-0.4488,4284.0,565.513
159903.SZ,20220921,1.34,1.34,1.311,1.337,1.333,0.004,0.3001,649.0,85.928
159903.SZ,20220920,1.346,1.346,1.332,1.333,1.332,0.001,0.0751,1664.0,223.545
159903.SZ,20220919,1.332,1.35,1.32,1.332,1.332,0.0,0.0,5519.0,733.071
159903.SZ,20220916,1.352,1.355,1.332,1.332,1.356,-0.024,-1.7699,3600.89,484.184
159903.SZ,20220915,1.386,1.386,1.348,1.356,1.387,-0.031,-2.235,6939.0,947.867
159903.SZ,20220914,1.393,1.393,1.363,1.387,1.396,-0.009,-0.6447,1230.0,169.053
159903.SZ,20220913,1.398,1.398,1.385,1.396,1.392,0.004,0.2874,724.0,101.093
159903.SZ,20220909,1.38,1.395,1.369,1.392,1.38,0.012,0.8696,1622.22,225.236
159903.SZ,20220908,1.39,1.39,1.372,1.38,1.384,-0.004,-0.289,3598.0,498.892
159903.SZ,20220907,1.383,1.395,1.369,1.384,1.383,0.001,0.0723,3530.0,490.56
159903.SZ,20220906,1.374,1.387,1.366,1.383,1.373,0.01,0.7283,2804.0,387.066
159903.SZ,20220905,1.378,1.38,1.365,1.373,1.378,-0.005,-0.3628,2263.0,310.004
159903.SZ,20220902,1.38,1.39,1.37,1.378,1.377,0.001,0.0726,1899.0,260.922
159903.SZ,20220901,1.388,1.395,1.372,1.377,1.388,-0.011,-0.7925,1021.0,141.04
159903.SZ,20220831,1.4,1.4,1.378,1.388,1.402,-0.014,-0.9986,1830.58,253.617
159903.SZ,20220830,1.419,1.419,1.39,1.402,1.405,-0.003,-0.2135,2028.58,283.099
159903.SZ,20220829,1.406,1.412,1.382,1.405,1.412,-0.007,-0.4958,1009.0,141.502
159903.SZ,20220826,1.419,1.429,1.41,1.412,1.419,-0.007,-0.4933,1232.0,174.499
159903.SZ,20220825,1.42,1.43,1.402,1.419,1.418,0.001,0.0705,1340.13,189.295
159903.SZ,20220824,1.442,1.458,1.414,1.418,1.453,-0.035,-2.4088,2477.13,353.975
159903.SZ,20220823,1.455,1.464,1.453,1.453,1.465,-0.012,-0.8191,2111.0,307.797
159903.SZ,20220822,1.446,1.465,1.438,1.465,1.448,0.017,1.174,1177.13,171.118
159903.SZ,20220819,1.453,1.459,1.448,1.448,1.46,-0.012,-0.8219,2330.0,338.778
159903.SZ,20220818,1.464,1.469,1.453,1.46,1.464,-0.004,-0.2732,1021.0,149.164
159903.SZ,20220817,1.454,1.469,1.442,1.464,1.454,0.01,0.6878,3230.0,471.719
159903.SZ,20220816,1.456,1.464,1.444,1.454,1.456,-0.002,-0.1374,5779.0,838.867
159903.SZ,20220815,1.45,1.464,1.45,1.456,1.451,0.005,0.3446,432.0,62.849
159903.SZ,20220812,1.45,1.462,1.444,1.451,1.456,-0.005,-0.3434,1909.88,278.241
159903.SZ,20220811,1.43,1.46,1.424,1.456,1.43,0.026,1.8182,2533.0,366.756
159903.SZ,20220810,1.439,1.44,1.421,1.43,1.439,-0.009,-0.6254,965.0,138.335
159903.SZ,20220809,1.424,1.442,1.42,1.439,1.435,0.004,0.2787,2774.84,398.673
159903.SZ,20220808,1.433,1.44,1.423,1.435,1.433,0.002,0.1396,7542.62,1078.568
159903.SZ,20220805,1.411,1.439,1.41,1.433,1.411,0.022,1.5592,1646.0,234.974
159903.SZ,20220804,1.401,1.414,1.392,1.411,1.401,0.01,0.7138,3731.78,523.6
159903.SZ,20220803,1.394,1.433,1.394,1.401,1.411,-0.01,-0.7087,3863.75,544.309
159903.SZ,20220802,1.438,1.438,1.402,1.411,1.438,-0.027,-1.8776,2368.75,334.444
159903.SZ,20220801,1.428,1.444,1.41,1.438,1.428,0.01,0.7003,1708.53,245.784
159903.SZ,20220729,1.436,1.453,1.428,1.428,1.441,-0.013,-0.9022,1285.75,184.765
159903.SZ,20220728,1.46,1.461,1.441,1.441,1.443,-0.002,-0.1386,2019.0,294.056
159903.SZ,20220727,1.438,1.445,1.437,1.443,1.445,-0.002,-0.1384,517.88,74.568
159903.SZ,20220726,1.434,1.449,1.428,1.445,1.434,0.011,0.7671,3204.24,462.257
159903.SZ,20220725,1.443,1.443,1.426,1.434,1.442,-0.008,-0.5548,1836.46,262.923
159903.SZ,20220722,1.454,1.462,1.432,1.442,1.454,-0.012,-0.8253,3112.29,449.009
159903.SZ,20220721,1.46,1.468,1.45,1.454,1.46,-0.006,-0.411,1803.0,262.673
159903.SZ,20220720,1.445,1.465,1.445,1.46,1.445,0.015,1.0381,2006.0,292.8
159903.SZ,20220719,1.456,1.458,1.442,1.445,1.45,-0.005,-0.3448,1373.0,199.129
159903.SZ,20220718,1.438,1.459,1.431,1.45,1.445,0.005,0.346,2265.65,327.223
159903.SZ,20220715,1.465,1.472,1.44,1.445,1.465,-0.02,-1.3652,2788.46,405.96
159903.SZ,20220714,1.435,1.472,1.435,1.465,1.45,0.015,1.0345,1771.0,259.179
159903.SZ,20220713,1.436,1.456,1.431,1.45,1.442,0.008,0.5548,2887.78,417.817
159903.SZ,20220712,1.466,1.468,1.44,1.442,1.468,-0.026,-1.7711,3846.27,556.83
159903.SZ,20220711,1.471,1.485,1.452,1.468,1.494,-0.026,-1.7403,6188.0,903.203
159903.SZ,20220708,1.5,1.512,1.484,1.494,1.5,-0.006,-0.4,1404.0,210.77
159903.SZ,20220707,1.48,1.504,1.475,1.5,1.483,0.017,1.1463,5828.0,868.709
159903.SZ,20220706,1.5,1.507,1.475,1.483,1.506,-0.023,-1.5272,3874.85,575.592
159903.SZ,20220705,1.513,1.515,1.484,1.506,1.509,-0.003,-0.1988,6096.85,914.003
159903.SZ,20220704,1.496,1.509,1.481,1.509,1.494,0.015,1.004,5503.46,827.567
159903.SZ,20220701,1.498,1.501,1.482,1.494,1.498,-0.004,-0.267,4261.0,635.854
159903.SZ,20220630,1.463,1.505,1.463,1.498,1.477,0.021,1.4218,4184.32,623.735
159903.SZ,20220629,1.501,1.508,1.464,1.477,1.501,-0.024,-1.5989,4661.01,693.34
159903.SZ,20220628,1.486,1.508,1.47,1.501,1.487,0.014,0.9415,3986.0,594.111
159903.SZ,20220627,1.48,1.494,1.473,1.487,1.47,0.017,1.1565,3972.8,590.244
159903.SZ,20220624,1.457,1.471,1.448,1.47,1.448,0.022,1.5193,5053.8,739.811
159903.SZ,20220623,1.426,1.449,1.418,1.448,1.426,0.022,1.5428,2201.0,315.999
159903.SZ,20220622,1.438,1.447,1.418,1.426,1.437,-0.011,-0.7655,1267.0,181.529
159903.SZ,20220621,1.446,1.454,1.43,1.437,1.445,-0.008,-0.5536,1975.0,284.275
159903.SZ,20220620,1.43,1.458,1.43,1.445,1.43,0.015,1.049,3721.0,538.341
159903.SZ,20220617,1.41,1.432,1.4,1.43,1.411,0.019,1.3466,4933.0,701.197
159903.SZ,20220616,1.406,1.425,1.401,1.411,1.406,0.005,0.3556,5541.0,783.324
159903.SZ,20220615,1.396,1.43,1.39,1.406,1.393,0.013,0.9332,7612.01,1073.671
159903.SZ,20220614,1.384,1.395,1.349,1.393,1.388,0.005,0.3602,10583.52,1446.655
159903.SZ,20220613,1.392,1.395,1.37,1.388,1.392,-0.004,-0.2874,4019.0,554.452
159903.SZ,20220610,1.37,1.397,1.368,1.392,1.37,0.022,1.6058,4092.19,564.704
159903.SZ,20220609,1.382,1.394,1.363,1.37,1.39,-0.02,-1.4388,2345.0,322.87
159903.SZ,20220608,1.376,1.395,1.365,1.39,1.376,0.014,1.0174,2926.0,404.587
159903.SZ,20220607,1.382,1.39,1.375,1.376,1.382,-0.006,-0.4342,4741.52,654.565
159903.SZ,20220606,1.347,1.382,1.347,1.382,1.347,0.035,2.5984,8961.89,1227.884
159903.SZ,20220602,1.339,1.348,1.329,1.347,1.339,0.008,0.5975,2408.76,323.547
159903.SZ,20220601,1.333,1.342,1.321,1.339,1.333,0.006,0.4501,2970.0,396.122
159903.SZ,20220531,1.308,1.338,1.308,1.333,1.307,0.026,1.9893,7760.17,1028.246
159903.SZ,20220530,1.3,1.313,1.3,1.307,1.296,0.011,0.8488,2190.0,286.362
159903.SZ,20220527,1.296,1.319,1.29,1.296,1.295,0.001,0.0772,1998.74,259.912
159903.SZ,20220526,1.295,1.312,1.284,1.295,1.295,0.0,0.0,1424.95,184.445
159903.SZ,20220525,1.29,1.295,1.278,1.295,1.29,0.005,0.3876,879.0,113.166
159903.SZ,20220524,1.313,1.325,1.282,1.29,1.326,-0.036,-2.7149,2918.0,378.893
159903.SZ,20220523,1.333,1.333,1.317,1.326,1.326,0.0,0.0,4023.99,532.293
159903.SZ,20220520,1.307,1.328,1.307,1.326,1.303,0.023,1.7652,6490.74,856.366
159903.SZ,20220519,1.297,1.303,1.281,1.303,1.298,0.005,0.3852,1498.0,193.094
159903.SZ,20220518,1.298,1.304,1.293,1.298,1.297,0.001,0.0771,3683.0,477.928
159903.SZ,20220517,1.283,1.298,1.28,1.297,1.283,0.014,1.0912,3345.52,431.174
159903.SZ,20220516,1.295,1.308,1.282,1.283,1.291,-0.008,-0.6197,1499.0,193.741
159903.SZ,20220513,1.285,1.293,1.28,1.291,1.284,0.007,0.5452,2479.0,318.744
159903.SZ,20220512,1.283,1.291,1.276,1.284,1.284,0.0,0.0,2565.0,329.08
159903.SZ,20220511,1.263,1.306,1.263,1.284,1.263,0.021,1.6627,6791.0,876.772
159903.SZ,20220510,1.253,1.271,1.229,1.263,1.253,0.01,0.7981,3175.0,399.141
159903.SZ,20220509,1.253,1.285,1.241,1.253,1.253,0.0,0.0,1145.0,143.98
159903.SZ,20220506,1.27,1.27,1.244,1.253,1.278,-0.025,-1.9562,1919.0,241.334
159903.SZ,20220505,1.277,1.29,1.261,1.278,1.278,0.0,0.0,2825.0,361.636
159903.SZ,20220429,1.235,1.279,1.235,1.278,1.234,0.044,3.5656,7522.0,945.92
159903.SZ,20220428,1.236,1.248,1.22,1.234,1.241,-0.007,-0.5641,3303.0,407.263
159903.SZ,20220427,1.25,1.25,1.19,1.241,1.231,0.01,0.8123,14618.52,1795.448
159903.SZ,20220426,1.255,1.278,1.218,1.231,1.254,-0.023,-1.8341,5153.37,639.256
159903.SZ,20220425,1.305,1.305,1.248,1.254,1.308,-0.054,-4.1284,5591.0,706.338
159903.SZ,20220422,1.29,1.309,1.27,1.308,1.295,0.013,1.0039,7349.78,950.332
159903.SZ,20220421,1.322,1.327,1.288,1.295,1.322,-0.027,-2.0424,5917.52,769.401
159903.SZ,20220420,1.345,1.349,1.319,1.322,1.347,-0.025,-1.856,4495.78,598.712
159903.SZ,20220419,1.352,1.36,1.344,1.347,1.352,-0.005,-0.3698,1075.0,145.286
159903.SZ,20220418,1.346,1.355,1.33,1.352,1.353,-0.001,-0.0739,2442.0,327.279
159903.SZ,20220415,1.354,1.359,1.342,1.353,1.358,-0.005,-0.3682,2119.0,286.102
159903.SZ,20220414,1.354,1.363,1.344,1.358,1.344,0.014,1.0417,5557.0,752.77
159903.SZ,20220413,1.368,1.368,1.342,1.344,1.368,-0.024,-1.7544,2631.0,354.723
159903.SZ,20220412,1.38,1.38,1.329,1.368,1.345,0.023,1.71,17608.42,2393.649
159903.SZ,20220411,1.384,1.384,1.336,1.345,1.384,-0.039,-2.8179,9904.0,1334.963
159903.SZ,20220408,1.38,1.394,1.368,1.384,1.385,-0.001,-0.0722,2563.07,352.994
159903.SZ,20220407,1.406,1.411,1.385,1.385,1.405,-0.02,-1.4235,2684.0,373.666
159903.SZ,20220406,1.409,1.411,1.397,1.405,1.409,-0.004,-0.2839,3317.0,465.851
159903.SZ,20220401,1.401,1.415,1.392,1.409,1.401,0.008,0.571,3351.58,472.079
159903.SZ,20220331,1.419,1.419,1.395,1.401,1.412,-0.011,-0.779,964.0,135.31
159903.SZ,20220330,1.386,1.416,1.386,1.412,1.378,0.034,2.4673,4674.0,655.634
159903.SZ,20220329,1.381,1.39,1.371,1.378,1.38,-0.002,-0.1449,2963.75,408.628
159903.SZ,20220328,1.39,1.399,1.37,1.38,1.4,-0.02,-1.4286,4792.01,661.807
159903.SZ,20220325,1.42,1.426,1.392,1.4,1.421,-0.021,-1.4778,2491.94,351.415
159903.SZ,20220324,1.435,1.435,1.41,1.421,1.435,-0.014,-0.9756,2642.0,375.298
159903.SZ,20220323,1.425,1.438,1.425,1.435,1.425,0.01,0.7018,2565.0,367.308
159903.SZ,20220322,1.427,1.436,1.42,1.425,1.427,-0.002,-0.1402,1275.0,181.665
159903.SZ,20220321,1.428,1.446,1.42,1.427,1.428,-0.001,-0.07,4493.34,643.535
159903.SZ,20220318,1.419,1.43,1.401,1.428,1.419,0.009,0.6342,6194.0,878.415
159903.SZ,20220317,1.387,1.432,1.387,1.419,1.386,0.033,2.381,11773.0,1669.388
159903.SZ,20220316,1.359,1.389,1.313,1.386,1.359,0.027,1.9868,10588.0,1435.314
159903.SZ,20220315,1.401,1.401,1.342,1.359,1.401,-0.042,-2.9979,10750.0,1469.71
159903.SZ,20220314,1.435,1.435,1.401,1.401,1.44,-0.039,-2.7083,2469.0,349.077
159903.SZ,20220311,1.434,1.449,1.4,1.44,1.436,0.004,0.2786,8106.61,1150.616
159903.SZ,20220310,1.46,1.46,1.431,1.436,1.416,0.02,1.4124,3165.0,456.061
159903.SZ,20220309,1.467,1.496,1.365,1.416,1.468,-0.052,-3.5422,5774.0,827.166
159903.SZ,20220308,1.478,1.503,1.467,1.468,1.479,-0.011,-0.7437,5937.0,881.057
159903.SZ,20220307,1.515,1.515,1.478,1.479,1.518,-0.039,-2.5692,5520.0,821.285
159903.SZ,20220304,1.53,1.533,1.517,1.518,1.531,-0.013,-0.8491,3478.17,529.298
159903.SZ,20220303,1.542,1.552,1.53,1.531,1.547,-0.016,-1.0343,3074.96,472.805
159903.SZ,20220302,1.536,1.551,1.536,1.547,1.555,-0.008,-0.5145,1626.0,250.593
159903.SZ,20220301,1.555,1.562,1.55,1.555,1.552,0.003,0.1933,1716.0,267.337
159903.SZ,20220228,1.55,1.553,1.536,1.552,1.55,0.002,0.129,3854.0,596.548
159903.SZ,20220225,1.548,1.565,1.544,1.55,1.533,0.017,1.1089,3236.0,503.76
159903.SZ,20220224,1.561,1.563,1.527,1.533,1.564,-0.031,-1.9821,6150.0,949.282
159903.SZ,20220223,1.552,1.565,1.552,1.564,1.553,0.011,0.7083,4350.0,678.928
159903.SZ,20220222,1.561,1.561,1.536,1.553,1.562,-0.009,-0.5762,5792.0,893.337
159903.SZ,20220221,1.562,1.568,1.56,1.562,1.56,0.002,0.1282,3556.0,555.679
159903.SZ,20220218,1.553,1.563,1.55,1.56,1.56,0.0,0.0,1716.0,266.873
159903.SZ,20220217,1.55,1.563,1.544,1.56,1.55,0.01,0.6452,2159.0,336.058
159903.SZ,20220216,1.55,1.561,1.549,1.55,1.55,0.0,0.0,2774.77,430.905
159903.SZ,20220215,1.536,1.551,1.536,1.55,1.537,0.013,0.8458,2644.0,409.178
159903.SZ,20220214,1.542,1.545,1.521,1.537,1.547,-0.01,-0.6464,3058.0,468.749
159903.SZ,20220211,1.555,1.569,1.532,1.547,1.558,-0.011,-0.706,3019.0,468.181
159903.SZ,20220210,1.564,1.565,1.546,1.558,1.564,-0.006,-0.3836,4530.0,705.152
159903.SZ,20220209,1.554,1.569,1.552,1.564,1.554,0.01,0.6435,4081.0,637.699
159903.SZ,20220208,1.568,1.568,1.52,1.554,1.569,-0.015,-0.956,11794.53,1812.619
159903.SZ,20220207,1.575,1.585,1.565,1.569,1.569,0.0,0.0,9590.0,1508.288
159903.SZ,20220128,1.578,1.578,1.549,1.569,1.569,0.0,0.0,8436.0,1322.014
159903.SZ,20220127,1.592,1.601,1.561,1.569,1.601,-0.032,-1.9988,5389.0,850.222
159903.SZ,20220126,1.604,1.618,1.588,1.601,1.604,-0.003,-0.187,1993.0,319.808
159903.SZ,20220125,1.641,1.641,1.599,1.604,1.642,-0.038,-2.3143,8148.0,1318.256
159903.SZ,20220124,1.625,1.649,1.625,1.642,1.647,-0.005,-0.3036,2260.17,370.252
159903.SZ,20220121,1.664,1.664,1.63,1.647,1.664,-0.017,-1.0216,4407.0,721.797
159903.SZ,20220120,1.659,1.666,1.652,1.664,1.66,0.004,0.241,9075.82,1506.807
159903.SZ,20220119,1.661,1.67,1.646,1.66,1.668,-0.008,-0.4796,5933.2,983.167
159903.SZ,20220118,1.664,1.675,1.653,1.668,1.661,0.007,0.4214,23447.4,3919.442
159903.SZ,20220117,1.657,1.663,1.645,1.661,1.644,0.017,1.0341,4172.0,691.33
159903.SZ,20220114,1.635,1.652,1.635,1.644,1.643,0.001,0.0609,2872.0,471.749
159903.SZ,20220113,1.667,1.667,1.642,1.643,1.668,-0.025,-1.4988,10786.0,1781.412
159903.SZ,20220112,1.654,1.674,1.654,1.668,1.653,0.015,0.9074,4485.0,747.594
159903.SZ,20220111,1.68,1.68,1.653,1.653,1.672,-0.019,-1.1364,3381.0,560.997
159903.SZ,20220110,1.66,1.679,1.651,1.672,1.67,0.002,0.1198,1798.0,299.865
159903.SZ,20220107,1.678,1.68,1.666,1.67,1.675,-0.005,-0.2985,2507.0,419.063
159903.SZ,20220106,1.689,1.689,1.666,1.675,1.69,-0.015,-0.8876,3298.27,554.173
159903.SZ,20220105,1.703,1.71,1.676,1.69,1.714,-0.024,-1.4002,8139.0,1377.089
159903.SZ,20220104,1.717,1.728,1.703,1.714,1.716,-0.002,-0.1166,2014.79,344.753
159903.SZ,20211231,1.714,1.719,1.713,1.716,1.713,0.003,0.1751,1919.0,329.409
159903.SZ,20211230,1.706,1.716,1.699,1.713,1.698,0.015,0.8834,3229.53,552.233
159903.SZ,20211229,1.713,1.713,1.698,1.698,1.713,-0.015,-0.8757,3249.03,553.104
159903.SZ,20211228,1.702,1.713,1.702,1.713,1.701,0.012,0.7055,3641.0,622.573
159903.SZ,20211227,1.705,1.709,1.697,1.701,1.705,-0.004,-0.2346,2398.0,408.142
159903.SZ,20211224,1.717,1.717,1.697,1.705,1.717,-0.012,-0.6989,1411.0,240.298
159903.SZ,20211223,1.71,1.718,1.71,1.717,1.707,0.01,0.5858,1687.24,289.385
159903.SZ,20211222,1.708,1.715,1.704,1.707,1.703,0.004,0.2349,2887.15,493.336
159903.SZ,20211221,1.69,1.703,1.69,1.703,1.69,0.013,0.7692,2585.0,439.104
159903.SZ,20211220,1.722,1.724,1.679,1.69,1.725,-0.035,-2.029,9771.53,1659.905
159903.SZ,20211217,1.736,1.739,1.725,1.725,1.744,-0.019,-1.0894,2660.9,460.448
159903.SZ,20211216,1.74,1.747,1.736,1.744,1.741,0.003,0.1723,3803.9,662.481
159903.SZ,20211215,1.75,1.752,1.732,1.741,1.752,-0.011,-0.6279,2023.5,352.381
159903.SZ,20211214,1.754,1.756,1.745,1.752,1.754,-0.002,-0.114,2906.0,508.873
159903.SZ,20211213,1.76,1.763,1.745,1.754,1.747,0.007,0.4007,4685.0,823.247
159903.SZ,20211210,1.748,1.748,1.735,1.747,1.748,-0.001,-0.0572,3072.37,535.023
159903.SZ,20211209,1.726,1.754,1.726,1.748,1.726,0.022,1.2746,8681.42,1516.216
159903.SZ,20211208,1.698,1.727,1.642,1.726,1.698,0.028,1.649,5542.71,949.978
159903.SZ,20211207,1.705,1.717,1.689,1.698,1.705,-0.007,-0.4106,3268.77,555.685
159903.SZ,20211206,1.719,1.726,1.701,1.705,1.719,-0.014,-0.8144,6818.0,1169.719
159903.SZ,20211203,1.713,1.719,1.707,1.719,1.707,0.012,0.703,1412.24,241.914
159903.SZ,20211202,1.706,1.719,1.705,1.707,1.709,-0.002,-0.117,2845.0,487.446
159903.SZ,20211201,1.703,1.71,1.701,1.709,1.71,-0.001,-0.0585,1961.0,334.15
159903.SZ,20211130,1.717,1.723,1.703,1.71,1.711,-0.001,-0.0584,3669.0,627.807
159903.SZ,20211129,1.7,1.712,1.688,1.711,1.707,0.004,0.2343,5848.0,997.505
159903.SZ,20211126,1.717,1.717,1.706,1.707,1.717,-0.01,-0.5824,2301.33,393.579
159903.SZ,20211125,1.721,1.729,1.71,1.717,1.721,-0.004,-0.2324,2325.0,399.783
159903.SZ,20211124,1.719,1.726,1.717,1.721,1.723,-0.002,-0.1161,2578.0,443.932
159903.SZ,20211123,1.725,1.728,1.717,1.723,1.723,0.0,0.0,4841.58,833.832
159903.SZ,20211122,1.704,1.725,1.704,1.723,1.703,0.02,1.1744,10252.89,1761.369
159903.SZ,20211119,1.691,1.704,1.684,1.703,1.691,0.012,0.7096,4756.94,808.684
159903.SZ,20211118,1.691,1.695,1.684,1.691,1.7,-0.009,-0.5294,1766.0,298.66
159903.SZ,20211117,1.702,1.703,1.693,1.7,1.692,0.008,0.4728,3857.57,655.004
159903.SZ,20211116,1.691,1.702,1.691,1.692,1.691,0.001,0.0591,5442.56,923.778
159903.SZ,20211115,1.701,1.703,1.686,1.691,1.701,-0.01,-0.5879,3229.0,547.797
159903.SZ,20211112,1.699,1.701,1.692,1.701,1.699,0.002,0.1177,3123.0,530.373
159903.SZ,20211111,1.682,1.699,1.678,1.699,1.683,0.016,0.9507,7318.27,1238.433
159903.SZ,20211110,1.68,1.683,1.66,1.683,1.682,0.001,0.0595,2519.0,421.245
159903.SZ,20211109,1.682,1.684,1.674,1.682,1.673,0.009,0.538,2627.0,441.813
159903.SZ,20211108,1.673,1.678,1.664,1.673,1.673,0.0,0.0,1824.54,305.087
159903.SZ,20211105,1.681,1.688,1.672,1.673,1.681,-0.008,-0.4759,3592.56,604.025
159903.SZ,20211104,1.663,1.684,1.663,1.681,1.663,0.018,1.0824,3848.1,645.069
159903.SZ,20211103,1.661,1.672,1.657,1.663,1.661,0.002,0.1204,2776.0,462.399
159903.SZ,20211102,1.674,1.681,1.653,1.661,1.673,-0.012,-0.7173,5369.0,896.509
159903.SZ,20211101,1.662,1.681,1.652,1.673,1.667,0.006,0.3599,5414.0,905.523
159903.SZ,20211029,1.644,1.668,1.644,1.667,1.644,0.023,1.399,4038.38,670.172
159903.SZ,20211028,1.663,1.666,1.64,1.644,1.663,-0.019,-1.1425,4439.0,733.586
159903.SZ,20211027,1.672,1.677,1.658,1.663,1.684,-0.021,-1.247,5235.09,870.399
159903.SZ,20211026,1.685,1.696,1.676,1.684,1.685,-0.001,-0.0593,2834.0,478.62
159903.SZ,20211025,1.671,1.685,1.67,1.685,1.675,0.01,0.597,4434.0,745.057
159903.SZ,20211022,1.677,1.68,1.671,1.675,1.668,0.007,0.4197,4425.0,741.633
159903.SZ,20211021,1.668,1.677,1.661,1.668,1.672,-0.004,-0.2392,2741.16,456.58
159903.SZ,20211020,1.677,1.683,1.668,1.672,1.677,-0.005,-0.2982,4395.0,736.265
159903.SZ,20211019,1.66,1.677,1.66,1.677,1.66,0.017,1.0241,6455.57,1079.418
159903.SZ,20211018,1.669,1.669,1.648,1.66,1.669,-0.009,-0.5392,1907.56,315.408
159903.SZ,20211015,1.66,1.669,1.655,1.669,1.66,0.009,0.5422,3296.78,547.939
159903.SZ,20211014,1.656,1.665,1.653,1.66,1.663,-0.003,-0.1804,4127.0,684.603
159903.SZ,20211013,1.634,1.666,1.632,1.663,1.644,0.019,1.1557,6297.0,1039.519
159903.SZ,20211012,1.664,1.664,1.63,1.644,1.664,-0.02,-1.2019,6425.0,1054.816
159903.SZ,20211011,1.668,1.678,1.661,1.664,1.667,-0.003,-0.18,4734.95,788.839
159903.SZ,20211008,1.664,1.681,1.664,1.667,1.662,0.005,0.3008,5263.0,880.45
159903.SZ,20210930,1.638,1.665,1.638,1.662,1.638,0.024,1.4652,6065.76,1002.39
159903.SZ,20210929,1.649,1.649,1.628,1.638,1.657,-0.019,-1.1467,9521.29,1557.712
159903.SZ,20210928,1.655,1.667,1.645,1.657,1.654,0.003,0.1814,4142.0,685.081
159903.SZ,20210927,1.659,1.68,1.646,1.654,1.659,-0.005,-0.3014,4309.27,716.023
159903.SZ,20210924,1.658,1.674,1.651,1.659,1.66,-0.001,-0.0602,3516.27,585.203
159903.SZ,20210923,1.657,1.667,1.657,1.66,1.657,0.003,0.1811,4117.36,684.151
159903.SZ,20210922,1.652,1.66,1.639,1.657,1.663,-0.006,-0.3608,2022.6,333.55
159903.SZ,20210917,1.655,1.664,1.64,1.663,1.65,0.013,0.7879,4108.27,678.36
159903.SZ,20210916,1.676,1.678,1.65,1.65,1.676,-0.026,-1.5513,4714.0,782.416
159903.SZ,20210915,1.696,1.696,1.66,1.676,1.696,-0.02,-1.1792,5270.0,883.298
159903.SZ,20210914,1.7,1.722,1.689,1.696,1.694,0.002,0.1181,9869.0,1685.142
159903.SZ,20210913,1.7,1.715,1.687,1.694,1.703,-0.009,-0.5285,3406.0,576.566
159903.SZ,20210910,1.68,1.708,1.68,1.703,1.692,0.011,0.6501,5442.78,925.805
159903.SZ,20210909,1.685,1.694,1.675,1.692,1.692,0.0,0.0,3340.0,563.242
159903.SZ,20210908,1.694,1.702,1.686,1.692,1.694,-0.002,-0.1181,6422.0,1087.389
159903.SZ,20210907,1.676,1.695,1.67,1.694,1.674,0.02,1.1947,10771.37,1813.512
159903.SZ,20210906,1.639,1.676,1.639,1.674,1.639,0.035,2.1354,6667.54,1109.557
159903.SZ,20210903,1.647,1.652,1.634,1.639,1.645,-0.006,-0.3647,6996.54,1147.623
159903.SZ,20210902,1.648,1.655,1.643,1.645,1.648,-0.003,-0.182,2017.0,332.32
159903.SZ,20210901,1.685,1.693,1.625,1.648,1.648,0.0,0.0,5752.0,945.307
159903.SZ,20210831,1.664,1.664,1.64,1.648,1.664,-0.016,-0.9615,8860.02,1457.984
159903.SZ,20210830,1.664,1.68,1.66,1.664,1.666,-0.002,-0.12,3885.01,646.567
159903.SZ,20210827,1.66,1.676,1.66,1.666,1.667,-0.001,-0.06,2278.89,379.916
159903.SZ,20210826,1.696,1.696,1.665,1.667,1.69,-0.023,-1.3609,2325.0,389.087
159903.SZ,20210825,1.685,1.69,1.675,1.69,1.685,0.005,0.2967,2841.64,479.093
159903.SZ,20210824,1.682,1.692,1.668,1.685,1.673,0.012,0.7173,4681.0,788.625
159903.SZ,20210823,1.652,1.676,1.641,1.673,1.652,0.021,1.2712,4548.0,758.22
159903.SZ,20210820,1.677,1.677,1.63,1.652,1.677,-0.025,-1.4908,6956.62,1145.509
159903.SZ,20210819,1.669,1.683,1.661,1.677,1.669,0.008,0.4793,4171.92,699.016
159903.SZ,20210818,1.685,1.685,1.656,1.669,1.657,0.012,0.7242,4358.58,725.605
159903.SZ,20210817,1.691,1.698,1.655,1.657,1.691,-0.034,-2.0106,8169.37,1363.841
159903.SZ,20210816,1.701,1.702,1.685,1.691,1.701,-0.01,-0.5879,3762.52,636.323
159903.SZ,20210813,1.713,1.721,1.695,1.701,1.713,-0.012,-0.7005,3775.0,643.787
159903.SZ,20210812,1.72,1.729,1.705,1.713,1.728,-0.015,-0.8681,4998.88,856.044
159903.SZ,20210811,1.72,1.73,1.713,1.728,1.724,0.004,0.232,5415.68,935.138
159903.SZ,20210810,1.713,1.725,1.702,1.724,1.713,0.011,0.6421,8293.62,1423.455
159903.SZ,20210809,1.701,1.715,1.67,1.713,1.702,0.011,0.6463,5733.6,974.494
159903.SZ,20210806,1.688,1.715,1.688,1.702,1.711,-0.009,-0.526,4904.03,831.475
159903.SZ,20210805,1.716,1.718,1.7,1.711,1.715,-0.004,-0.2332,3081.0,527.513
159903.SZ,20210804,1.694,1.716,1.685,1.715,1.689,0.026,1.5394,4332.4,738.992
159903.SZ,20210803,1.7,1.704,1.68,1.689,1.699,-0.01,-0.5886,4595.93,777.057
159903.SZ,20210802,1.667,1.701,1.661,1.699,1.665,0.034,2.042,4871.85,820.209
159903.SZ,20210730,1.669,1.669,1.645,1.665,1.669,-0.004,-0.2397,12362.85,2054.5
159903.SZ,20210729,1.64,1.684,1.64,1.669,1.635,0.034,2.0795,39580.4,6567.196
159903.SZ,20210728,1.635,1.651,1.601,1.635,1.638,-0.003,-0.1832,37782.38,6161.33
159903.SZ,20210727,1.685,1.698,1.638,1.638,1.683,-0.045,-2.6738,9497.0,1585.419
159903.SZ,20210726,1.73,1.73,1.671,1.683,1.73,-0.047,-2.7168,8559.0,1450.789
159903.SZ,20210723,1.748,1.749,1.723,1.73,1.749,-0.019,-1.0863,6949.94,1205.523
159903.SZ,20210722,1.747,1.751,1.742,1.749,1.747,0.002,0.1145,3713.0,648.565
159903.SZ,20210721,1.725,1.749,1.725,1.747,1.724,0.023,1.3341,10890.22,1899.092
159903.SZ,20210720,1.72,1.729,1.71,1.724,1.725,-0.001,-0.058,4551.78,782.838
159903.SZ,20210719,1.715,1.731,1.711,1.725,1.729,-0.004,-0.2313,3513.52,603.592
159903.SZ,20210716,1.733,1.744,1.722,1.729,1.745,-0.016,-0.9169,1961.0,339.948
159903.SZ,20210715,1.738,1.745,1.72,1.745,1.744,0.001,0.0573,3776.15,656.886
159903.SZ,20210714,1.745,1.755,1.732,1.744,1.745,-0.001,-0.0573,8979.7,1562.321
159903.SZ,20210713,1.742,1.749,1.71,1.745,1.742,0.003,0.1722,7152.7,1246.728
159903.SZ,20210712,1.708,1.749,1.708,1.742,1.705,0.037,2.1701,11624.0,2021.499
159903.SZ,20210709,1.705,1.709,1.678,1.705,1.713,-0.008,-0.467,3903.0,660.634
159903.SZ,20210708,1.705,1.725,1.705,1.713,1.71,0.003,0.1754,16261.34,2791.733
159903.SZ,20210707,1.675,1.715,1.675,1.71,1.679,0.031,1.8463,17106.96,2909.122
159903.SZ,20210706,1.685,1.69,1.664,1.679,1.685,-0.006,-0.3561,8016.0,1344.839
159903.SZ,20210705,1.68,1.695,1.669,1.685,1.68,0.005,0.2976,4516.35,761.07
159903.SZ,20210702,1.718,1.718,1.675,1.68,1.718,-0.038,-2.2119,25121.51,4232.137
159903.SZ,20210701,1.731,1.74,1.705,1.718,1.73,-0.012,-0.6936,48055.91,8316.895
159903.SZ,20210630,1.71,1.734,1.708,1.73,1.71,0.02,1.1696,5881.31,1013.796
159903.SZ,20210629,1.73,1.738,1.705,1.71,1.731,-0.021,-1.2132,5555.76,953.179
159903.SZ,20210628,1.719,1.732,1.716,1.731,1.72,0.011,0.6395,7295.02,1259.653
159903.SZ,20210625,1.7,1.72,1.697,1.72,1.697,0.023,1.3553,5923.76,1012.659
159903.SZ,20210624,1.7,1.709,1.687,1.697,1.701,-0.004,-0.2352,8304.16,1411.707
159903.SZ,20210623,1.681,1.707,1.679,1.701,1.681,0.02,1.1898,32832.83,5567.372
159903.SZ,20210622,1.677,1.685,1.669,1.681,1.677,0.004,0.2385,2879.67,482.612
159903.SZ,20210621,1.671,1.685,1.653,1.677,1.671,0.006,0.3591,2940.0,491.589
159903.SZ,20210618,1.652,1.68,1.652,1.671,1.658,0.013,0.7841,14436.2,2407.919
159903.SZ,20210617,1.649,1.658,1.641,1.658,1.641,0.017,1.036,6464.09,1066.241
159903.SZ,20210616,1.68,1.685,1.64,1.641,1.68,-0.039,-2.3214,7469.37,1234.62
159903.SZ,20210615,1.695,1.7,1.671,1.68,1.694,-0.014,-0.8264,7513.0,1260.224
159903.SZ,20210611,1.698,1.702,1.686,1.694,1.697,-0.003,-0.1768,3732.11,632.371
159903.SZ,20210610,1.683,1.709,1.683,1.697,1.683,0.014,0.8318,11227.78,1909.168
159903.SZ,20210609,1.688,1.688,1.678,1.683,1.684,-0.001,-0.0594,4616.78,776.431
159903.SZ,20210608,1.708,1.708,1.681,1.684,1.695,-0.011,-0.649,3839.0,648.596
159903.SZ,20210607,1.709,1.709,1.688,1.695,1.699,-0.004,-0.2354,3977.96,672.773
159903.SZ,20210604,1.685,1.708,1.678,1.699,1.682,0.017,1.0107,8425.4,1426.392
159903.SZ,20210603,1.689,1.702,1.682,1.682,1.69,-0.008,-0.4734,6991.85,1185.129
159903.SZ,20210602,1.714,1.714,1.688,1.69,1.708,-0.018,-1.0539,8520.0,1440.731
159903.SZ,20210601,1.703,1.709,1.686,1.708,1.702,0.006,0.3525,8139.0,1384.28
159903.SZ,20210531,1.682,1.703,1.682,1.702,1.685,0.017,1.0089,12937.0,2195.08
159903.SZ,20210528,1.692,1.7,1.672,1.685,1.693,-0.008,-0.4725,6911.0,1168.756
159903.SZ,20210527,1.683,1.699,1.678,1.693,1.682,0.011,0.654,8337.11,1409.155
159903.SZ,20210526,1.68,1.685,1.67,1.682,1.682,0.0,0.0,7753.52,1302.776
159903.SZ,20210525,1.656,1.687,1.649,1.682,1.647,0.035,2.1251,11714.52,1961.939
159903.SZ,20210524,1.638,1.649,1.624,1.647,1.638,0.009,0.5495,2943.58,482.267
159903.SZ,20210521,1.661,1.661,1.637,1.638,1.65,-0.012,-0.7273,4751.37,780.714
159903.SZ,20210520,1.654,1.657,1.645,1.65,1.647,0.003,0.1821,4820.0,795.449
159903.SZ,20210519,1.647,1.661,1.632,1.647,1.647,0.0,0.0,4574.0,755.681
159903.SZ,20210518,1.648,1.648,1.633,1.647,1.643,0.004,0.2435,5010.0,822.148
159903.SZ,20210517,1.621,1.649,1.613,1.643,1.623,0.02,1.2323,8293.91,1362.849
159903.SZ,20210514,1.592,1.625,1.581,1.623,1.587,0.036,2.2684,8808.19,1419.406
159903.SZ,20210513,1.597,1.597,1.579,1.587,1.598,-0.011,-0.6884,3666.0,581.831
159903.SZ,20210512,1.578,1.602,1.578,1.598,1.59,0.008,0.5031,3016.0,480.133
159903.SZ,20210511,1.585,1.596,1.562,1.59,1.586,0.004,0.2522,5071.8,801.273
159903.SZ,20210510,1.591,1.599,1.58,1.586,1.591,-0.005,-0.3143,3752.0,595.773
159903.SZ,20210507,1.617,1.62,1.586,1.591,1.615,-0.024,-1.4861,5179.0,830.041
159903.SZ,20210506,1.639,1.639,1.602,1.615,1.639,-0.024,-1.4643,2904.8,469.58
159903.SZ,20210430,1.641,1.648,1.63,1.639,1.64,-0.001,-0.061,5019.91,822.183
159903.SZ,20210429,1.634,1.646,1.63,1.64,1.636,0.004,0.2445,4359.0,714.885
159903.SZ,20210428,1.619,1.638,1.607,1.636,1.621,0.015,0.9254,10881.31,1774.601
159903.SZ,20210427,1.606,1.621,1.595,1.621,1.606,0.015,0.934,27027.0,4343.361
159903.SZ,20210426,1.623,1.642,1.6,1.606,1.623,-0.017,-1.0474,25847.0,4175.032
159903.SZ,20210423,1.605,1.628,1.605,1.623,1.607,0.016,0.9956,8675.0,1405.198
159903.SZ,20210422,1.607,1.615,1.6,1.607,1.602,0.005,0.3121,3586.0,576.138
159903.SZ,20210421,1.597,1.61,1.585,1.602,1.601,0.001,0.0625,5437.76,869.716
159903.SZ,20210420,1.598,1.612,1.59,1.601,1.612,-0.011,-0.6824,13529.0,2169.301
159903.SZ,20210419,1.548,1.615,1.543,1.612,1.555,0.057,3.6656,37684.96,5997.079
159903.SZ,20210416,1.55,1.556,1.536,1.555,1.549,0.006,0.3873,4591.0,710.638
159903.SZ,20210415,1.553,1.553,1.534,1.549,1.554,-0.005,-0.3218,5512.57,850.428
159903.SZ,20210414,1.53,1.557,1.53,1.554,1.53,0.024,1.5686,8132.45,1259.604
159903.SZ,20210413,1.53,1.546,1.527,1.53,1.53,0.0,0.0,8567.87,1315.651
159903.SZ,20210412,1.559,1.566,1.528,1.53,1.561,-0.031,-1.9859,23136.0,3562.395
159903.SZ,20210409,1.577,1.58,1.555,1.561,1.576,-0.015,-0.9518,4588.0,716.52
159903.SZ,20210408,1.568,1.586,1.568,1.576,1.575,0.001,0.0635,4403.68,694.751
159903.SZ,20210407,1.59,1.59,1.564,1.575,1.59,-0.015,-0.9434,6672.0,1048.468
159903.SZ,20210406,1.594,1.6,1.585,1.59,1.592,-0.002,-0.1256,8185.0,1303.643
159903.SZ,20210402,1.577,1.599,1.577,1.592,1.576,0.016,1.0152,10316.0,1641.365
159903.SZ,20210401,1.556,1.578,1.556,1.576,1.557,0.019,1.2203,9050.05,1422.61
159903.SZ,20210331,1.564,1.569,1.547,1.557,1.565,-0.008,-0.5112,2620.33,407.426
159903.SZ,20210330,1.555,1.57,1.552,1.565,1.556,0.009,0.5784,7003.0,1095.832
159903.SZ,20210329,1.555,1.569,1.546,1.556,1.554,0.002,0.1287,8435.0,1313.254
159903.SZ,20210326,1.526,1.558,1.526,1.554,1.52,0.034,2.2368,14952.94,2311.664
159903.SZ,20210325,1.515,1.528,1.511,1.52,1.52,0.0,0.0,7467.94,1136.111
159903.SZ,20210324,1.539,1.543,1.517,1.52,1.54,-0.02,-1.2987,10605.0,1617.81
159903.SZ,20210323,1.554,1.556,1.531,1.54,1.552,-0.012,-0.7732,6298.0,971.117
159903.SZ,20210322,1.538,1.557,1.533,1.552,1.541,0.011,0.7138,6825.0,1056.938
159903.SZ,20210319,1.564,1.564,1.532,1.541,1.574,-0.033,-2.0966,12977.0,2008.003
159903.SZ,20210318,1.557,1.578,1.557,1.574,1.558,0.016,1.027,11372.0,1786.314
159903.SZ,20210317,1.544,1.562,1.527,1.558,1.543,0.015,0.9721,10127.0,1572.084
159903.SZ,20210316,1.532,1.545,1.53,1.543,1.54,0.003,0.1948,14187.78,2179.973
159903.SZ,20210315,1.567,1.567,1.521,1.54,1.573,-0.033,-2.0979,12573.0,1930.268
159903.SZ,20210312,1.573,1.573,1.548,1.573,1.566,0.007,0.447,9064.0,1414.662
159903.SZ,20210311,1.537,1.57,1.531,1.566,1.537,0.029,1.8868,13431.86,2093.908
159903.SZ,20210310,1.543,1.558,1.532,1.537,1.53,0.007,0.4575,17985.08,2774.146
159903.SZ,20210309,1.581,1.581,1.502,1.53,1.581,-0.051,-3.2258,37047.0,5731.543
159903.SZ,20210308,1.651,1.684,1.575,1.581,1.651,-0.07,-4.2399,49772.45,8069.11
159903.SZ,20210305,1.643,1.696,1.633,1.651,1.653,-0.002,-0.121,36079.27,5964.628
159903.SZ,20210304,1.693,1.693,1.652,1.653,1.694,-0.041,-2.4203,9711.42,1613.845
159903.SZ,20210303,1.677,1.694,1.665,1.694,1.679,0.015,0.8934,5763.03,969.294
159903.SZ,20210302,1.687,1.697,1.66,1.679,1.687,-0.008,-0.4742,12882.0,2163.39
159903.SZ,20210301,1.649,1.688,1.649,1.687,1.663,0.024,1.4432,10976.58,1841.157
159903.SZ,20210226,1.665,1.679,1.643,1.663,1.683,-0.02,-1.1884,24570.85,4074.136
159903.SZ,20210225,1.689,1.709,1.68,1.683,1.688,-0.005,-0.2962,11154.05,1887.769
159903.SZ,20210224,1.722,1.732,1.676,1.688,1.722,-0.034,-1.9744,18432.35,3124.834
159903.SZ,20210223,1.732,1.74,1.711,1.722,1.733,-0.011,-0.6347,16749.63,2886.358
159903.SZ,20210222,1.788,1.788,1.733,1.733,1.787,-0.054,-3.0218,19456.61,3418.071
159903.SZ,20210219,1.781,1.792,1.746,1.787,1.78,0.007,0.3933,18884.74,3345.567
159903.SZ,20210218,1.85,1.85,1.77,1.78,1.805,-0.025,-1.385,21221.27,3813.021
159903.SZ,20210210,1.768,1.809,1.768,1.805,1.771,0.034,1.9198,25118.76,4500.946
159903.SZ,20210209,1.729,1.773,1.723,1.771,1.727,0.044,2.5478,20660.78,3622.675
159903.SZ,20210208,1.709,1.733,1.694,1.727,1.709,0.018,1.0532,9771.11,1673.718
159903.SZ,20210205,1.716,1.726,1.704,1.709,1.721,-0.012,-0.6973,14515.94,2496.769
159903.SZ,20210204,1.72,1.721,1.692,1.721,1.724,-0.003,-0.174,15810.45,2708.159
159903.SZ,20210203,1.734,1.743,1.724,1.724,1.734,-0.01,-0.5767,12709.12,2203.745
159903.SZ,20210202,1.703,1.734,1.7,1.734,1.7,0.034,2.0,10085.48,1731.639
159903.SZ,20210201,1.681,1.706,1.674,1.7,1.681,0.019,1.1303,11824.05,2003.25
159903.SZ,20210129,1.7,1.707,1.668,1.681,1.692,-0.011,-0.6501,17906.0,3023.127
159903.SZ,20210128,1.72,1.73,1.685,1.692,1.74,-0.048,-2.7586,19248.71,3276.507
159903.SZ,20210127,1.736,1.745,1.715,1.74,1.737,0.003,0.1727,11827.0,2048.438
159903.SZ,20210126,1.78,1.78,1.734,1.737,1.778,-0.041,-2.306,19529.0,3403.824
159903.SZ,20210125,1.761,1.803,1.75,1.778,1.765,0.013,0.7365,36730.77,6555.161
159903.SZ,20210122,1.75,1.765,1.73,1.765,1.75,0.015,0.8571,30190.23,5284.479
159903.SZ,20210121,1.714,1.758,1.714,1.75,1.715,0.035,2.0408,27350.24,4762.002
159903.SZ,20210120,1.692,1.716,1.692,1.715,1.692,0.023,1.3593,13246.0,2263.873
159903.SZ,20210119,1.72,1.725,1.684,1.692,1.72,-0.028,-1.6279,12135.0,2069.755
159903.SZ,20210118,1.694,1.726,1.689,1.72,1.699,0.021,1.236,14868.35,2551.276
159903.SZ,20210115,1.707,1.708,1.671,1.699,1.708,-0.009,-0.5269,21745.82,3676.979
159903.SZ,20210114,1.733,1.733,1.701,1.708,1.734,-0.026,-1.4994,10711.37,1834.914
159903.SZ,20210113,1.745,1.758,1.721,1.734,1.738,-0.004,-0.2301,23964.0,4174.793
159903.SZ,20210112,1.701,1.738,1.68,1.738,1.701,0.037,2.1752,17159.34,2947.47
159903.SZ,20210111,1.727,1.738,1.691,1.701,1.728,-0.027,-1.5625,20693.69,3553.355
159903.SZ,20210108,1.732,1.74,1.711,1.728,1.732,-0.004,-0.2309,17959.32,3099.115
159903.SZ,20210107,1.72,1.735,1.705,1.732,1.72,0.012,0.6977,17660.67,3037.367
159903.SZ,20210106,1.71,1.727,1.69,1.72,1.71,0.01,0.5848,18156.87,3101.523
159903.SZ,20210105,1.674,1.71,1.66,1.71,1.674,0.036,2.1505,36530.06,6170.956
159903.SZ,20210104,1.637,1.679,1.637,1.674,1.637,0.037,2.2602,17680.65,2944.539
159903.SZ,20201231,1.603,1.638,1.603,1.637,1.601,0.036,2.2486,37976.35,6180.377
159903.SZ,20201230,1.574,1.603,1.57,1.601,1.578,0.023,1.4575,18796.41,2997.634
159903.SZ,20201229,1.58,1.585,1.572,1.578,1.585,-0.007,-0.4416,13660.36,2157.063
159903.SZ,20201228,1.582,1.589,1.574,1.585,1.58,0.005,0.3165,13168.69,2087.166
159903.SZ,20201225,1.572,1.581,1.562,1.58,1.57,0.01,0.6369,14360.23,2259.431
159903.SZ,20201224,1.582,1.587,1.567,1.57,1.58,-0.01,-0.6329,8461.05,1333.989
159903.SZ,20201223,1.563,1.588,1.563,1.58,1.563,0.017,1.0877,12785.48,2012.078
159903.SZ,20201222,1.591,1.598,1.56,1.563,1.596,-0.033,-2.0677,19589.08,3093.323
159903.SZ,20201221,1.568,1.596,1.556,1.596,1.568,0.028,1.7857,14623.54,2312.977
159903.SZ,20201218,1.57,1.574,1.553,1.568,1.569,-0.001,-0.0637,38348.22,5984.834
159903.SZ,20201217,1.55,1.571,1.545,1.569,1.55,0.019,1.2258,9585.32,1493.784
159903.SZ,20201216,1.551,1.558,1.547,1.55,1.55,0.0,0.0,5705.17,884.961
159903.SZ,20201215,1.536,1.552,1.536,1.55,1.546,0.004,0.2587,7582.75,1170.769
159903.SZ,20201214,1.533,1.546,1.528,1.546,1.53,0.016,1.0458,6019.98,925.853
159903.SZ,20201211,1.547,1.55,1.52,1.53,1.546,-0.016,-1.0349,11363.0,1740.078
159903.SZ,20201210,1.545,1.557,1.536,1.546,1.545,0.001,0.0647,6720.54,1038.587
159903.SZ,20201209,1.577,1.582,1.541,1.545,1.575,-0.03,-1.9048,13804.09,2155.127
159903.SZ,20201208,1.576,1.582,1.572,1.575,1.576,-0.001,-0.0635,8742.76,1379.561
159903.SZ,20201207,1.578,1.586,1.575,1.576,1.586,-0.01,-0.6305,5295.39,836.448
159903.SZ,20201204,1.578,1.586,1.572,1.586,1.583,0.003,0.1895,6891.44,1089.113
159903.SZ,20201203,1.58,1.584,1.572,1.583,1.579,0.004,0.2533,7590.89,1198.102
159903.SZ,20201202,1.571,1.581,1.567,1.579,1.571,0.008,0.5092,16193.92,2551.298
159903.SZ,20201201,1.546,1.576,1.545,1.571,1.546,0.025,1.6171,15500.13,2421.479
159903.SZ,20201130,1.551,1.559,1.541,1.546,1.548,-0.002,-0.1292,10802.37,1678.945
159903.SZ,20201127,1.541,1.548,1.532,1.548,1.539,0.009,0.5848,5130.0,791.217
159903.SZ,20201126,1.547,1.549,1.525,1.539,1.545,-0.006,-0.3883,11858.96,1819.723
159903.SZ,20201125,1.572,1.574,1.544,1.545,1.569,-0.024,-1.5296,13501.0,2099.62
159903.SZ,20201124,1.573,1.576,1.566,1.569,1.576,-0.007,-0.4442,8083.74,1269.216
159903.SZ,20201123,1.568,1.582,1.562,1.576,1.567,0.009,0.5743,11903.54,1872.45
159903.SZ,20201120,1.569,1.569,1.564,1.567,1.565,0.002,0.1278,8935.39,1399.615
159903.SZ,20201119,1.549,1.566,1.545,1.565,1.55,0.015,0.9677,11788.2,1836.436
159903.SZ,20201118,1.556,1.566,1.545,1.55,1.559,-0.009,-0.5773,22157.0,3444.191
159903.SZ,20201117,1.567,1.567,1.545,1.559,1.567,-0.008,-0.5105,4224.39,656.494
159903.SZ,20201116,1.558,1.57,1.553,1.567,1.558,0.009,0.5777,6256.79,976.238
159903.SZ,20201113,1.56,1.56,1.547,1.558,1.56,-0.002,-0.1282,5392.58,837.688
159903.SZ,20201112,1.555,1.568,1.554,1.56,1.549,0.011,0.7101,7235.59,1130.42
159903.SZ,20201111,1.581,1.586,1.549,1.549,1.589,-0.04,-2.5173,11440.0,1790.485
159903.SZ,20201110,1.6,1.66,1.581,1.589,1.598,-0.009,-0.5632,12471.78,1989.494
159903.SZ,20201109,1.567,1.618,1.567,1.598,1.567,0.031,1.9783,23957.83,3820.238
159903.SZ,20201106,1.568,1.568,1.541,1.567,1.565,0.002,0.1278,39814.87,6194.058
159903.SZ,20201105,1.541,1.568,1.541,1.565,1.537,0.028,1.8217,19095.63,2979.011
159903.SZ,20201104,1.53,1.542,1.524,1.537,1.534,0.003,0.1956,8760.66,1345.651
159903.SZ,20201103,1.52,1.534,1.516,1.534,1.518,0.016,1.054,5689.59,870.32
159903.SZ,20201102,1.499,1.524,1.499,1.518,1.5,0.018,1.2,5043.94,764.782
159903.SZ,20201030,1.532,1.534,1.5,1.5,1.529,-0.029,-1.8967,11053.94,1675.86
159903.SZ,20201029,1.504,1.534,1.485,1.529,1.509,0.02,1.3254,12493.86,1897.494
159903.SZ,20201028,1.498,1.516,1.486,1.509,1.495,0.014,0.9365,10280.13,1544.681
159903.SZ,20201027,1.484,1.497,1.473,1.495,1.484,0.011,0.7412,10855.6,1615.434
159903.SZ,20201026,1.47,1.49,1.46,1.484,1.485,-0.001,-0.0673,13771.83,2031.4
159903.SZ,20201023,1.514,1.518,1.48,1.485,1.509,-0.024,-1.5905,12317.97,1846.076
159903.SZ,20201022,1.511,1.514,1.496,1.509,1.519,-0.01,-0.6583,7540.85,1135.329
159903.SZ,20201021,1.53,1.532,1.511,1.519,1.53,-0.011,-0.719,6744.57,1023.191
159903.SZ,20201020,1.513,1.533,1.502,1.53,1.513,0.017,1.1236,11160.63,1691.529
159903.SZ,20201019,1.538,1.539,1.51,1.513,1.528,-0.015,-0.9817,9763.33,1488.589
159903.SZ,20201016,1.538,1.538,1.515,1.528,1.538,-0.01,-0.6502,9496.44,1448.882
159903.SZ,20201015,1.539,1.548,1.534,1.538,1.544,-0.006,-0.3886,4163.84,640.559
159903.SZ,20201014,1.553,1.553,1.535,1.544,1.551,-0.007,-0.4513,10624.1,1637.841
159903.SZ,20201013,1.539,1.554,1.53,1.551,1.539,0.012,0.7797,22883.03,3527.078
159903.SZ,20201012,1.497,1.54,1.497,1.539,1.494,0.045,3.012,16580.15,2530.475
159903.SZ,20201009,1.48,1.497,1.479,1.494,1.46,0.034,2.3288,13908.0,2073.866
159903.SZ,20200930,1.465,1.47,1.451,1.46,1.459,0.001,0.0685,6220.33,909.368
159903.SZ,20200929,1.475,1.475,1.447,1.459,1.443,0.016,1.1088,4370.0,637.164
159903.SZ,20200928,1.449,1.455,1.443,1.443,1.449,-0.006,-0.4141,6215.74,898.849
159903.SZ,20200925,1.449,1.46,1.447,1.449,1.453,-0.004,-0.2753,4663.11,676.876
159903.SZ,20200924,1.472,1.472,1.449,1.453,1.477,-0.024,-1.6249,4215.49,612.561
159903.SZ,20200923,1.469,1.477,1.463,1.477,1.468,0.009,0.6131,3375.84,496.615
159903.SZ,20200922,1.471,1.49,1.465,1.468,1.486,-0.018,-1.2113,6684.9,986.213
159903.SZ,20200921,1.498,1.498,1.483,1.486,1.492,-0.006,-0.4021,6771.0,1010.49
159903.SZ,20200918,1.479,1.495,1.471,1.492,1.473,0.019,1.2899,10889.83,1613.473
159903.SZ,20200917,1.464,1.474,1.449,1.473,1.465,0.008,0.5461,21185.85,3088.317
159903.SZ,20200916,1.477,1.477,1.457,1.465,1.477,-0.012,-0.8125,11111.98,1625.501
159903.SZ,20200915,1.46,1.479,1.454,1.477,1.46,0.017,1.1644,8056.94,1183.629
159903.SZ,20200914,1.459,1.468,1.452,1.46,1.451,0.009,0.6203,7909.0,1154.521
159903.SZ,20200911,1.427,1.454,1.427,1.451,1.434,0.017,1.1855,20524.73,2964.707
159903.SZ,20200910,1.468,1.468,1.43,1.434,1.457,-0.023,-1.5786,10101.36,1464.168
159903.SZ,20200909,1.487,1.487,1.445,1.457,1.491,-0.034,-2.2803,26956.94,3949.985
159903.SZ,20200908,1.509,1.509,1.478,1.491,1.493,-0.002,-0.134,29005.05,4319.326
159903.SZ,20200907,1.535,1.543,1.49,1.493,1.545,-0.052,-3.3657,20674.94,3116.831
159903.SZ,20200904,1.558,1.558,1.521,1.545,1.567,-0.022,-1.404,54564.37,8359.307
159903.SZ,20200903,1.568,1.583,1.56,1.567,1.568,-0.001,-0.0638,4647.96,729.021
159903.SZ,20200902,1.558,1.579,1.556,1.568,1.558,0.01,0.6418,12411.26,1947.623
159903.SZ,20200901,1.549,1.56,1.534,1.558,1.548,0.01,0.646,8334.02,1289.489
159903.SZ,20200831,1.559,1.584,1.546,1.548,1.553,-0.005,-0.322,32121.79,5029.931
159903.SZ,20200828,1.512,1.553,1.511,1.553,1.512,0.041,2.7116,27674.18,4269.648
159903.SZ,20200827,1.504,1.514,1.494,1.512,1.503,0.009,0.5988,5858.75,882.486
159903.SZ,20200826,1.53,1.54,1.495,1.503,1.535,-0.032,-2.0847,18628.93,2825.411
159903.SZ,20200825,1.528,1.545,1.528,1.535,1.528,0.007,0.4581,12994.93,1993.561
159903.SZ,20200824,1.51,1.535,1.494,1.528,1.499,0.029,1.9346,36640.5,5581.081
159903.SZ,20200821,1.483,1.502,1.483,1.499,1.485,0.014,0.9428,9284.39,1390.876
159903.SZ,20200820,1.485,1.497,1.475,1.485,1.505,-0.02,-1.3289,8187.14,1216.097
159903.SZ,20200819,1.527,1.527,1.494,1.505,1.526,-0.021,-1.3761,13302.24,2004.169
159903.SZ,20200818,1.531,1.55,1.52,1.526,1.531,-0.005,-0.3266,36915.99,5638.499
159903.SZ,20200817,1.498,1.531,1.498,1.531,1.498,0.033,2.2029,75755.38,11518.33
159903.SZ,20200814,1.472,1.503,1.47,1.498,1.475,0.023,1.5593,28570.42,4237.273
159903.SZ,20200813,1.48,1.485,1.469,1.475,1.475,0.0,0.0,9975.0,1472.09
159903.SZ,20200812,1.489,1.489,1.45,1.475,1.489,-0.014,-0.9402,18321.27,2689.609
159903.SZ,20200811,1.514,1.527,1.488,1.489,1.514,-0.025,-1.6513,15490.87,2341.167
159903.SZ,20200810,1.51,1.523,1.488,1.514,1.512,0.002,0.1323,13296.24,2003.202
159903.SZ,20200807,1.526,1.533,1.488,1.512,1.535,-0.023,-1.4984,17936.05,2703.158
159903.SZ,20200806,1.543,1.547,1.516,1.535,1.543,-0.008,-0.5185,9272.47,1418.571
159903.SZ,20200805,1.532,1.549,1.526,1.543,1.536,0.007,0.4557,8193.83,1260.398
159903.SZ,20200804,1.551,1.554,1.53,1.536,1.549,-0.013,-0.8393,26241.92,4051.825
159903.SZ,20200803,1.521,1.549,1.52,1.549,1.509,0.04,2.6508,27029.76,4150.292
159903.SZ,20200731,1.495,1.523,1.486,1.509,1.493,0.016,1.0717,26450.23,3993.963
159903.SZ,20200730,1.499,1.509,1.486,1.493,1.499,-0.006,-0.4003,22249.99,3330.522
159903.SZ,20200729,1.463,1.5,1.45,1.499,1.454,0.045,3.0949,23054.14,3421.843
159903.SZ,20200728,1.45,1.457,1.438,1.454,1.435,0.019,1.324,17035.02,2468.465
159903.SZ,20200727,1.448,1.454,1.427,1.435,1.441,-0.006,-0.4164,16595.77,2389.633
159903.SZ,20200724,1.501,1.503,1.43,1.441,1.512,-0.071,-4.6958,34384.88,5015.609
159903.SZ,20200723,1.508,1.515,1.471,1.512,1.511,0.001,0.0662,30032.12,4497.48
159903.SZ,20200722,1.498,1.53,1.49,1.511,1.493,0.018,1.2056,30917.78,4679.162
159903.SZ,20200721,1.492,1.503,1.482,1.493,1.488,0.005,0.336,16215.94,2423.027
159903.SZ,20200720,1.46,1.502,1.455,1.488,1.454,0.034,2.3384,23806.31,3523.966
159903.SZ,20200717,1.456,1.485,1.436,1.454,1.458,-0.004,-0.2743,24363.32,3559.29
159903.SZ,20200716,1.522,1.536,1.45,1.458,1.53,-0.072,-4.7059,34692.53,5168.24
159903.SZ,20200715,1.55,1.56,1.514,1.53,1.558,-0.028,-1.7972,24518.04,3766.575
159903.SZ,20200714,1.566,1.575,1.52,1.558,1.565,-0.007,-0.4473,32955.19,5107.849
159903.SZ,20200713,1.517,1.565,1.515,1.565,1.517,0.048,3.1641,30790.19,4760.363
159903.SZ,20200710,1.523,1.536,1.498,1.517,1.528,-0.011,-0.7199,60823.68,9264.895
159903.SZ,20200709,1.482,1.535,1.466,1.528,1.481,0.047,3.1735,55124.81,8323.355
159903.SZ,20200708,1.46,1.481,1.43,1.481,1.466,0.015,1.0232,33652.5,4930.003
159903.SZ,20200707,1.475,1.48,1.44,1.466,1.44,0.026,1.8056,32322.88,4743.706
159903.SZ,20200706,1.39,1.45,1.389,1.44,1.374,0.066,4.8035,36594.08,5174.155
159903.SZ,20200703,1.358,1.375,1.354,1.374,1.358,0.016,1.1782,21538.93,2933.629
159903.SZ,20200702,1.336,1.36,1.328,1.358,1.342,0.016,1.1923,32558.57,4402.146
159903.SZ,20200701,1.326,1.344,1.324,1.342,1.325,0.017,1.283,79562.02,10659.456
159903.SZ,20200630,1.305,1.33,1.304,1.325,1.3,0.025,1.9231,23117.28,3056.45
159903.SZ,20200629,1.303,1.307,1.293,1.3,1.307,-0.007,-0.5356,5067.0,658.303
159903.SZ,20200624,1.305,1.312,1.301,1.307,1.305,0.002,0.1533,11099.03,1448.913
159903.SZ,20200623,1.289,1.306,1.285,1.305,1.293,0.012,0.9281,10399.91,1353.098
159903.SZ,20200622,1.297,1.299,1.293,1.293,1.292,0.001,0.0774,5978.63,774.719
159903.SZ,20200619,1.279,1.296,1.274,1.292,1.269,0.023,1.8125,36644.87,4707.256
159903.SZ,20200618,1.258,1.272,1.258,1.269,1.267,0.002,0.1579,4314.33,546.643
159903.SZ,20200617,1.265,1.268,1.254,1.267,1.259,0.008,0.6354,11665.15,1471.739
159903.SZ,20200616,1.247,1.261,1.247,1.259,1.236,0.023,1.8608,11623.08,1457.875
159903.SZ,20200615,1.238,1.254,1.233,1.236,1.245,-0.009,-0.7229,5237.0,651.617
159903.SZ,20200612,1.237,1.248,1.216,1.245,1.244,0.001,0.0804,9380.93,1159.888
159903.SZ,20200611,1.24,1.264,1.24,1.244,1.25,-0.006,-0.48,15147.35,1896.657
159903.SZ,20200610,1.247,1.251,1.242,1.25,1.247,0.003,0.2406,21396.11,2670.141
159903.SZ,20200609,1.235,1.248,1.232,1.247,1.235,0.012,0.9717,9559.0,1188.064
159903.SZ,20200608,1.24,1.254,1.232,1.235,1.235,0.0,0.0,18484.93,2301.051
159903.SZ,20200605,1.231,1.235,1.223,1.235,1.23,0.005,0.4065,14070.0,1731.906
159903.SZ,20200604,1.227,1.235,1.222,1.23,1.227,0.003,0.2445,13727.72,1686.866
159903.SZ,20200603,1.228,1.236,1.223,1.227,1.224,0.003,0.2451,30029.94,3694.099
159903.SZ,20200602,1.22,1.23,1.217,1.224,1.22,0.004,0.3279,21296.69,2608.398
159903.SZ,20200601,1.188,1.223,1.188,1.22,1.18,0.04,3.3898,22810.47,2763.757
159903.SZ,20200529,1.172,1.185,1.165,1.18,1.176,0.004,0.3401,10197.52,1201.852
159903.SZ,20200528,1.175,1.179,1.154,1.176,1.175,0.001,0.0851,20072.59,2348.902
159903.SZ,20200527,1.188,1.188,1.171,1.175,1.186,-0.011,-0.9275,7918.0,932.751
159903.SZ,20200526,1.167,1.188,1.167,1.186,1.163,0.023,1.9776,10464.33,1233.781
159903.SZ,20200525,1.157,1.173,1.157,1.163,1.166,-0.003,-0.2573,10699.57,1243.871
159903.SZ,20200522,1.19,1.19,1.164,1.166,1.192,-0.026,-2.1812,14894.13,1749.977
159903.SZ,20200521,1.208,1.208,1.191,1.192,1.203,-0.011,-0.9144,6037.7,722.833
159903.SZ,20200520,1.211,1.216,1.202,1.203,1.215,-0.012,-0.9877,9618.12,1161.971
159903.SZ,20200519,1.215,1.217,1.21,1.215,1.203,0.012,0.9975,6823.68,827.335
159903.SZ,20200518,1.205,1.214,1.195,1.203,1.205,-0.002,-0.166,8405.69,1014.099
159903.SZ,20200515,1.216,1.216,1.205,1.205,1.212,-0.007,-0.5776,13288.0,1608.376
159903.SZ,20200514,1.219,1.221,1.205,1.212,1.225,-0.013,-1.0612,8612.0,1044.622
159903.SZ,20200513,1.21,1.228,1.202,1.225,1.212,0.013,1.0726,18664.89,2271.527
159903.SZ,20200512,1.201,1.217,1.2,1.212,1.204,0.008,0.6645,7171.79,864.871
159903.SZ,20200511,1.21,1.221,1.197,1.204,1.212,-0.008,-0.6601,18880.0,2291.463
159903.SZ,20200508,1.199,1.218,1.199,1.212,1.198,0.014,1.1686,26884.89,3256.151
159903.SZ,20200507,1.203,1.203,1.19,1.198,1.199,-0.001,-0.0834,13497.72,1613.309
159903.SZ,20200506,1.179,1.2,1.162,1.199,1.179,0.02,1.6964,17400.01,2065.978
159903.SZ,20200430,1.163,1.182,1.163,1.179,1.16,0.019,1.6379,15509.0,1822.797
159903.SZ,20200429,1.153,1.168,1.151,1.16,1.154,0.006,0.5199,12126.27,1410.159
159903.SZ,20200428,1.146,1.16,1.122,1.154,1.149,0.005,0.4352,9707.37,1111.897
159903.SZ,20200427,1.147,1.158,1.14,1.149,1.147,0.002,0.1744,6211.23,716.306
159903.SZ,20200424,1.162,1.162,1.145,1.147,1.162,-0.015,-1.2909,21348.48,2473.934
159903.SZ,20200423,1.165,1.17,1.16,1.162,1.164,-0.002,-0.1718,12219.03,1424.078
159903.SZ,20200422,1.142,1.164,1.141,1.164,1.154,0.01,0.8666,11969.48,1383.601
159903.SZ,20200421,1.164,1.164,1.143,1.154,1.165,-0.011,-0.9442,10060.65,1156.479
159903.SZ,20200420,1.154,1.165,1.154,1.165,1.155,0.01,0.8658,7139.0,827.63
159903.SZ,20200417,1.153,1.166,1.151,1.155,1.149,0.006,0.5222,26489.58,3076.118
159903.SZ,20200416,1.135,1.156,1.133,1.149,1.143,0.006,0.5249,13968.13,1601.33
159903.SZ,20200415,1.153,1.158,1.138,1.143,1.149,-0.006,-0.5222,24599.78,2831.477
159903.SZ,20200414,1.133,1.152,1.127,1.149,1.123,0.026,2.3152,11427.65,1302.964
159903.SZ,20200413,1.129,1.131,1.118,1.123,1.13,-0.007,-0.6195,8202.78,920.898
159903.SZ,20200410,1.145,1.152,1.128,1.13,1.148,-0.018,-1.5679,15808.05,1799.15
159903.SZ,20200409,1.144,1.155,1.144,1.148,1.142,0.006,0.5254,23757.91,2726.836
159903.SZ,20200408,1.143,1.147,1.128,1.142,1.145,-0.003,-0.262,29843.54,3406.499
159903.SZ,20200407,1.124,1.147,1.124,1.145,1.108,0.037,3.3394,66055.21,7521.375
159903.SZ,20200403,1.117,1.12,1.106,1.108,1.117,-0.009,-0.8057,8547.0,951.057
159903.SZ,20200402,1.089,1.119,1.08,1.117,1.092,0.025,2.2894,16178.58,1778.32
159903.SZ,20200401,1.091,1.111,1.091,1.092,1.093,-0.001,-0.0915,18642.0,2053.674
159903.SZ,20200331,1.108,1.108,1.093,1.093,1.094,-0.001,-0.0914,18395.89,2016.269
159903.SZ,20200330,1.094,1.1,1.08,1.094,1.113,-0.019,-1.7071,28741.33,3131.006
159903.SZ,20200327,1.116,1.13,1.111,1.113,1.114,-0.001,-0.0898,18567.13,2078.425
159903.SZ,20200326,1.122,1.126,1.113,1.114,1.126,-0.012,-1.0657,13506.24,1511.604
159903.SZ,20200325,1.112,1.127,1.111,1.126,1.097,0.029,2.6436,29286.05,3282.91
159903.SZ,20200324,1.093,1.116,1.066,1.097,1.092,0.005,0.4579,48627.13,5308.962
159903.SZ,20200323,1.11,1.11,1.078,1.092,1.122,-0.03,-2.6738,13797.0,1504.442
159903.SZ,20200320,1.12,1.123,1.11,1.122,1.112,0.01,0.8993,20516.0,2290.536
159903.SZ,20200319,1.106,1.128,1.081,1.112,1.124,-0.012,-1.0676,47896.37,5265.917
159903.SZ,20200318,1.146,1.152,1.122,1.124,1.134,-0.01,-0.8818,17593.13,2005.318
159903.SZ,20200317,1.148,1.16,1.117,1.134,1.152,-0.018,-1.5625,39266.0,4441.257
159903.SZ,20200316,1.199,1.199,1.151,1.152,1.192,-0.04,-3.3557,20427.23,2394.835
159903.SZ,20200313,1.177,1.21,1.147,1.192,1.21,-0.018,-1.4876,23930.86,2806.988
159903.SZ,20200312,1.225,1.225,1.203,1.21,1.23,-0.02,-1.626,16251.0,1964.041
159903.SZ,20200311,1.26,1.26,1.225,1.23,1.25,-0.02,-1.6,11378.58,1414.159
159903.SZ,20200310,1.223,1.252,1.2,1.25,1.224,0.026,2.1242,15293.89,1882.259
159903.SZ,20200309,1.258,1.258,1.222,1.224,1.27,-0.046,-3.622,21150.91,2610.697
159903.SZ,20200306,1.272,1.28,1.257,1.27,1.282,-0.012,-0.936,12715.54,1618.66
159903.SZ,20200305,1.282,1.288,1.269,1.282,1.268,0.014,1.1041,27827.58,3558.536
159903.SZ,20200304,1.26,1.268,1.234,1.268,1.262,0.006,0.4754,16670.93,2085.929
159903.SZ,20200303,1.299,1.299,1.254,1.262,1.254,0.008,0.638,23845.0,3034.518
159903.SZ,20200302,1.216,1.258,1.215,1.254,1.206,0.048,3.9801,17211.78,2130.279
159903.SZ,20200228,1.249,1.249,1.202,1.206,1.262,-0.056,-4.4374,29615.68,3615.518
159903.SZ,20200227,1.264,1.28,1.252,1.262,1.265,-0.003,-0.2372,15878.95,2014.632
159903.SZ,20200226,1.293,1.293,1.252,1.265,1.296,-0.031,-2.392,19826.0,2525.306
159903.SZ,20200225,1.28,1.3,1.242,1.3,1.291,0.009,0.6971,42442.53,5416.51
159903.SZ,20200224,1.276,1.298,1.27,1.291,1.276,0.015,1.1755,25083.51,3222.342
159903.SZ,20200221,1.26,1.288,1.26,1.276,1.268,0.008,0.6309,16224.14,2069.168
159903.SZ,20200220,1.238,1.269,1.234,1.268,1.234,0.034,2.7553,31568.8,3949.715
159903.SZ,20200219,1.242,1.248,1.225,1.234,1.242,-0.008,-0.6441,11692.84,1450.611
159903.SZ,20200218,1.234,1.242,1.223,1.242,1.233,0.009,0.7299,18518.93,2289.792
159903.SZ,20200217,1.203,1.233,1.203,1.233,1.198,0.035,2.9215,26998.74,3301.928
159903.SZ,20200214,1.19,1.206,1.182,1.198,1.19,0.008,0.6723,17861.37,2139.785
159903.SZ,20200213,1.203,1.209,1.19,1.19,1.203,-0.013,-1.0806,14825.0,1773.363
159903.SZ,20200212,1.18,1.219,1.18,1.203,1.185,0.018,1.519,40126.31,4800.778
159903.SZ,20200211,1.176,1.19,1.169,1.185,1.176,0.009,0.7653,30439.26,3595.371
159903.SZ,20200210,1.16,1.178,1.152,1.176,1.165,0.011,0.9442,35546.9,4153.838
159903.SZ,20200207,1.152,1.166,1.148,1.165,1.165,0.0,0.0,27181.8,3143.998
159903.SZ,20200206,1.128,1.165,1.125,1.165,1.133,0.032,2.8244,25717.95,2947.986
159903.SZ,20200205,1.119,1.15,1.113,1.133,1.113,0.02,1.7969,34311.06,3890.155
159903.SZ,20200204,1.07,1.139,1.07,1.113,1.085,0.028,2.5806,45774.19,5051.95
159903.SZ,20200203,1.085,1.106,1.085,1.085,1.205,-0.12,-9.9585,48099.0,5229.697
159903.SZ,20200123,1.219,1.25,1.173,1.205,1.229,-0.024,-1.9528,22014.91,2636.089
159903.SZ,20200122,1.208,1.229,1.185,1.229,1.209,0.02,1.6543,24565.56,2968.579
159903.SZ,20200121,1.225,1.225,1.203,1.209,1.228,-0.019,-1.5472,11102.42,1345.503
159903.SZ,20200120,1.209,1.229,1.204,1.228,1.208,0.02,1.6556,38386.72,4666.428
159903.SZ,20200117,1.207,1.22,1.204,1.208,1.207,0.001,0.0829,35970.45,4379.176
159903.SZ,20200116,1.21,1.218,1.203,1.207,1.21,-0.003,-0.2479,5271.58,637.019
159903.SZ,20200115,1.207,1.217,1.201,1.21,1.214,-0.004,-0.3295,8384.0,1012.951
159903.SZ,20200114,1.221,1.236,1.213,1.214,1.221,-0.007,-0.5733,11378.67,1383.946
159903.SZ,20200113,1.199,1.222,1.194,1.221,1.199,0.022,1.8349,14788.89,1782.282
159903.SZ,20200110,1.21,1.211,1.193,1.199,1.203,-0.004,-0.3325,13142.82,1576.226
159903.SZ,20200109,1.182,1.203,1.182,1.203,1.175,0.028,2.383,25202.34,3018.014
159903.SZ,20200108,1.181,1.192,1.174,1.175,1.19,-0.015,-1.2605,14964.35,1768.189
159903.SZ,20200107,1.175,1.19,1.175,1.19,1.175,0.015,1.2766,13583.02,1609.979
159903.SZ,20200106,1.17,1.194,1.169,1.175,1.172,0.003,0.256,18960.86,2238.619
159903.SZ,20200103,1.17,1.179,1.168,1.172,1.17,0.002,0.1709,9062.0,1062.729
159903.SZ,20200102,1.15,1.174,1.15,1.17,1.147,0.023,2.0052,19696.9,2295.044
159903.SZ,20191231,1.14,1.148,1.14,1.147,1.14,0.007,0.614,13850.58,1585.71
159903.SZ,20191230,1.123,1.14,1.113,1.14,1.127,0.013,1.1535,13770.0,1560.903
159903.SZ,20191227,1.136,1.141,1.124,1.127,1.134,-0.007,-0.6173,11419.54,1295.174
159903.SZ,20191226,1.13,1.135,1.126,1.134,1.125,0.009,0.8,17505.89,1975.959
159903.SZ,20191225,1.117,1.127,1.117,1.125,1.119,0.006,0.5362,5761.45,646.977
159903.SZ,20191224,1.104,1.12,1.104,1.119,1.104,0.015,1.3587,9168.07,1020.335
159903.SZ,20191223,1.127,1.129,1.1,1.104,1.128,-0.024,-2.1277,26734.2,2965.352
159903.SZ,20191220,1.131,1.138,1.126,1.128,1.133,-0.005,-0.4413,5200.0,588.268
159903.SZ,20191219,1.13,1.135,1.125,1.133,1.13,0.003,0.2655,11873.27,1342.801
159903.SZ,20191218,1.133,1.139,1.13,1.13,1.132,-0.002,-0.1767,13893.52,1577.539
159903.SZ,20191217,1.116,1.139,1.116,1.132,1.116,0.016,1.4337,26722.39,3013.473
159903.SZ,20191216,1.105,1.116,1.102,1.116,1.102,0.014,1.2704,23351.97,2589.818
159903.SZ,20191213,1.094,1.103,1.089,1.102,1.081,0.021,1.9426,13874.67,1520.831
159903.SZ,20191212,1.087,1.089,1.081,1.081,1.088,-0.007,-0.6434,5496.56,596.267
159903.SZ,20191211,1.087,1.093,1.083,1.088,1.089,-0.001,-0.0918,3837.3,417.523
159903.SZ,20191210,1.089,1.091,1.081,1.089,1.09,-0.001,-0.0917,5231.38,568.468
159903.SZ,20191209,1.09,1.091,1.083,1.09,1.087,0.003,0.276,6450.32,701.339
159903.SZ,20191206,1.084,1.089,1.08,1.087,1.083,0.004,0.3693,13026.3,1413.403
159903.SZ,20191205,1.065,1.085,1.065,1.083,1.065,0.018,1.6901,16768.09,1806.348
159903.SZ,20191204,1.058,1.066,1.058,1.065,1.062,0.003,0.2825,5738.45,610.397
159903.SZ,20191203,1.059,1.062,1.051,1.062,1.058,0.004,0.3781,6226.37,657.365
159903.SZ,20191202,1.056,1.061,1.055,1.058,1.055,0.003,0.2844,4535.0,479.98
159903.SZ,20191129,1.056,1.06,1.046,1.055,1.06,-0.005,-0.4717,8083.0,851.819
159903.SZ,20191128,1.06,1.064,1.056,1.06,1.06,0.0,0.0,3199.78,339.808
159903.SZ,20191127,1.063,1.067,1.055,1.06,1.063,-0.003,-0.2822,7847.99,833.427
159903.SZ,20191126,1.06,1.065,1.057,1.063,1.06,0.003,0.283,22755.84,2408.428
159903.SZ,20191125,1.06,1.061,1.052,1.06,1.062,-0.002,-0.1883,5523.0,583.543
159903.SZ,20191122,1.08,1.089,1.056,1.062,1.077,-0.015,-1.3928,20255.0,2173.363
159903.SZ,20191121,1.078,1.084,1.072,1.077,1.079,-0.002,-0.1854,8116.0,873.647
159903.SZ,20191120,1.086,1.092,1.077,1.079,1.087,-0.008,-0.736,10827.8,1173.721
159903.SZ,20191119,1.07,1.087,1.069,1.087,1.071,0.016,1.4939,14557.0,1575.581
159903.SZ,20191118,1.061,1.072,1.061,1.071,1.068,0.003,0.2809,7139.0,761.435
159903.SZ,20191115,1.071,1.075,1.063,1.068,1.073,-0.005,-0.466,4127.8,440.367
159903.SZ,20191114,1.068,1.075,1.065,1.073,1.066,0.007,0.6567,7173.0,767.098
159903.SZ,20191113,1.062,1.067,1.057,1.066,1.065,0.001,0.0939,5316.69,564.809
159903.SZ,20191112,1.055,1.065,1.054,1.065,0.983,0.082,8.3418,9663.0,1024.945
159903.SZ,20191111,1.09,1.09,0.983,0.983,1.09,-0.107,-9.8165,15233.92,1608.59
159903.SZ,20191108,1.093,1.099,1.088,1.09,1.089,0.001,0.0918,12467.85,1365.081
159903.SZ,20191107,1.083,1.094,1.083,1.089,1.083,0.006,0.554,6967.0,757.526
159903.SZ,20191106,1.094,1.094,1.081,1.083,1.093,-0.01,-0.9149,9835.9,1069.867
159903.SZ,20191105,1.089,1.098,1.081,1.093,1.087,0.006,0.552,14869.0,1616.868
159903.SZ,20191104,1.079,1.09,1.079,1.087,1.078,0.009,0.8349,23483.0,2549.157
159903.SZ,20191101,1.061,1.08,1.046,1.078,1.06,0.018,1.6981,28118.02,3009.668
159903.SZ,20191031,1.065,1.07,1.057,1.06,1.064,-0.004,-0.3759,5682.85,602.533
159903.SZ,20191030,1.066,1.068,1.059,1.064,1.069,-0.005,-0.4677,3861.02,410.014
159903.SZ,20191029,1.07,1.079,1.068,1.069,1.078,-0.009,-0.8349,5968.0,640.48
159903.SZ,20191028,1.071,1.078,1.067,1.078,1.065,0.013,1.2207,13290.41,1425.59
159903.SZ,20191025,1.048,1.068,1.047,1.065,1.054,0.011,1.0436,3897.37,411.165
159903.SZ,20191024,1.052,1.055,1.048,1.054,1.052,0.002,0.1901,4697.51,493.845
159903.SZ,20191023,1.063,1.064,1.052,1.052,1.063,-0.011,-1.0348,3312.8,350.06
159903.SZ,20191022,1.053,1.063,1.052,1.063,1.052,0.011,1.0456,4433.4,468.628
159903.SZ,20191021,1.05,1.055,1.042,1.052,1.05,0.002,0.1905,9216.99,968.104
159903.SZ,20191018,1.057,1.066,1.045,1.05,1.061,-0.011,-1.0368,13380.99,1409.002
159903.SZ,20191017,1.061,1.065,1.058,1.061,1.062,-0.001,-0.0942,3913.0,415.767
159903.SZ,20191016,1.069,1.073,1.059,1.062,1.066,-0.004,-0.3752,8496.0,907.342
159903.SZ,20191015,1.074,1.074,1.065,1.066,1.08,-0.014,-1.2963,6699.89,715.61
159903.SZ,20191014,1.075,1.082,1.074,1.08,1.067,0.013,1.2184,25953.99,2798.194
159903.SZ,20191011,1.061,1.069,1.056,1.067,1.061,0.006,0.5655,5621.0,597.238
159903.SZ,20191010,1.045,1.062,1.045,1.061,1.047,0.014,1.3372,10314.57,1087.436
159903.SZ,20191009,1.04,1.047,1.033,1.047,1.045,0.002,0.1914,7925.02,823.994
159903.SZ,20191008,1.04,1.053,1.04,1.045,1.043,0.002,0.1918,5290.75,554.407
159903.SZ,20190930,1.053,1.055,1.043,1.043,1.053,-0.01,-0.9497,6719.0,704.259
159903.SZ,20190927,1.045,1.054,1.043,1.053,1.043,0.01,0.9588,5827.02,612.469
159903.SZ,20190926,1.065,1.068,1.043,1.043,1.065,-0.022,-2.0657,13289.57,1398.868
159903.SZ,20190925,1.075,1.077,1.064,1.065,1.082,-0.017,-1.5712,9266.89,988.81
159903.SZ,20190924,1.072,1.09,1.072,1.082,1.077,0.005,0.4643,13638.41,1472.439
159903.SZ,20190923,1.082,1.082,1.065,1.077,1.088,-0.011,-1.011,23212.33,2482.726
159903.SZ,20190920,1.08,1.091,1.08,1.088,1.085,0.003,0.2765,4002.41,435.137
159903.SZ,20190919,1.072,1.085,1.068,1.085,1.073,0.012,1.1184,8056.29,867.981
159903.SZ,20190918,1.062,1.076,1.062,1.073,1.07,0.003,0.2804,6558.0,703.368
159903.SZ,20190917,1.092,1.092,1.068,1.07,1.092,-0.022,-2.0147,11302.27,1217.526
159903.SZ,20190916,1.099,1.099,1.09,1.092,1.095,-0.003,-0.274,9812.92,1073.783
159903.SZ,20190912,1.088,1.096,1.085,1.095,1.085,0.01,0.9217,12431.64,1354.689
159903.SZ,20190911,1.096,1.102,1.084,1.085,1.095,-0.01,-0.9132,11016.0,1200.826
159903.SZ,20190910,1.099,1.113,1.089,1.095,1.102,-0.007,-0.6352,9458.0,1038.213
159903.SZ,20190909,1.082,1.102,1.082,1.102,1.08,0.022,2.037,23491.48,2559.178
159903.SZ,20190906,1.075,1.083,1.072,1.08,1.079,0.001,0.0927,18114.17,1952.239
159903.SZ,20190905,1.07,1.09,1.07,1.079,1.067,0.012,1.1246,45485.5,4907.541
159903.SZ,20190904,1.057,1.067,1.052,1.067,1.057,0.01,0.9461,13091.0,1388.524
159903.SZ,20190903,1.054,1.064,1.048,1.057,1.053,0.004,0.3799,18539.28,1957.437
159903.SZ,20190902,1.03,1.054,1.03,1.053,1.033,0.02,1.9361,14487.93,1518.149
159903.SZ,20190830,1.038,1.049,1.027,1.033,1.034,-0.001,-0.0967,20692.73,2161.028
159903.SZ,20190829,1.038,1.038,1.026,1.034,1.034,0.0,0.0,11164.0,1152.907
159903.SZ,20190828,1.037,1.044,1.03,1.034,1.038,-0.004,-0.3854,13770.97,1424.613
159903.SZ,20190827,1.021,1.055,1.021,1.038,1.017,0.021,2.0649,47720.56,4963.51
159903.SZ,20190826,1.02,1.02,1.015,1.017,1.029,-0.012,-1.1662,10878.0,1106.725
159903.SZ,20190823,1.028,1.034,1.025,1.029,1.028,0.001,0.0973,12365.19,1272.021
159903.SZ,20190822,1.029,1.03,1.022,1.028,1.024,0.004,0.3906,16963.0,1742.715
159903.SZ,20190821,1.023,1.029,1.022,1.024,1.028,-0.004,-0.3891,9761.0,1001.244
159903.SZ,20190820,1.034,1.035,1.025,1.028,1.034,-0.006,-0.5803,23067.35,2377.345
159903.SZ,20190819,1.005,1.034,1.005,1.034,0.999,0.035,3.5035,39136.78,3991.899
159903.SZ,20190816,0.99,1.004,0.986,0.999,0.991,0.008,0.8073,20175.44,2010.711
159903.SZ,20190815,0.976,0.991,0.97,0.991,0.986,0.005,0.5071,11000.01,1075.868
159903.SZ,20190814,0.986,0.995,0.985,0.986,0.979,0.007,0.715,7724.0,765.249
159903.SZ,20190813,0.984,0.984,0.975,0.979,0.987,-0.008,-0.8105,4684.0,458.468
159903.SZ,20190812,0.975,0.987,0.974,0.987,0.972,0.015,1.5432,9166.0,897.731
159903.SZ,20190809,0.985,0.987,0.968,0.972,0.983,-0.011,-1.119,7558.0,737.934
159903.SZ,20190808,0.978,0.983,0.977,0.983,0.975,0.008,0.8205,9113.9,894.598
159903.SZ,20190807,0.976,0.984,0.966,0.975,0.977,-0.002,-0.2047,14381.0,1403.955
159903.SZ,20190806,0.981,0.981,0.951,0.977,0.993,-0.016,-1.6113,27835.58,2699.039
159903.SZ,20190805,1.005,1.019,0.984,0.993,1.006,-0.013,-1.2922,24061.0,2398.735
159903.SZ,20190802,1.006,1.009,0.999,1.006,1.019,-0.013,-1.2758,9066.3,910.524
159903.SZ,20190801,1.025,1.026,1.015,1.019,1.027,-0.008,-0.779,13575.57,1383.476
159903.SZ,20190731,1.03,1.03,1.027,1.027,1.036,-0.009,-0.8687,3555.0,365.433
159903.SZ,20190730,1.03,1.04,1.026,1.036,1.029,0.007,0.6803,11614.46,1201.749
159903.SZ,20190729,1.03,1.032,1.025,1.029,1.031,-0.002,-0.194,2200.0,226.002
159903.SZ,20190726,1.025,1.032,1.025,1.031,1.029,0.002,0.1944,5722.64,589.085
159903.SZ,20190725,1.025,1.029,1.021,1.029,1.026,0.003,0.2924,8737.0,896.672
159903.SZ,20190724,1.018,1.027,1.016,1.026,1.015,0.011,1.0837,5757.46,589.823
159903.SZ,20190723,1.015,1.016,1.01,1.015,1.015,0.0,0.0,1315.0,133.338
159903.SZ,20190722,1.029,1.029,1.009,1.015,1.023,-0.008,-0.782,3751.0,379.879
159903.SZ,20190719,1.011,1.023,1.011,1.023,1.01,0.013,1.2871,8988.78,917.098
159903.SZ,20190718,1.027,1.027,1.01,1.01,1.026,-0.016,-1.5595,6732.0,682.258
159903.SZ,20190717,1.019,1.033,1.017,1.026,1.022,0.004,0.3914,16416.93,1684.142
159903.SZ,20190716,1.023,1.023,1.016,1.022,1.023,-0.001,-0.0978,4303.33,439.033
159903.SZ,20190715,1.011,1.028,0.999,1.023,1.011,0.012,1.1869,14197.17,1440.205
159903.SZ,20190712,1.008,1.014,1.007,1.011,1.007,0.004,0.3972,10556.54,1066.596
159903.SZ,20190711,1.006,1.018,1.005,1.007,1.007,0.0,0.0,8203.09,830.404
159903.SZ,20190710,1.009,1.015,1.006,1.007,1.009,-0.002,-0.1982,4597.0,464.01
159903.SZ,20190709,1.007,1.012,1.0,1.009,1.008,0.001,0.0992,9186.0,924.827
159903.SZ,20190708,1.03,1.036,1.005,1.008,1.036,-0.028,-2.7027,15382.48,1564.073
159903.SZ,20190705,1.025,1.037,1.023,1.036,1.026,0.01,0.9747,17345.83,1791.316
159903.SZ,20190704,1.029,1.036,1.019,1.026,1.033,-0.007,-0.6776,12441.0,1276.666
159903.SZ,20190703,1.04,1.04,1.026,1.033,1.044,-0.011,-1.0536,12646.0,1306.194
159903.SZ,20190702,1.044,1.046,1.038,1.044,1.046,-0.002,-0.1912,10855.78,1132.247
159903.SZ,20190701,1.021,1.048,1.021,1.046,1.007,0.039,3.8729,34355.05,3553.51
159903.SZ,20190628,1.009,1.014,0.996,1.007,1.015,-0.008,-0.7882,30671.13,3076.817
159903.SZ,20190627,0.998,1.015,0.998,1.015,0.997,0.018,1.8054,25416.78,2571.512
159903.SZ,20190626,0.993,1.003,0.988,0.997,0.998,-0.001,-0.1002,4576.0,456.437
159903.SZ,20190625,1.008,1.008,0.984,0.998,1.007,-0.009,-0.8937,15669.2,1554.692
159903.SZ,20190624,1.005,1.01,1.003,1.007,1.011,-0.004,-0.3956,9552.0,961.496
159903.SZ,20190621,1.004,1.013,1.004,1.011,1.005,0.006,0.597,20695.08,2087.972
159903.SZ,20190620,0.978,1.01,0.978,1.005,0.98,0.025,2.551,42910.56,4270.087
159903.SZ,20190619,0.98,0.994,0.98,0.98,0.965,0.015,1.5544,28184.37,2773.144
159903.SZ,20190618,0.969,0.969,0.959,0.965,0.966,-0.001,-0.1035,7207.81,694.189
159903.SZ,20190617,0.965,0.973,0.963,0.966,0.967,-0.001,-0.1034,6150.67,594.696
159903.SZ,20190614,0.983,0.984,0.967,0.967,0.98,-0.013,-1.3265,10005.0,975.841
159903.SZ,20190613,0.98,0.983,0.971,0.98,0.981,-0.001,-0.1019,7837.51,766.39
159903.SZ,20190612,0.988,0.988,0.978,0.981,0.989,-0.008,-0.8089,11019.0,1082.178
159903.SZ,20190611,0.955,0.99,0.955,0.989,0.958,0.031,3.2359,25889.04,2529.742
159903.SZ,20190610,0.951,0.961,0.95,0.958,0.951,0.007,0.7361,4601.0,440.305
159903.SZ,20190606,0.96,0.96,0.949,0.951,0.961,-0.01,-1.0406,12188.91,1162.94
159903.SZ,20190605,0.97,0.97,0.96,0.961,0.961,0.0,0.0,11130.0,1072.187
159903.SZ,20190604,0.966,0.967,0.955,0.961,0.971,-0.01,-1.0299,17380.0,1669.559
159903.SZ,20190603,0.979,0.982,0.966,0.971,0.975,-0.004,-0.4103,16014.0,1558.048
159903.SZ,20190531,0.978,0.983,0.972,0.975,0.978,-0.003,-0.3067,24184.0,2368.045
159903.SZ,20190530,0.977,0.978,0.967,0.978,0.979,-0.001,-0.1021,23205.0,2256.238
159903.SZ,20190529,0.977,0.987,0.977,0.979,0.977,0.002,0.2047,12256.0,1203.569
159903.SZ,20190528,0.984,0.989,0.975,0.977,0.984,-0.007,-0.7114,22170.0,2181.121
159903.SZ,20190527,0.968,0.986,0.96,0.984,0.968,0.016,1.6529,44735.78,4344.587
159903.SZ,20190524,0.961,0.969,0.96,0.968,0.96,0.008,0.8333,13667.78,1319.161
159903.SZ,20190523,0.986,0.993,0.96,0.96,0.987,-0.027,-2.7356,70523.0,6851.55
159903.SZ,20190522,0.998,0.998,0.985,0.987,0.997,-0.01,-1.003,14087.0,1393.213
159903.SZ,20190521,0.982,1.0,0.979,0.997,0.982,0.015,1.5275,17327.0,1717.061
159903.SZ,20190520,1.0,1.0,0.97,0.982,0.999,-0.017,-1.7017,34287.0,3345.47
159903.SZ,20190517,1.014,1.015,0.987,0.999,1.014,-0.015,-1.4793,11292.4,1127.062
159903.SZ,20190516,1.009,1.017,1.005,1.014,1.011,0.003,0.2967,22688.58,2293.306
159903.SZ,20190515,0.987,1.016,0.987,1.011,0.983,0.028,2.8484,41457.27,4156.14
159903.SZ,20190514,0.977,0.992,0.969,0.983,0.99,-0.007,-0.7071,15596.11,1533.218
159903.SZ,20190513,1.0,1.004,0.986,0.99,1.009,-0.019,-1.8831,18720.93,1857.162
159903.SZ,20190510,0.98,1.012,0.972,1.009,0.975,0.034,3.4872,40806.02,4047.973
159903.SZ,20190509,0.979,0.983,0.972,0.975,0.984,-0.009,-0.9146,15633.0,1526.439
159903.SZ,20190508,0.979,0.996,0.971,0.984,0.991,-0.007,-0.7064,25848.02,2555.003
159903.SZ,20190507,0.983,1.005,0.977,0.991,0.983,0.008,0.8138,42846.85,4242.442
159903.SZ,20190506,1.046,1.046,0.975,0.983,1.069,-0.086,-8.0449,92785.2,9288.361
159903.SZ,20190430,1.052,1.071,1.05,1.069,1.056,0.013,1.2311,17125.0,1820.513
159903.SZ,20190429,1.065,1.069,1.044,1.056,1.062,-0.006,-0.565,25239.79,2671.973
159903.SZ,20190426,1.08,1.083,1.062,1.062,1.085,-0.023,-2.1198,25012.82,2679.634
159903.SZ,20190425,1.108,1.11,1.08,1.085,1.115,-0.03,-2.6906,14696.36,1615.001
159903.SZ,20190424,1.101,1.115,1.09,1.115,1.099,0.016,1.4559,20996.47,2319.283
159903.SZ,20190423,1.11,1.111,1.09,1.099,1.109,-0.01,-0.9017,14970.0,1649.181
159903.SZ,20190422,1.129,1.132,1.108,1.109,1.127,-0.018,-1.5972,16881.0,1888.941
159903.SZ,20190419,1.115,1.128,1.11,1.127,1.115,0.012,1.0762,16438.66,1841.131
159903.SZ,20190418,1.121,1.125,1.111,1.115,1.124,-0.009,-0.8007,13593.88,1520.635
159903.SZ,20190417,1.116,1.129,1.116,1.124,1.127,-0.003,-0.2662,12024.0,1351.415
159903.SZ,20190416,1.105,1.127,1.062,1.127,1.107,0.02,1.8067,20911.67,2310.32
159903.SZ,20190415,1.117,1.136,1.107,1.107,1.107,0.0,0.0,12028.0,1348.693
159903.SZ,20190412,1.11,1.117,1.1,1.107,1.11,-0.003,-0.2703,8275.09,915.92
159903.SZ,20190411,1.136,1.141,1.106,1.11,1.138,-0.028,-2.4605,21593.72,2412.515
159903.SZ,20190410,1.136,1.146,1.121,1.138,1.136,0.002,0.1761,12856.89,1458.021
159903.SZ,20190409,1.125,1.136,1.116,1.136,1.128,0.008,0.7092,31347.83,3539.7
159903.SZ,20190408,1.139,1.158,1.11,1.128,1.133,-0.005,-0.4413,37543.0,4252.868
159903.SZ,20190404,1.129,1.14,1.126,1.133,1.131,0.002,0.1768,20116.65,2277.452
159903.SZ,20190403,1.124,1.132,1.11,1.131,1.123,0.008,0.7124,23702.11,2660.457
159903.SZ,20190402,1.14,1.15,1.121,1.123,1.14,-0.017,-1.4912,23961.58,2717.66
159903.SZ,20190401,1.083,1.14,1.083,1.14,1.08,0.06,5.5556,66779.75,7432.349
159903.SZ,20190329,1.047,1.08,1.041,1.08,1.04,0.04,3.8462,33293.6,3549.323
159903.SZ,20190328,1.046,1.052,1.038,1.04,1.046,-0.006,-0.5736,11441.55,1194.5
159903.SZ,20190327,1.033,1.055,1.032,1.046,1.036,0.01,0.9653,16698.55,1740.173
159903.SZ,20190326,1.057,1.064,1.03,1.036,1.056,-0.02,-1.8939,29431.1,3061.895
159903.SZ,20190325,1.06,1.07,1.056,1.056,1.072,-0.016,-1.4925,22239.77,2366.411
159903.SZ,20190322,1.07,1.075,1.051,1.072,1.075,-0.003,-0.2791,26831.1,2859.822
159903.SZ,20190321,1.065,1.078,1.065,1.075,1.07,0.005,0.4673,48876.55,5245.79
159903.SZ,20190320,1.073,1.076,1.056,1.07,1.073,-0.003,-0.2796,21328.29,2278.806
159903.SZ,20190319,1.075,1.078,1.064,1.073,1.072,0.001,0.0933,14468.37,1551.384
159903.SZ,20190318,1.049,1.077,1.046,1.072,1.046,0.026,2.4857,19330.46,2052.614
159903.SZ,20190315,1.029,1.055,1.029,1.046,1.026,0.02,1.9493,15005.22,1567.027
159903.SZ,20190314,1.048,1.059,1.02,1.026,1.051,-0.025,-2.3787,19454.58,2015.777
159903.SZ,20190313,1.067,1.08,1.051,1.051,1.07,-0.019,-1.7757,25188.94,2672.28
159903.SZ,20190312,1.065,1.08,1.056,1.07,1.057,0.013,1.2299,39528.76,4241.959
159903.SZ,20190311,1.01,1.057,1.01,1.057,1.014,0.043,4.2406,76407.77,7956.219
159903.SZ,20190308,1.036,1.053,1.012,1.014,1.053,-0.039,-3.7037,38951.05,4008.25
159903.SZ,20190307,1.057,1.062,1.034,1.053,1.057,-0.004,-0.3784,52281.61,5472.112
159903.SZ,20190306,1.041,1.06,1.036,1.057,1.044,0.013,1.2452,44710.98,4686.738
159903.SZ,20190305,1.012,1.045,1.007,1.044,1.012,0.032,3.1621,54463.52,5595.579
159903.SZ,20190304,1.0,1.042,0.995,1.012,0.995,0.017,1.7085,62845.92,6396.851
159903.SZ,20190301,0.982,0.998,0.978,0.995,0.982,0.013,1.3238,35227.69,3475.423
159903.SZ,20190228,0.98,0.991,0.973,0.982,0.976,0.006,0.6148,23039.0,2259.745
159903.SZ,20190227,0.976,1.0,0.971,0.976,0.976,0.0,0.0,52378.79,5168.516
159903.SZ,20190226,0.999,1.01,0.976,0.976,0.999,-0.023,-2.3023,58490.52,5818.923
159903.SZ,20190225,0.949,0.999,0.949,0.999,0.939,0.06,6.3898,62804.89,6136.249
159903.SZ,20190222,0.923,0.939,0.913,0.939,0.924,0.015,1.6234,23443.47,2173.084
159903.SZ,20190221,0.921,0.935,0.915,0.924,0.922,0.002,0.2169,23287.12,2156.549
159903.SZ,20190220,0.918,0.924,0.911,0.922,0.918,0.004,0.4357,18819.12,1727.377
159903.SZ,20190219,0.925,0.935,0.906,0.918,0.92,-0.002,-0.2174,29989.32,2757.498
159903.SZ,20190218,0.887,0.921,0.887,0.92,0.888,0.032,3.6036,29903.26,2709.373
159903.SZ,20190215,0.891,0.894,0.884,0.888,0.896,-0.008,-0.8929,14586.0,1297.765
159903.SZ,20190214,0.889,0.9,0.887,0.896,0.889,0.007,0.7874,35655.25,3180.389
159903.SZ,20190213,0.875,0.893,0.871,0.889,0.871,0.018,2.0666,46770.9,4124.575
159903.SZ,20190212,0.864,0.876,0.86,0.871,0.863,0.008,0.927,30334.37,2633.307
159903.SZ,20190211,0.838,0.864,0.838,0.863,0.835,0.028,3.3533,39233.93,3349.39
159903.SZ,20190201,0.811,0.836,0.811,0.835,0.82,0.015,1.8293,9345.7,776.619
159903.SZ,20190131,0.818,0.828,0.813,0.82,0.815,0.005,0.6135,7021.0,575.358
159903.SZ,20190130,0.824,0.825,0.815,0.815,0.824,-0.009,-1.0922,3650.0,299.4
159903.SZ,20190129,0.823,0.825,0.812,0.824,0.825,-0.001,-0.1212,6256.0,511.761
159903.SZ,20190128,0.827,0.835,0.825,0.825,0.827,-0.002,-0.2418,9527.7,791.303
159903.SZ,20190125,0.821,0.83,0.821,0.827,0.822,0.005,0.6083,10222.0,845.616
159903.SZ,20190124,0.817,0.826,0.814,0.822,0.816,0.006,0.7353,3765.94,308.864
159903.SZ,20190123,0.815,0.82,0.812,0.816,0.818,-0.002,-0.2445,1783.0,145.552
159903.SZ,20190122,0.83,0.83,0.817,0.818,0.83,-0.012,-1.4458,4078.0,335.69
159903.SZ,20190121,0.824,0.831,0.822,0.83,0.824,0.006,0.7282,13754.77,1139.701
159903.SZ,20190118,0.817,0.824,0.815,0.824,0.814,0.01,1.2285,10744.27,881.106
159903.SZ,20190117,0.821,0.822,0.812,0.814,0.821,-0.007,-0.8526,3298.0,269.01
159903.SZ,20190116,0.823,0.825,0.819,0.821,0.823,-0.002,-0.243,6823.9,560.528
159903.SZ,20190115,0.804,0.823,0.804,0.823,0.805,0.018,2.236,13014.4,1062.665
159903.SZ,20190114,0.813,0.813,0.804,0.805,0.813,-0.008,-0.984,3536.27,285.145
159903.SZ,20190111,0.81,0.814,0.807,0.813,0.807,0.006,0.7435,4018.98,325.467
159903.SZ,20190110,0.812,0.815,0.807,0.807,0.815,-0.008,-0.9816,11909.0,965.451
159903.SZ,20190109,0.804,0.818,0.804,0.815,0.804,0.011,1.3682,23022.81,1875.078
159903.SZ,20190108,0.803,0.806,0.802,0.804,0.805,-0.001,-0.1242,8538.0,685.916
159903.SZ,20190107,0.796,0.807,0.795,0.805,0.792,0.013,1.6414,15406.0,1233.984
159903.SZ,20190104,0.77,0.792,0.767,0.792,0.775,0.017,2.1935,15445.94,1213.948
159903.SZ,20190103,0.78,0.79,0.774,0.775,0.785,-0.01,-1.2739,21735.0,1693.824
159903.SZ,20190102,0.792,0.797,0.777,0.785,0.792,-0.007,-0.8838,27568.13,2160.055
159903.SZ,20181228,0.79,0.793,0.786,0.792,0.79,0.002,0.2532,11519.13,909.646
159903.SZ,20181227,0.802,0.806,0.79,0.79,0.793,-0.003,-0.3783,12288.0,978.854
159903.SZ,20181226,0.793,0.803,0.79,0.793,0.793,0.0,0.0,14237.0,1130.572
159903.SZ,20181225,0.805,0.805,0.79,0.793,0.81,-0.017,-2.0988,33627.0,2672.659
159903.SZ,20181224,0.806,0.811,0.801,0.81,0.806,0.004,0.4963,4993.0,402.45
159903.SZ,20181221,0.81,0.81,0.803,0.806,0.813,-0.007,-0.861,7418.0,597.186
159903.SZ,20181220,0.808,0.814,0.807,0.813,0.809,0.004,0.4944,5342.5,432.895
159903.SZ,20181219,0.825,0.825,0.809,0.809,0.822,-0.013,-1.5815,6123.0,498.832
159903.SZ,20181218,0.822,0.829,0.818,0.822,0.825,-0.003,-0.3636,4626.0,380.054
159903.SZ,20181217,0.828,0.828,0.819,0.825,0.83,-0.005,-0.6024,6530.5,537.88
159903.SZ,20181214,0.845,0.845,0.83,0.83,0.847,-0.017,-2.0071,10173.0,849.775
159903.SZ,20181213,0.834,0.85,0.834,0.847,0.838,0.009,1.074,9470.95,798.594
159903.SZ,20181212,0.838,0.84,0.834,0.838,0.837,0.001,0.1195,4425.0,370.295
159903.SZ,20181211,0.833,0.837,0.825,0.837,0.833,0.004,0.4802,6726.0,559.571
159903.SZ,20181210,0.835,0.841,0.83,0.833,0.842,-0.009,-1.0689,3670.0,305.498
159903.SZ,20181207,0.837,0.845,0.836,0.842,0.841,0.001,0.1189,1926.03,161.671
159903.SZ,20181206,0.856,0.856,0.835,0.841,0.857,-0.016,-1.867,9330.65,787.866
159903.SZ,20181205,0.848,0.862,0.848,0.857,0.862,-0.005,-0.58,8213.0,701.479
159903.SZ,20181204,0.863,0.863,0.857,0.862,0.863,-0.001,-0.1159,8057.28,693.118
159903.SZ,20181203,0.848,0.863,0.848,0.863,0.838,0.025,2.9833,28567.85,2452.57
159903.SZ,20181130,0.828,0.838,0.822,0.838,0.828,0.01,1.2077,14756.33,1221.27
159903.SZ,20181129,0.842,0.847,0.825,0.828,0.84,-0.012,-1.4286,13113.0,1095.443
159903.SZ,20181128,0.826,0.84,0.821,0.84,0.829,0.011,1.3269,5291.0,440.334
159903.SZ,20181127,0.824,0.835,0.824,0.829,0.828,0.001,0.1208,7673.0,635.757
159903.SZ,20181126,0.833,0.838,0.824,0.828,0.832,-0.004,-0.4808,5753.0,478.019
159903.SZ,20181123,0.85,0.854,0.831,0.832,0.855,-0.023,-2.6901,17546.8,1471.239
159903.SZ,20181122,0.855,0.859,0.849,0.855,0.856,-0.001,-0.1168,5510.0,469.813
159903.SZ,20181121,0.852,0.858,0.843,0.856,0.855,0.001,0.117,10741.0,914.286
159903.SZ,20181120,0.87,0.87,0.85,0.855,0.873,-0.018,-2.0619,14450.12,1241.226
159903.SZ,20181119,0.87,0.876,0.864,0.873,0.871,0.002,0.2296,27164.22,2362.849
159903.SZ,20181116,0.863,0.876,0.861,0.871,0.863,0.008,0.927,24938.64,2167.425
159903.SZ,20181115,0.851,0.865,0.85,0.863,0.854,0.009,1.0539,12095.94,1038.046
159903.SZ,20181114,0.861,0.866,0.853,0.854,0.862,-0.008,-0.9281,13916.0,1195.06
159903.SZ,20181113,0.846,0.865,0.837,0.862,0.849,0.013,1.5312,19317.92,1650.956
159903.SZ,20181112,0.836,0.851,0.829,0.849,0.839,0.01,1.1919,9073.21,764.403
159903.SZ,20181109,0.835,0.84,0.824,0.839,0.842,-0.003,-0.3563,7353.0,612.606
159903.SZ,20181108,0.845,0.85,0.836,0.842,0.844,-0.002,-0.237,7266.56,613.466
159903.SZ,20181107,0.848,0.851,0.841,0.844,0.846,-0.002,-0.2364,9578.0,810.666
159903.SZ,20181106,0.845,0.848,0.838,0.846,0.852,-0.006,-0.7042,7508.0,631.79
159903.SZ,20181105,0.853,0.857,0.836,0.852,0.853,-0.001,-0.1172,25185.0,2136.989
159903.SZ,20181102,0.826,0.853,0.826,0.853,0.816,0.037,4.5343,76975.36,6470.673
159903.SZ,20181101,0.82,0.829,0.816,0.816,0.812,0.004,0.4926,27136.38,2233.179
159903.SZ,20181031,0.807,0.817,0.798,0.812,0.808,0.004,0.495,23564.0,1904.849
159903.SZ,20181030,0.801,0.812,0.79,0.808,0.805,0.003,0.3727,48447.0,3859.345
159903.SZ,20181029,0.82,0.82,0.795,0.805,0.816,-0.011,-1.348,27317.78,2188.679
159903.SZ,20181026,0.817,0.825,0.8,0.816,0.816,0.0,0.0,14708.49,1203.607
159903.SZ,20181025,0.8,0.817,0.793,0.816,0.818,-0.002,-0.2445,16967.07,1359.839
159903.SZ,20181024,0.812,0.827,0.81,0.818,0.817,0.001,0.1224,15756.02,1290.331
159903.SZ,20181023,0.839,0.84,0.812,0.817,0.841,-0.024,-2.8537,29472.94,2427.996
159903.SZ,20181022,0.815,0.858,0.81,0.841,0.805,0.036,4.472,46686.0,3880.374
159903.SZ,20181019,0.784,0.81,0.781,0.805,0.788,0.017,2.1574,43037.0,3389.212
159903.SZ,20181018,0.8,0.8,0.783,0.788,0.801,-0.013,-1.623,12495.98,986.774
159903.SZ,20181017,0.805,0.812,0.788,0.801,0.8,0.001,0.125,34497.0,2765.198
159903.SZ,20181016,0.806,0.814,0.8,0.8,0.81,-0.01,-1.2346,22679.02,1828.871
159903.SZ,20181015,0.816,0.824,0.804,0.81,0.818,-0.008,-0.978,24670.76,2018.868
159903.SZ,20181012,0.821,0.831,0.812,0.818,0.836,-0.018,-2.1531,36639.37,3007.894
159903.SZ,20181011,0.866,0.866,0.823,0.836,0.878,-0.042,-4.7836,35094.85,2949.292
159903.SZ,20181010,0.881,0.884,0.87,0.878,0.878,0.0,0.0,20791.0,1822.345
159903.SZ,20181009,0.895,0.897,0.874,0.878,0.889,-0.011,-1.2373,24251.0,2134.465
159903.SZ,20181008,0.906,0.906,0.887,0.889,0.914,-0.025,-2.7352,9225.78,826.072
159903.SZ,20180928,0.908,0.915,0.904,0.914,0.91,0.004,0.4396,5952.0,541.342
159903.SZ,20180927,0.914,0.914,0.904,0.91,0.914,-0.004,-0.4376,21862.0,1988.726
159903.SZ,20180926,0.904,0.921,0.904,0.914,0.907,0.007,0.7718,20685.0,1890.52
159903.SZ,20180925,0.911,0.911,0.903,0.907,0.914,-0.007,-0.7659,13789.0,1248.624
159903.SZ,20180921,0.898,0.915,0.89,0.914,0.894,0.02,2.2371,34837.0,3151.462
159903.SZ,20180920,0.893,0.897,0.89,0.894,0.899,-0.005,-0.5562,13538.06,1209.674
159903.SZ,20180919,0.888,0.904,0.885,0.899,0.889,0.01,1.1249,28520.0,2549.83
159903.SZ,20180918,0.883,0.89,0.878,0.889,0.886,0.003,0.3386,13041.0,1152.198
159903.SZ,20180917,0.88,0.887,0.88,0.886,0.887,-0.001,-0.1127,4195.0,370.569
159903.SZ,20180914,0.891,0.892,0.887,0.887,0.891,-0.004,-0.4489,5983.0,532.347
159903.SZ,20180913,0.889,0.897,0.883,0.891,0.885,0.006,0.678,8911.0,790.857
159903.SZ,20180912,0.888,0.894,0.883,0.885,0.892,-0.007,-0.7848,13890.0,1235.222
159903.SZ,20180911,0.895,0.897,0.882,0.892,0.894,-0.002,-0.2237,10079.15,897.487
159903.SZ,20180910,0.911,0.911,0.893,0.894,0.91,-0.016,-1.7582,15411.0,1385.098
159903.SZ,20180907,0.909,0.921,0.906,0.91,0.91,0.0,0.0,6332.0,577.139
159903.SZ,20180906,0.913,0.919,0.908,0.91,0.915,-0.005,-0.5464,5320.0,485.38
159903.SZ,20180905,0.926,0.926,0.915,0.915,0.927,-0.012,-1.2945,6061.0,557.117
159903.SZ,20180904,0.917,0.928,0.915,0.927,0.917,0.01,1.0905,8605.0,791.941
159903.SZ,20180903,0.918,0.918,0.905,0.917,0.918,-0.001,-0.1089,11553.0,1050.466
159903.SZ,20180831,0.923,0.926,0.915,0.918,0.926,-0.008,-0.8639,7464.78,686.304
159903.SZ,20180830,0.939,0.939,0.924,0.926,0.936,-0.01,-1.0684,3086.0,286.301
159903.SZ,20180829,0.938,0.938,0.931,0.936,0.938,-0.002,-0.2132,6761.78,631.584
159903.SZ,20180828,0.938,0.942,0.933,0.938,0.94,-0.002,-0.2128,11609.78,1087.957
159903.SZ,20180827,0.924,0.941,0.924,0.94,0.924,0.016,1.7316,13035.0,1219.138
159903.SZ,20180824,0.925,0.93,0.919,0.924,0.926,-0.002,-0.216,1904.0,176.549
159903.SZ,20180823,0.918,0.926,0.917,0.926,0.916,0.01,1.0917,3348.52,309.603
159903.SZ,20180822,0.923,0.923,0.916,0.916,0.923,-0.007,-0.7584,2400.0,220.418
159903.SZ,20180821,0.919,0.928,0.914,0.923,0.914,0.009,0.9847,6422.0,593.341
159903.SZ,20180820,0.911,0.918,0.9,0.914,0.909,0.005,0.5501,15475.0,1402.198
159903.SZ,20180817,0.925,0.939,0.908,0.909,0.925,-0.016,-1.7297,23911.0,2192.479
159903.SZ,20180816,0.921,0.93,0.911,0.925,0.925,0.0,0.0,5544.02,510.715
159903.SZ,20180815,0.94,0.946,0.923,0.925,0.95,-0.025,-2.6316,12167.36,1132.649
159903.SZ,20180814,0.943,0.952,0.941,0.95,0.954,-0.004,-0.4193,1501.0,141.874
159903.SZ,20180813,0.942,0.956,0.931,0.954,0.949,0.005,0.5269,5834.96,549.853
159903.SZ,20180810,0.94,0.958,0.94,0.949,0.943,0.006,0.6363,8880.0,841.178
159903.SZ,20180809,0.921,0.947,0.921,0.943,0.926,0.017,1.8359,24223.36,2278.186
159903.SZ,20180808,0.939,0.941,0.922,0.926,0.939,-0.013,-1.3845,9061.0,845.655
159903.SZ,20180807,0.923,0.939,0.91,0.939,0.923,0.016,1.7335,11277.97,1047.101
159903.SZ,20180806,0.945,0.949,0.911,0.923,0.946,-0.023,-2.4313,25165.0,2335.081
159903.SZ,20180803,0.96,0.962,0.945,0.946,0.96,-0.014,-1.4583,6759.0,642.985
159903.SZ,20180802,0.987,0.988,0.938,0.96,0.99,-0.03,-3.0303,34761.31,3325.474
159903.SZ,20180801,1.003,1.01,0.985,0.99,1.0,-0.01,-1.0,4055.0,403.484
159903.SZ,20180731,0.995,1.006,0.995,1.0,0.995,0.005,0.5025,1052.0,105.499
159903.SZ,20180730,1.01,1.014,0.995,0.995,1.014,-0.019,-1.8738,4270.78,428.543
159903.SZ,20180727,1.018,1.02,1.01,1.014,1.018,-0.004,-0.3929,3097.31,314.556
159903.SZ,20180726,1.02,1.024,1.012,1.018,1.02,-0.002,-0.1961,3828.28,389.103
159903.SZ,20180725,1.018,1.038,1.017,1.02,1.016,0.004,0.3937,20571.69,2108.012
159903.SZ,20180724,1.002,1.019,1.001,1.016,1.002,0.014,1.3972,16134.29,1634.001
159903.SZ,20180723,0.993,1.002,0.99,1.002,1.0,0.002,0.2,6340.87,634.276
159903.SZ,20180720,0.983,1.003,0.979,1.0,0.989,0.011,1.1122,5720.92,567.914
159903.SZ,20180719,0.99,0.998,0.984,0.989,0.992,-0.003,-0.3024,4085.01,403.891
159903.SZ,20180718,0.99,1.004,0.99,0.992,0.998,-0.006,-0.6012,7030.0,699.046
159903.SZ,20180717,1.0,1.0,0.986,0.998,0.996,0.002,0.2008,4261.8,422.641
159903.SZ,20180716,1.002,1.003,0.995,0.996,1.003,-0.007,-0.6979,3063.78,305.621
159903.SZ,20180713,0.999,1.003,0.997,1.003,0.999,0.004,0.4004,11215.0,1122.525
159903.SZ,20180712,0.971,1.003,0.971,0.999,0.975,0.024,2.4615,11361.97,1127.587
159903.SZ,20180711,0.991,0.991,0.964,0.975,0.996,-0.021,-2.1084,12359.0,1200.689
159903.SZ,20180710,0.99,0.996,0.983,0.996,0.99,0.006,0.6061,6797.0,673.32
159903.SZ,20180709,0.973,0.994,0.973,0.99,0.969,0.021,2.1672,7935.8,781.315
159903.SZ,20180706,0.969,0.98,0.951,0.969,0.963,0.006,0.6231,24628.0,2385.401
159903.SZ,20180705,1.004,1.015,0.96,0.963,1.005,-0.042,-4.1791,29514.84,2882.527
159903.SZ,20180704,1.005,1.017,1.004,1.005,1.004,0.001,0.0996,1810.0,182.458
159903.SZ,20180703,1.016,1.025,1.001,1.004,1.012,-0.008,-0.7905,5189.31,522.219
159903.SZ,20180702,1.026,1.026,1.011,1.012,1.026,-0.014,-1.3645,4892.0,497.224
159903.SZ,20180629,1.013,1.027,1.009,1.026,1.007,0.019,1.8868,5792.37,590.527
159903.SZ,20180628,1.004,1.014,1.0,1.007,1.005,0.002,0.199,1891.09,190.795
159903.SZ,20180627,1.01,1.012,0.998,1.005,1.011,-0.006,-0.5935,10759.06,1078.216
159903.SZ,20180626,1.006,1.017,0.996,1.011,1.008,0.003,0.2976,10225.0,1027.759
159903.SZ,20180625,1.027,1.027,1.008,1.008,1.019,-0.011,-1.0795,4441.0,450.575
159903.SZ,20180622,1.01,1.022,1.001,1.019,1.016,0.003,0.2953,10194.65,1035.253
159903.SZ,20180621,1.035,1.043,1.014,1.016,1.035,-0.019,-1.8357,8530.0,875.513
159903.SZ,20180620,1.082,1.082,1.018,1.035,1.052,-0.017,-1.616,24316.58,2537.525
159903.SZ,20180619,1.11,1.11,1.05,1.052,1.121,-0.069,-6.1552,10591.0,1141.561
159903.SZ,20180615,1.118,1.122,1.102,1.121,1.117,0.004,0.3581,3987.0,444.258
159903.SZ,20180614,1.108,1.118,1.108,1.117,1.109,0.008,0.7214,1108.41,123.401
159903.SZ,20180613,1.125,1.125,1.109,1.109,1.121,-0.012,-1.0705,1082.0,120.426
159903.SZ,20180612,1.118,1.121,1.115,1.121,1.118,0.003,0.2683,594.0,66.471
159903.SZ,20180611,1.119,1.119,1.116,1.118,1.118,0.0,0.0,751.0,83.936
159903.SZ,20180608,1.12,1.12,1.114,1.118,1.12,-0.002,-0.1786,2702.84,301.192
159903.SZ,20180607,1.121,1.126,1.117,1.12,1.12,0.0,0.0,5824.0,652.899
159903.SZ,20180606,1.12,1.126,1.116,1.12,1.128,-0.008,-0.7092,2652.78,296.954
159903.SZ,20180605,1.107,1.129,1.107,1.128,1.113,0.015,1.3477,3489.36,390.951
159903.SZ,20180604,1.107,1.114,1.103,1.113,1.107,0.006,0.542,1855.0,205.81
159903.SZ,20180601,1.101,1.11,1.096,1.107,1.114,-0.007,-0.6284,2607.0,287.962
159903.SZ,20180531,1.104,1.114,1.099,1.114,1.1,0.014,1.2727,4193.0,463.289
159903.SZ,20180530,1.119,1.119,1.1,1.1,1.119,-0.019,-1.6979,12848.58,1416.261
159903.SZ,20180529,1.124,1.127,1.118,1.119,1.123,-0.004,-0.3562,2281.0,256.105
159903.SZ,20180528,1.12,1.136,1.115,1.123,1.124,-0.001,-0.089,2844.38,320.312
159903.SZ,20180525,1.129,1.129,1.123,1.124,1.129,-0.005,-0.4429,2003.78,225.719
159903.SZ,20180524,1.132,1.138,1.128,1.129,1.135,-0.006,-0.5286,6942.0,786.451
159903.SZ,20180523,1.148,1.148,1.135,1.135,1.148,-0.013,-1.1324,4645.0,529.171
159903.SZ,20180522,1.153,1.154,1.142,1.148,1.153,-0.005,-0.4337,3321.18,380.39
159903.SZ,20180521,1.145,1.155,1.145,1.153,1.142,0.011,0.9632,5168.51,595.051
159903.SZ,20180518,1.136,1.142,1.133,1.142,1.136,0.006,0.5282,5181.7,589.29
159903.SZ,20180517,1.147,1.147,1.136,1.136,1.144,-0.008,-0.6993,5824.8,663.858
159903.SZ,20180516,1.148,1.151,1.14,1.144,1.15,-0.006,-0.5217,4371.0,501.567
159903.SZ,20180515,1.142,1.15,1.14,1.15,1.142,0.008,0.7005,3525.0,403.702
159903.SZ,20180514,1.144,1.15,1.142,1.142,1.144,-0.002,-0.1748,2198.0,251.548
159903.SZ,20180511,1.149,1.15,1.144,1.144,1.148,-0.004,-0.3484,2835.0,324.537
159903.SZ,20180510,1.142,1.148,1.142,1.148,1.146,0.002,0.1745,2041.97,233.979
159903.SZ,20180509,1.149,1.149,1.141,1.146,1.146,0.0,0.0,1153.97,132.055
159903.SZ,20180508,1.144,1.149,1.143,1.146,1.145,0.001,0.0873,4192.0,480.1
159903.SZ,20180507,1.122,1.145,1.122,1.145,1.129,0.016,1.4172,5740.0,652.427
159903.SZ,20180504,1.136,1.136,1.126,1.129,1.135,-0.006,-0.5286,3076.0,347.467
159903.SZ,20180503,1.118,1.135,1.111,1.135,1.119,0.016,1.4298,2907.3,326.014
159903.SZ,20180502,1.117,1.125,1.117,1.119,1.117,0.002,0.1791,2104.0,235.654
159903.SZ,20180427,1.116,1.122,1.116,1.117,1.116,0.001,0.0896,3167.0,354.28
159903.SZ,20180426,1.131,1.131,1.116,1.116,1.133,-0.017,-1.5004,6339.0,709.376
159903.SZ,20180425,1.124,1.135,1.123,1.133,1.131,0.002,0.1768,4287.0,484.62
159903.SZ,20180424,1.122,1.138,1.117,1.131,1.118,0.013,1.1628,4634.0,524.141
159903.SZ,20180423,1.118,1.124,1.108,1.118,1.118,0.0,0.0,7148.51,797.15
159903.SZ,20180420,1.14,1.149,1.118,1.118,1.148,-0.03,-2.6132,5659.0,639.225
159903.SZ,20180419,1.142,1.155,1.142,1.148,1.141,0.007,0.6135,6634.0,760.505
159903.SZ,20180418,1.142,1.145,1.118,1.141,1.141,0.0,0.0,20401.0,2301.402
159903.SZ,20180417,1.141,1.15,1.14,1.141,1.149,-0.008,-0.6963,6366.38,726.242
159903.SZ,20180416,1.147,1.159,1.141,1.149,1.152,-0.003,-0.2604,2508.0,287.347
159903.SZ,20180413,1.162,1.162,1.147,1.152,1.159,-0.007,-0.604,2842.0,327.846
159903.SZ,20180412,1.163,1.164,1.159,1.159,1.169,-0.01,-0.8554,1697.75,197.241
159903.SZ,20180411,1.162,1.171,1.16,1.169,1.157,0.012,1.0372,5415.4,632.004
159903.SZ,20180410,1.154,1.16,1.15,1.157,1.155,0.002,0.1732,3192.47,368.57
159903.SZ,20180409,1.148,1.156,1.139,1.155,1.148,0.007,0.6098,4201.02,483.484
159903.SZ,20180404,1.159,1.169,1.148,1.148,1.159,-0.011,-0.9491,2927.0,339.193
159903.SZ,20180403,1.165,1.166,1.15,1.159,1.166,-0.007,-0.6003,3544.51,409.144
159903.SZ,20180402,1.179,1.179,1.166,1.166,1.179,-0.013,-1.1026,3052.0,358.159
159903.SZ,20180330,1.172,1.179,1.165,1.179,1.171,0.008,0.6832,2654.0,311.483
159903.SZ,20180329,1.177,1.197,1.162,1.171,1.175,-0.004,-0.3404,7291.27,856.09
159903.SZ,20180328,1.162,1.185,1.16,1.175,1.187,-0.012,-1.011,3132.0,367.088
159903.SZ,20180327,1.149,1.188,1.149,1.187,1.143,0.044,3.8495,17426.01,2029.518
159903.SZ,20180326,1.122,1.15,1.101,1.143,1.122,0.021,1.8717,13657.27,1533.382
159903.SZ,20180323,1.156,1.164,1.108,1.122,1.17,-0.048,-4.1026,60078.0,6838.626
159903.SZ,20180322,1.181,1.199,1.16,1.17,1.19,-0.02,-1.6807,6368.0,752.093
159903.SZ,20180321,1.191,1.23,1.19,1.19,1.191,-0.001,-0.084,4140.0,495.791
159903.SZ,20180320,1.197,1.204,1.187,1.191,1.197,-0.006,-0.5013,2049.36,244.798
159903.SZ,20180319,1.183,1.209,1.181,1.197,1.195,0.002,0.1674,1438.0,172.263
159903.SZ,20180316,1.203,1.204,1.193,1.195,1.199,-0.004,-0.3336,2604.0,312.392
159903.SZ,20180315,1.198,1.215,1.196,1.199,1.203,-0.004,-0.3325,4323.67,519.497
159903.SZ,20180314,1.217,1.217,1.201,1.203,1.224,-0.021,-1.7157,3793.29,457.084
159903.SZ,20180313,1.232,1.233,1.218,1.224,1.232,-0.008,-0.6494,3087.0,377.739
159903.SZ,20180312,1.219,1.24,1.219,1.232,1.218,0.014,1.1494,7372.25,906.784
159903.SZ,20180309,1.185,1.219,1.182,1.218,1.185,0.033,2.7848,8884.13,1068.589
159903.SZ,20180308,1.18,1.189,1.178,1.185,1.179,0.006,0.5089,3825.61,453.38
159903.SZ,20180307,1.178,1.185,1.178,1.179,1.184,-0.005,-0.4223,4656.0,550.194
159903.SZ,20180306,1.162,1.184,1.162,1.184,1.169,0.015,1.2831,6369.1,749.888
159903.SZ,20180305,1.174,1.175,1.165,1.169,1.167,0.002,0.1714,1532.12,179.182
159903.SZ,20180302,1.16,1.175,1.16,1.167,1.171,-0.004,-0.3416,6189.0,724.768
159903.SZ,20180301,1.161,1.177,1.15,1.171,1.158,0.013,1.1226,6097.0,712.728
159903.SZ,20180228,1.151,1.169,1.14,1.158,1.159,-0.001,-0.0863,6030.78,699.061
159903.SZ,20180227,1.164,1.18,1.158,1.159,1.166,-0.007,-0.6003,5151.0,599.462
159903.SZ,20180226,1.145,1.172,1.145,1.166,1.145,0.021,1.8341,15991.0,1858.036
159903.SZ,20180223,1.149,1.155,1.139,1.145,1.145,0.0,0.0,5355.23,614.285
159903.SZ,20180222,1.128,1.149,1.128,1.145,1.122,0.023,2.0499,7797.49,887.133
159903.SZ,20180214,1.124,1.124,1.112,1.122,1.12,0.002,0.1786,2414.0,270.958
159903.SZ,20180213,1.109,1.127,1.109,1.12,1.109,0.011,0.9919,20724.6,2323.049
159903.SZ,20180212,1.09,1.113,1.09,1.109,1.088,0.021,1.9301,22819.77,2515.832
159903.SZ,20180209,1.104,1.104,1.07,1.088,1.119,-0.031,-2.7703,14845.63,1615.944
159903.SZ,20180208,1.113,1.132,1.109,1.119,1.112,0.007,0.6295,25378.46,2831.991
159903.SZ,20180207,1.124,1.141,1.101,1.112,1.115,-0.003,-0.2691,26502.96,2967.699
159903.SZ,20180206,1.167,1.167,1.113,1.115,1.168,-0.053,-4.5377,13838.0,1574.572
159903.SZ,20180205,1.173,1.173,1.16,1.168,1.175,-0.007,-0.5957,11150.0,1301.666
159903.SZ,20180202,1.188,1.188,1.158,1.175,1.181,-0.006,-0.508,23592.41,2758.461
159903.SZ,20180201,1.208,1.211,1.181,1.181,1.208,-0.027,-2.2351,15377.31,1838.637
159903.SZ,20180131,1.213,1.219,1.206,1.208,1.219,-0.011,-0.9024,8158.22,987.773
159903.SZ,20180130,1.227,1.229,1.21,1.219,1.228,-0.009,-0.7329,10346.68,1265.097
159903.SZ,20180129,1.246,1.246,1.222,1.228,1.246,-0.018,-1.4446,7085.0,871.37
159903.SZ,20180126,1.24,1.249,1.237,1.246,1.24,0.006,0.4839,8280.12,1028.783
159903.SZ,20180125,1.255,1.256,1.232,1.24,1.255,-0.015,-1.1952,16459.0,2059.001
159903.SZ,20180124,1.249,1.257,1.236,1.255,1.248,0.007,0.5609,16359.27,2036.129
159903.SZ,20180123,1.241,1.251,1.241,1.248,1.241,0.007,0.5641,19496.0,2425.847
159903.SZ,20180122,1.217,1.242,1.217,1.241,1.223,0.018,1.4718,8165.79,1008.397
159903.SZ,20180119,1.219,1.23,1.215,1.223,1.218,0.005,0.4105,8560.31,1046.597
159903.SZ,20180118,1.214,1.225,1.214,1.218,1.221,-0.003,-0.2457,7932.07,968.253
159903.SZ,20180117,1.226,1.226,1.212,1.221,1.226,-0.005,-0.4078,4549.0,553.2
159903.SZ,20180116,1.215,1.226,1.21,1.226,1.219,0.007,0.5742,6310.34,770.264
159903.SZ,20180115,1.227,1.235,1.219,1.219,1.237,-0.018,-1.4551,9060.71,1110.378
159903.SZ,20180112,1.232,1.237,1.227,1.237,1.236,0.001,0.0809,3350.0,413.254
159903.SZ,20180111,1.221,1.238,1.221,1.236,1.232,0.004,0.3247,9034.19,1113.555
159903.SZ,20180110,1.227,1.232,1.212,1.232,1.227,0.005,0.4075,31058.68,3795.351
159903.SZ,20180109,1.221,1.228,1.217,1.227,1.226,0.001,0.0816,3978.09,486.234
159903.SZ,20180108,1.214,1.232,1.206,1.226,1.221,0.005,0.4095,9387.27,1151.569
159903.SZ,20180105,1.214,1.228,1.208,1.221,1.214,0.007,0.5766,8564.35,1044.818
159903.SZ,20180104,1.208,1.218,1.206,1.214,1.208,0.006,0.4967,8828.38,1071.926
159903.SZ,20180103,1.198,1.213,1.196,1.208,1.199,0.009,0.7506,13992.45,1688.447
159903.SZ,20180102,1.188,1.199,1.186,1.199,1.19,0.009,0.7563,5051.5,604.373
159903.SZ,20171229,1.186,1.19,1.183,1.19,1.186,0.004,0.3373,4410.0,523.168
159903.SZ,20171228,1.187,1.188,1.182,1.186,1.182,0.004,0.3384,3774.0,447.356
159903.SZ,20171227,1.185,1.19,1.181,1.182,1.19,-0.008,-0.6723,2275.0,269.675
159903.SZ,20171226,1.187,1.194,1.18,1.19,1.198,-0.008,-0.6678,8944.53,1060.165
159903.SZ,20171225,1.189,1.199,1.179,1.198,1.191,0.007,0.5877,9562.53,1136.657
159903.SZ,20171222,1.191,1.196,1.188,1.191,1.192,-0.001,-0.0839,4251.38,506.324
159903.SZ,20171221,1.18,1.198,1.18,1.192,1.186,0.006,0.5059,8362.0,995.641
159903.SZ,20171220,1.199,1.199,1.185,1.186,1.197,-0.011,-0.919,3716.81,441.422
159903.SZ,20171219,1.191,1.204,1.189,1.197,1.191,0.006,0.5038,21889.52,2622.241
159903.SZ,20171218,1.191,1.193,1.182,1.191,1.192,-0.001,-0.0839,2398.0,284.549
159903.SZ,20171215,1.197,1.197,1.182,1.192,1.195,-0.003,-0.251,8812.94,1048.75
159903.SZ,20171214,1.195,1.198,1.191,1.195,1.195,0.0,0.0,14963.52,1787.819
159903.SZ,20171213,1.184,1.197,1.184,1.195,1.187,0.008,0.674,14222.0,1694.282
159903.SZ,20171212,1.19,1.198,1.187,1.187,1.198,-0.011,-0.9182,3882.0,461.928
159903.SZ,20171211,1.187,1.199,1.181,1.198,1.184,0.014,1.1824,6677.34,796.449
159903.SZ,20171208,1.184,1.19,1.178,1.184,1.182,0.002,0.1692,6799.38,803.293
159903.SZ,20171207,1.188,1.193,1.182,1.182,1.186,-0.004,-0.3373,3572.28,424.158
159903.SZ,20171206,1.182,1.187,1.173,1.186,1.184,0.002,0.1689,6999.0,826.41
159903.SZ,20171205,1.183,1.19,1.176,1.184,1.188,-0.004,-0.3367,5534.55,653.829
159903.SZ,20171204,1.18,1.194,1.179,1.188,1.185,0.003,0.2532,9451.55,1122.604
159903.SZ,20171201,1.178,1.192,1.176,1.185,1.176,0.009,0.7653,3873.94,458.02
159903.SZ,20171130,1.185,1.188,1.173,1.176,1.189,-0.013,-1.0934,5776.0,680.748
159903.SZ,20171129,1.188,1.192,1.172,1.189,1.188,0.001,0.0842,6625.21,784.33
159903.SZ,20171128,1.18,1.19,1.174,1.188,1.18,0.008,0.678,8855.05,1047.118
159903.SZ,20171127,1.211,1.211,1.179,1.18,1.209,-0.029,-2.3987,7305.0,868.538
159903.SZ,20171124,1.203,1.22,1.194,1.209,1.218,-0.009,-0.7389,19785.0,2382.983
159903.SZ,20171123,1.246,1.246,1.2,1.218,1.246,-0.028,-2.2472,7301.94,892.084
159903.SZ,20171122,1.252,1.26,1.234,1.246,1.255,-0.009,-0.7171,10133.12,1267.708
159903.SZ,20171121,1.225,1.261,1.225,1.255,1.243,0.012,0.9654,7694.0,958.911
159903.SZ,20171120,1.218,1.243,1.2,1.243,1.218,0.025,2.0525,36624.77,4473.264
159903.SZ,20171117,1.246,1.249,1.218,1.218,1.26,-0.042,-3.3333,6140.0,757.184
159903.SZ,20171116,1.241,1.26,1.231,1.26,1.241,0.019,1.531,3815.98,478.53
159903.SZ,20171115,1.244,1.255,1.24,1.241,1.264,-0.023,-1.8196,2745.02,341.492
159903.SZ,20171114,1.267,1.268,1.252,1.264,1.267,-0.003,-0.2368,3951.26,496.84
159903.SZ,20171113,1.272,1.279,1.257,1.267,1.267,0.0,0.0,9589.69,1214.718
159903.SZ,20171110,1.247,1.269,1.241,1.267,1.25,0.017,1.36,7912.21,991.149
159903.SZ,20171109,1.225,1.25,1.225,1.25,1.224,0.026,2.1242,9869.87,1222.315
159903.SZ,20171108,1.228,1.244,1.224,1.224,1.231,-0.007,-0.5686,16835.21,2078.323
159903.SZ,20171107,1.221,1.231,1.22,1.231,1.221,0.01,0.819,10252.32,1257.632
159903.SZ,20171106,1.205,1.222,1.2,1.221,1.21,0.011,0.9091,14873.0,1802.213
159903.SZ,20171103,1.233,1.243,1.194,1.21,1.235,-0.025,-2.0243,13175.01,1589.336
159903.SZ,20171102,1.23,1.25,1.229,1.235,1.246,-0.011,-0.8828,532.58,65.694
159903.SZ,20171101,1.237,1.247,1.237,1.246,1.24,0.006,0.4839,4513.24,561.615
159903.SZ,20171031,1.211,1.243,1.211,1.24,1.23,0.01,0.813,3705.41,456.745
159903.SZ,20171030,1.229,1.24,1.21,1.23,1.237,-0.007,-0.5659,15290.52,1881.763
159903.SZ,20171027,1.236,1.24,1.231,1.237,1.236,0.001,0.0809,12390.15,1531.788
159903.SZ,20171026,1.232,1.24,1.227,1.236,1.232,0.004,0.3247,15115.69,1867.617
159903.SZ,20171025,1.223,1.233,1.22,1.232,1.217,0.015,1.2325,10468.07,1282.012
159903.SZ,20171024,1.216,1.221,1.212,1.217,1.216,0.001,0.0822,5941.11,721.472
159903.SZ,20171023,1.209,1.217,1.209,1.216,1.21,0.006,0.4959,6455.77,783.265
159903.SZ,20171020,1.207,1.212,1.202,1.21,1.208,0.002,0.1656,3310.0,399.435
159903.SZ,20171019,1.214,1.221,1.201,1.208,1.221,-0.013,-1.0647,3196.61,387.149
159903.SZ,20171018,1.224,1.224,1.217,1.221,1.22,0.001,0.082,4466.26,544.775
159903.SZ,20171017,1.215,1.224,1.212,1.22,1.221,-0.001,-0.0819,1758.0,213.992
159903.SZ,20171016,1.232,1.232,1.221,1.221,1.232,-0.011,-0.8929,5186.33,635.293
159903.SZ,20171013,1.22,1.233,1.217,1.232,1.225,0.007,0.5714,5112.88,627.771
159903.SZ,20171012,1.225,1.228,1.218,1.225,1.226,-0.001,-0.0816,1738.76,212.517
159903.SZ,20171011,1.226,1.229,1.218,1.226,1.226,0.0,0.0,2023.1,248.078
159903.SZ,20171010,1.23,1.233,1.207,1.226,1.214,0.012,0.9885,5952.79,726.801
159903.SZ,20171009,1.206,1.238,1.206,1.214,1.199,0.015,1.251,9567.59,1165.209
159903.SZ,20170929,1.193,1.199,1.192,1.199,1.19,0.009,0.7563,6401.22,764.462
159903.SZ,20170928,1.185,1.195,1.185,1.19,1.185,0.005,0.4219,4279.19,510.354
159903.SZ,20170927,1.18,1.19,1.18,1.185,1.179,0.006,0.5089,3561.0,422.16
159903.SZ,20170926,1.181,1.184,1.171,1.179,1.181,-0.002,-0.1693,3814.0,448.831
159903.SZ,20170925,1.188,1.194,1.18,1.181,1.195,-0.014,-1.1715,8567.27,1014.317
159903.SZ,20170922,1.194,1.198,1.185,1.195,1.196,-0.001,-0.0836,11243.41,1339.438
159903.SZ,20170921,1.202,1.209,1.196,1.196,1.205,-0.009,-0.7469,3404.0,409.63
159903.SZ,20170920,1.197,1.206,1.192,1.205,1.195,0.01,0.8368,3841.41,461.892
159903.SZ,20170919,1.208,1.212,1.195,1.195,1.207,-0.012,-0.9942,5337.41,641.086
159903.SZ,20170918,1.193,1.207,1.193,1.207,1.195,0.012,1.0042,10249.12,1233.459
159903.SZ,20170915,1.193,1.198,1.188,1.195,1.193,0.002,0.1676,6006.38,715.746
159903.SZ,20170914,1.192,1.201,1.186,1.193,1.192,0.001,0.0839,7726.28,921.047
159903.SZ,20170913,1.189,1.195,1.184,1.192,1.19,0.002,0.1681,3920.0,465.448
159903.SZ,20170912,1.198,1.2,1.186,1.19,1.193,-0.003,-0.2515,9257.0,1102.669
159903.SZ,20170911,1.185,1.194,1.18,1.193,1.185,0.008,0.6751,11888.83,1415.779
159903.SZ,20170908,1.178,1.185,1.178,1.185,1.185,0.0,0.0,5546.0,654.749
159903.SZ,20170907,1.185,1.19,1.182,1.185,1.185,0.0,0.0,12254.34,1451.955
159903.SZ,20170906,1.185,1.188,1.177,1.185,1.185,0.0,0.0,8419.55,996.319
159903.SZ,20170905,1.182,1.185,1.177,1.185,1.182,0.003,0.2538,7914.0,935.193
159903.SZ,20170904,1.175,1.184,1.169,1.182,1.175,0.007,0.5957,5684.0,669.796
159903.SZ,20170901,1.169,1.178,1.162,1.175,1.164,0.011,0.945,17378.78,2036.481
159903.SZ,20170831,1.162,1.168,1.158,1.164,1.164,0.0,0.0,5188.14,604.825
159903.SZ,20170830,1.157,1.166,1.155,1.164,1.157,0.007,0.605,7948.03,922.21
159903.SZ,20170829,1.165,1.171,1.156,1.157,1.165,-0.008,-0.6867,8914.0,1036.945
159903.SZ,20170828,1.149,1.171,1.149,1.165,1.151,0.014,1.2163,26469.18,3088.151
159903.SZ,20170825,1.136,1.151,1.136,1.151,1.137,0.014,1.2313,7935.34,909.019
159903.SZ,20170824,1.138,1.142,1.134,1.137,1.14,-0.003,-0.2632,3545.78,403.472
159903.SZ,20170823,1.141,1.147,1.138,1.14,1.143,-0.003,-0.2625,5312.78,605.875
159903.SZ,20170822,1.146,1.149,1.141,1.143,1.146,-0.003,-0.2618,7192.29,823.778
159903.SZ,20170821,1.142,1.148,1.141,1.146,1.142,0.004,0.3503,6640.14,759.668
159903.SZ,20170818,1.14,1.149,1.14,1.142,1.145,-0.003,-0.262,17510.88,2008.305
159903.SZ,20170817,1.134,1.147,1.134,1.145,1.142,0.003,0.2627,9411.78,1076.222
159903.SZ,20170816,1.132,1.144,1.128,1.142,1.132,0.01,0.8834,17072.31,1939.6
159903.SZ,20170815,1.13,1.132,1.126,1.132,1.128,0.004,0.3546,10318.87,1166.324
159903.SZ,20170814,1.107,1.133,1.107,1.128,1.113,0.015,1.3477,6985.53,784.009
159903.SZ,20170811,1.117,1.12,1.107,1.113,1.121,-0.008,-0.7136,8328.92,925.494
159903.SZ,20170810,1.125,1.135,1.12,1.121,1.128,-0.007,-0.6206,7377.92,830.5
159903.SZ,20170809,1.123,1.131,1.121,1.128,1.126,0.002,0.1776,7310.81,823.376
159903.SZ,20170808,1.118,1.127,1.118,1.126,1.117,0.009,0.8057,10664.88,1197.702
159903.SZ,20170807,1.119,1.122,1.115,1.117,1.115,0.002,0.1794,4927.92,550.811
159903.SZ,20170804,1.116,1.124,1.115,1.115,1.124,-0.009,-0.8007,2386.96,267.083
159903.SZ,20170803,1.128,1.131,1.121,1.124,1.13,-0.006,-0.531,3349.31,376.773
159903.SZ,20170802,1.124,1.133,1.124,1.13,1.127,0.003,0.2662,15536.86,1751.756
159903.SZ,20170801,1.125,1.129,1.122,1.127,1.129,-0.002,-0.1771,7439.32,836.645
159903.SZ,20170731,1.12,1.13,1.12,1.129,1.124,0.005,0.4448,3601.0,405.748
159903.SZ,20170728,1.118,1.126,1.113,1.124,1.119,0.005,0.4468,7865.19,880.616
159903.SZ,20170727,1.097,1.125,1.097,1.119,1.102,0.017,1.5426,13037.74,1452.99
159903.SZ,20170726,1.108,1.108,1.097,1.102,1.106,-0.004,-0.3617,6230.74,686.027
159903.SZ,20170725,1.114,1.118,1.101,1.106,1.113,-0.007,-0.6289,11272.59,1252.918
159903.SZ,20170724,1.109,1.114,1.108,1.113,1.108,0.005,0.4513,11375.1,1264.503
159903.SZ,20170721,1.112,1.114,1.108,1.108,1.112,-0.004,-0.3597,4745.96,527.507
159903.SZ,20170720,1.103,1.115,1.103,1.112,1.103,0.009,0.816,7566.0,840.317
159903.SZ,20170719,1.085,1.103,1.082,1.103,1.091,0.012,1.0999,8114.52,886.401
159903.SZ,20170718,1.087,1.092,1.078,1.091,1.087,0.004,0.368,10783.0,1168.568
159903.SZ,20170717,1.111,1.111,1.082,1.087,1.122,-0.035,-3.1194,13639.01,1490.146
159903.SZ,20170714,1.117,1.124,1.114,1.122,1.12,0.002,0.1786,5581.42,624.797
159903.SZ,20170713,1.111,1.122,1.11,1.12,1.11,0.01,0.9009,16091.59,1798.222
159903.SZ,20170712,1.121,1.124,1.107,1.11,1.122,-0.012,-1.0695,12561.81,1398.173
159903.SZ,20170711,1.119,1.13,1.119,1.122,1.122,0.0,0.0,13193.45,1484.112
159903.SZ,20170710,1.131,1.134,1.118,1.122,1.132,-0.01,-0.8834,8885.0,999.956
159903.SZ,20170707,1.127,1.134,1.125,1.132,1.136,-0.004,-0.3521,7129.95,804.534
159903.SZ,20170706,1.134,1.14,1.123,1.136,1.141,-0.005,-0.4382,9085.14,1027.973
159903.SZ,20170705,1.128,1.141,1.118,1.141,1.128,0.013,1.1525,7023.89,794.429
159903.SZ,20170704,1.126,1.131,1.123,1.128,1.13,-0.002,-0.177,30625.76,3452.521
159903.SZ,20170703,1.13,1.132,1.125,1.13,1.131,-0.001,-0.0884,5657.0,639.144
159903.SZ,20170630,1.122,1.135,1.121,1.131,1.127,0.004,0.3549,10376.38,1171.322
159903.SZ,20170629,1.123,1.129,1.116,1.127,1.123,0.004,0.3562,13832.94,1552.682
159903.SZ,20170628,1.126,1.13,1.12,1.123,1.133,-0.01,-0.8826,3831.0,430.456
159903.SZ,20170627,1.149,1.149,1.126,1.133,1.13,0.003,0.2655,17135.79,1945.636
159903.SZ,20170626,1.103,1.132,1.103,1.13,1.103,0.027,2.4479,19699.84,2201.593
159903.SZ,20170623,1.098,1.107,1.091,1.103,1.097,0.006,0.5469,12667.12,1389.52
159903.SZ,20170622,1.11,1.114,1.097,1.097,1.11,-0.013,-1.1712,8404.51,933.259
159903.SZ,20170621,1.104,1.113,1.091,1.11,1.102,0.008,0.726,7126.58,785.377
159903.SZ,20170620,1.097,1.105,1.096,1.102,1.098,0.004,0.3643,9240.2,1018.377
159903.SZ,20170619,1.092,1.099,1.092,1.098,1.092,0.006,0.5495,5842.78,640.949
159903.SZ,20170616,1.089,1.094,1.084,1.092,1.091,0.001,0.0917,6438.58,701.461
159903.SZ,20170615,1.086,1.095,1.084,1.091,1.088,0.003,0.2757,5911.82,644.778
159903.SZ,20170614,1.092,1.094,1.086,1.088,1.092,-0.004,-0.3663,3866.34,420.868
159903.SZ,20170613,1.081,1.094,1.081,1.092,1.081,0.011,1.0176,11038.14,1201.634
159903.SZ,20170612,1.088,1.093,1.077,1.081,1.09,-0.009,-0.8257,18863.0,2043.088
159903.SZ,20170609,1.088,1.091,1.084,1.09,1.088,0.002,0.1838,8444.43,918.94
159903.SZ,20170608,1.087,1.09,1.085,1.088,1.085,0.003,0.2765,8892.01,967.345
159903.SZ,20170607,1.063,1.088,1.063,1.085,1.067,0.018,1.687,13599.57,1465.301
159903.SZ,20170606,1.059,1.067,1.058,1.067,1.06,0.007,0.6604,11086.2,1178.638
159903.SZ,20170605,1.055,1.065,1.055,1.06,1.056,0.004,0.3788,9880.13,1047.041
159903.SZ,20170602,1.051,1.06,1.041,1.056,1.048,0.008,0.7634,8653.58,907.323
159903.SZ,20170601,1.061,1.061,1.047,1.048,1.066,-0.018,-1.6886,3743.0,394.431
159903.SZ,20170531,1.061,1.072,1.06,1.066,1.061,0.005,0.4713,4957.0,527.949
159903.SZ,20170526,1.07,1.07,1.059,1.061,1.067,-0.006,-0.5623,7446.97,790.902
159903.SZ,20170525,1.05,1.069,1.046,1.067,1.055,0.012,1.1374,11618.58,1227.26
159903.SZ,20170524,1.051,1.055,1.035,1.055,1.045,0.01,0.9569,14089.08,1471.457
159903.SZ,20170523,1.06,1.062,1.045,1.045,1.06,-0.015,-1.4151,7424.78,783.241
159903.SZ,20170522,1.061,1.071,1.06,1.06,1.068,-0.008,-0.7491,3861.96,410.49
159903.SZ,20170519,1.069,1.072,1.066,1.068,1.069,-0.001,-0.0935,2995.0,320.329
159903.SZ,20170518,1.071,1.075,1.065,1.069,1.077,-0.008,-0.7428,6655.37,712.865
159903.SZ,20170517,1.073,1.083,1.073,1.077,1.073,0.004,0.3728,19962.3,2152.694
159903.SZ,20170516,1.046,1.076,1.045,1.073,1.051,0.022,2.0932,39549.0,4200.483
159903.SZ,20170515,1.049,1.057,1.049,1.051,1.048,0.003,0.2863,5460.0,575.423
159903.SZ,20170512,1.044,1.049,1.043,1.048,1.049,-0.001,-0.0953,4668.36,488.876
159903.SZ,20170511,1.055,1.057,1.033,1.049,1.057,-0.008,-0.7569,27250.94,2834.924
159903.SZ,20170510,1.061,1.067,1.055,1.057,1.063,-0.006,-0.5644,13288.0,1412.232
159903.SZ,20170509,1.063,1.07,1.05,1.063,1.07,-0.007,-0.6542,12436.37,1314.648
159903.SZ,20170508,1.072,1.074,1.059,1.07,1.076,-0.006,-0.5576,10370.51,1104.593
159903.SZ,20170505,1.082,1.085,1.075,1.076,1.086,-0.01,-0.9208,7358.0,794.602
159903.SZ,20170504,1.086,1.092,1.082,1.086,1.086,0.0,0.0,6825.51,740.411
159903.SZ,20170503,1.088,1.096,1.086,1.086,1.092,-0.006,-0.5495,2830.38,308.538
159903.SZ,20170502,1.095,1.096,1.089,1.092,1.095,-0.003,-0.274,2336.0,255.125
159903.SZ,20170428,1.094,1.098,1.09,1.095,1.094,0.001,0.0914,13788.15,1506.906
159903.SZ,20170427,1.091,1.099,1.083,1.094,1.096,-0.002,-0.1825,16514.0,1807.533
159903.SZ,20170426,1.089,1.1,1.089,1.096,1.095,0.001,0.0913,2218.65,243.468
159903.SZ,20170425,1.094,1.096,1.088,1.095,1.095,0.0,0.0,3548.63,387.443
159903.SZ,20170424,1.105,1.105,1.078,1.095,1.106,-0.011,-0.9946,10518.57,1147.667
159903.SZ,20170421,1.11,1.116,1.105,1.106,1.11,-0.004,-0.3604,5154.58,571.533
159903.SZ,20170420,1.102,1.115,1.102,1.11,1.112,-0.002,-0.1799,7737.48,860.063
159903.SZ,20170419,1.113,1.113,1.098,1.112,1.116,-0.004,-0.3584,14224.25,1571.537
159903.SZ,20170418,1.114,1.128,1.114,1.116,1.115,0.001,0.0897,6577.01,737.971
159903.SZ,20170417,1.119,1.126,1.115,1.115,1.12,-0.005,-0.4464,15520.86,1737.19
159903.SZ,20170414,1.133,1.135,1.12,1.12,1.138,-0.018,-1.5817,3444.0,387.915
159903.SZ,20170413,1.132,1.141,1.13,1.138,1.134,0.004,0.3527,1077.57,122.344
159903.SZ,20170412,1.137,1.143,1.128,1.134,1.137,-0.003,-0.2639,18143.94,2060.895
159903.SZ,20170411,1.131,1.138,1.124,1.137,1.131,0.006,0.5305,6394.31,724.14
159903.SZ,20170410,1.138,1.138,1.131,1.131,1.139,-0.008,-0.7024,2419.0,274.791
159903.SZ,20170407,1.14,1.143,1.132,1.139,1.138,0.001,0.0879,7151.18,814.512
159903.SZ,20170406,1.132,1.138,1.128,1.138,1.136,0.002,0.1761,14745.96,1673.465
159903.SZ,20170405,1.112,1.136,1.112,1.136,1.108,0.028,2.5271,40590.21,4537.839
159903.SZ,20170331,1.113,1.114,1.105,1.108,1.107,0.001,0.0903,4420.0,490.468
159903.SZ,20170330,1.121,1.122,1.105,1.107,1.127,-0.02,-1.7746,14922.36,1656.214
159903.SZ,20170329,1.126,1.131,1.114,1.127,1.126,0.001,0.0888,5314.0,597.211
159903.SZ,20170328,1.133,1.133,1.125,1.126,1.133,-0.007,-0.6178,1937.57,218.315
159903.SZ,20170327,1.136,1.139,1.129,1.133,1.138,-0.005,-0.4394,1768.13,200.097
159903.SZ,20170324,1.132,1.14,1.128,1.138,1.132,0.006,0.53,4095.57,465.338
159903.SZ,20170323,1.126,1.136,1.122,1.132,1.124,0.008,0.7117,7974.86,901.523
159903.SZ,20170322,1.13,1.13,1.118,1.124,1.132,-0.008,-0.7067,4907.0,551.687
159903.SZ,20170321,1.12,1.132,1.12,1.132,1.126,0.006,0.5329,13207.23,1489.318
159903.SZ,20170320,1.126,1.126,1.116,1.126,1.126,0.0,0.0,5238.0,587.679
159903.SZ,20170317,1.135,1.138,1.12,1.126,1.135,-0.009,-0.793,14561.33,1648.744
159903.SZ,20170316,1.125,1.135,1.125,1.135,1.122,0.013,1.1586,7452.57,844.806
159903.SZ,20170315,1.12,1.126,1.12,1.122,1.125,-0.003,-0.2667,1880.0,211.203
159903.SZ,20170314,1.132,1.132,1.12,1.125,1.127,-0.002,-0.1775,2984.43,335.542
159903.SZ,20170313,1.104,1.127,1.104,1.127,1.115,0.012,1.0762,10449.72,1173.605
159903.SZ,20170310,1.11,1.119,1.108,1.115,1.11,0.005,0.4505,4140.35,460.367
159903.SZ,20170309,1.119,1.119,1.106,1.11,1.119,-0.009,-0.8043,5437.53,603.681
159903.SZ,20170308,1.12,1.124,1.112,1.119,1.125,-0.006,-0.5333,4192.79,468.418
159903.SZ,20170307,1.122,1.125,1.119,1.125,1.121,0.004,0.3568,4796.0,538.143
159903.SZ,20170306,1.11,1.122,1.11,1.121,1.103,0.018,1.6319,11623.25,1299.349
159903.SZ,20170303,1.102,1.113,1.096,1.103,1.105,-0.002,-0.181,35218.39,3895.833
159903.SZ,20170302,1.107,1.115,1.101,1.105,1.11,-0.005,-0.4505,3657.01,404.233
159903.SZ,20170301,1.107,1.116,1.102,1.11,1.105,0.005,0.4525,16800.71,1869.002
159903.SZ,20170228,1.101,1.106,1.097,1.105,1.096,0.009,0.8212,9729.93,1074.397
159903.SZ,20170227,1.11,1.116,1.095,1.096,1.113,-0.017,-1.5274,8091.17,894.242
159903.SZ,20170224,1.109,1.113,1.103,1.113,1.108,0.005,0.4513,11164.0,1237.892
159903.SZ,20170223,1.111,1.116,1.103,1.108,1.111,-0.003,-0.27,11602.35,1284.305
159903.SZ,20170222,1.096,1.111,1.096,1.111,1.102,0.009,0.8167,12153.23,1344.748
159903.SZ,20170221,1.094,1.104,1.094,1.102,1.095,0.007,0.6393,20158.7,2211.78
159903.SZ,20170220,1.079,1.095,1.079,1.095,1.079,0.016,1.4829,9182.66,999.909
159903.SZ,20170217,1.085,1.089,1.079,1.079,1.085,-0.006,-0.553,8437.71,914.972
159903.SZ,20170216,1.082,1.086,1.077,1.085,1.08,0.005,0.463,4142.92,448.746
159903.SZ,20170215,1.085,1.089,1.078,1.08,1.086,-0.006,-0.5525,6235.98,675.276
159903.SZ,20170214,1.084,1.089,1.08,1.086,1.088,-0.002,-0.1838,7524.0,816.398
159903.SZ,20170213,1.082,1.089,1.075,1.088,1.078,0.01,0.9276,12089.13,1310.982
159903.SZ,20170210,1.083,1.085,1.077,1.078,1.079,-0.001,-0.0927,5164.57,559.078
159903.SZ,20170209,1.079,1.085,1.076,1.079,1.079,0.0,0.0,4248.79,459.314
159903.SZ,20170208,1.071,1.08,1.062,1.079,1.074,0.005,0.4655,5275.84,564.775
159903.SZ,20170207,1.081,1.081,1.065,1.074,1.08,-0.006,-0.5556,4334.01,464.598
159903.SZ,20170206,1.075,1.083,1.075,1.08,1.075,0.005,0.4651,2050.0,221.366
159903.SZ,20170203,1.082,1.083,1.073,1.075,1.08,-0.005,-0.463,3507.0,378.715
159903.SZ,20170126,1.067,1.08,1.066,1.08,1.063,0.017,1.5992,8523.57,915.999
159903.SZ,20170125,1.054,1.066,1.053,1.063,1.064,-0.001,-0.094,532.57,56.449
159903.SZ,20170124,1.066,1.066,1.06,1.064,1.063,0.001,0.0941,1833.0,194.827
159903.SZ,20170123,1.058,1.068,1.058,1.063,1.059,0.004,0.3777,2250.79,239.734
159903.SZ,20170120,1.042,1.059,1.042,1.059,1.044,0.015,1.4368,13941.77,1462.383
159903.SZ,20170119,1.05,1.05,1.04,1.044,1.047,-0.003,-0.2865,2097.0,219.52
159903.SZ,20170118,1.051,1.053,1.04,1.047,1.051,-0.004,-0.3806,4566.0,477.638
159903.SZ,20170117,1.05,1.051,1.033,1.051,1.056,-0.005,-0.4735,8087.28,845.521
159903.SZ,20170116,1.073,1.073,1.017,1.056,1.07,-0.014,-1.3084,20081.01,2100.012
159903.SZ,20170113,1.08,1.087,1.07,1.07,1.081,-0.011,-1.0176,7117.91,765.888
159903.SZ,20170112,1.09,1.09,1.081,1.081,1.087,-0.006,-0.552,3396.01,367.928
159903.SZ,20170111,1.082,1.093,1.082,1.087,1.092,-0.005,-0.4579,11253.12,1224.215
159903.SZ,20170110,1.092,1.096,1.091,1.092,1.094,-0.002,-0.1828,4875.67,533.702
159903.SZ,20170109,1.09,1.097,1.09,1.094,1.092,0.002,0.1832,5674.0,620.82
159903.SZ,20170106,1.1,1.103,1.09,1.092,1.1,-0.008,-0.7273,7077.0,773.631
159903.SZ,20170105,1.1,1.103,1.096,1.1,1.104,-0.004,-0.3623,2754.0,302.891
159903.SZ,20170104,1.09,1.104,1.09,1.104,1.096,0.008,0.7299,7742.68,852.982
159903.SZ,20170103,1.08,1.1,1.08,1.096,1.089,0.007,0.6428,6589.03,721.792
159903.SZ,20161230,1.083,1.09,1.081,1.089,1.084,0.005,0.4613,2231.0,242.689
159903.SZ,20161229,1.075,1.089,1.075,1.084,1.083,0.001,0.0923,2709.03,293.363
159903.SZ,20161228,1.095,1.097,1.083,1.083,1.095,-0.012,-1.0959,55469.0,6049.418
159903.SZ,20161227,1.098,1.103,1.091,1.095,1.098,-0.003,-0.2732,20638.88,2258.726
159903.SZ,20161226,1.085,1.098,1.07,1.098,1.086,0.012,1.105,22482.18,2444.382
159903.SZ,20161223,1.093,1.093,1.084,1.086,1.09,-0.004,-0.367,3125.0,339.507
159903.SZ,20161222,1.093,1.093,1.085,1.09,1.09,0.0,0.0,3142.0,342.388
159903.SZ,20161221,1.082,1.094,1.082,1.09,1.082,0.008,0.7394,5512.52,601.348
159903.SZ,20161220,1.081,1.088,1.078,1.082,1.075,0.007,0.6512,5662.53,613.01
159903.SZ,20161219,1.09,1.092,1.075,1.075,1.092,-0.017,-1.5568,9465.16,1026.848
159903.SZ,20161216,1.089,1.098,1.088,1.092,1.088,0.004,0.3676,7234.0,789.994
159903.SZ,20161215,1.087,1.099,1.083,1.088,1.089,-0.001,-0.0918,18390.25,1997.595
159903.SZ,20161214,1.088,1.097,1.088,1.089,1.099,-0.01,-0.9099,13218.92,1446.152
159903.SZ,20161213,1.108,1.117,1.088,1.099,1.112,-0.013,-1.1691,33461.58,3667.53
159903.SZ,20161212,1.145,1.145,1.111,1.112,1.148,-0.036,-3.1359,21402.82,2403.053
159903.SZ,20161209,1.151,1.152,1.146,1.148,1.149,-0.001,-0.087,4858.24,557.902
159903.SZ,20161208,1.155,1.155,1.149,1.149,1.154,-0.005,-0.4333,4038.0,464.866
159903.SZ,20161207,1.147,1.154,1.143,1.154,1.147,0.007,0.6103,8116.39,932.095
159903.SZ,20161206,1.149,1.153,1.145,1.147,1.147,0.0,0.0,11155.79,1280.1
159903.SZ,20161205,1.151,1.16,1.146,1.147,1.16,-0.013,-1.1207,6751.53,776.523
159903.SZ,20161202,1.178,1.178,1.15,1.16,1.175,-0.015,-1.2766,14529.0,1685.542
159903.SZ,20161201,1.17,1.18,1.166,1.175,1.169,0.006,0.5133,10362.23,1216.209
159903.SZ,20161130,1.168,1.175,1.164,1.169,1.171,-0.002,-0.1708,11324.2,1323.377
159903.SZ,20161129,1.17,1.18,1.165,1.171,1.172,-0.001,-0.0853,8934.55,1048.247
159903.SZ,20161128,1.169,1.176,1.169,1.172,1.169,0.003,0.2566,5985.13,701.812
159903.SZ,20161125,1.159,1.17,1.152,1.169,1.161,0.008,0.6891,7979.66,926.128
159903.SZ,20161124,1.16,1.169,1.157,1.161,1.165,-0.004,-0.3433,8394.41,976.733
159903.SZ,20161123,1.173,1.174,1.163,1.165,1.17,-0.005,-0.4274,10786.26,1259.201
159903.SZ,20161122,1.164,1.17,1.164,1.17,1.164,0.006,0.5155,5289.91,617.952
159903.SZ,20161121,1.165,1.17,1.161,1.164,1.162,0.002,0.1721,4085.18,475.784
159903.SZ,20161118,1.159,1.18,1.159,1.162,1.169,-0.007,-0.5988,7773.0,908.787
159903.SZ,20161117,1.16,1.17,1.157,1.169,1.169,0.0,0.0,9076.0,1055.892
159903.SZ,20161116,1.163,1.172,1.162,1.169,1.164,0.005,0.4296,17638.74,2058.006
159903.SZ,20161115,1.152,1.164,1.15,1.164,1.159,0.005,0.4314,24535.53,2835.954
159903.SZ,20161114,1.157,1.162,1.151,1.159,1.155,0.004,0.3463,10073.74,1167.893
159903.SZ,20161111,1.148,1.158,1.148,1.155,1.151,0.004,0.3475,7136.58,822.82
159903.SZ,20161110,1.142,1.155,1.142,1.151,1.139,0.012,1.0536,8799.93,1012.669
159903.SZ,20161109,1.142,1.145,1.136,1.139,1.143,-0.004,-0.35,9386.98,1070.19
159903.SZ,20161108,1.146,1.148,1.141,1.143,1.141,0.002,0.1753,4784.71,547.651
159903.SZ,20161107,1.147,1.148,1.141,1.141,1.149,-0.008,-0.6963,2974.71,340.237
159903.SZ,20161104,1.152,1.152,1.14,1.149,1.152,-0.003,-0.2604,3455.68,395.831
159903.SZ,20161103,1.136,1.16,1.136,1.152,1.136,0.016,1.4085,18263.05,2100.6
159903.SZ,20161102,1.15,1.15,1.136,1.136,1.151,-0.015,-1.3032,4686.89,535.545
159903.SZ,20161101,1.137,1.151,1.137,1.151,1.141,0.01,0.8764,32852.6,3753.183
159903.SZ,20161031,1.14,1.144,1.135,1.141,1.143,-0.002,-0.175,3004.0,341.554
159903.SZ,20161028,1.146,1.153,1.14,1.143,1.146,-0.003,-0.2618,18622.42,2133.8451
159903.SZ,20161027,1.144,1.148,1.14,1.146,1.147,-0.001,-0.0872,5429.86,620.9774
159903.SZ,20161026,1.151,1.157,1.14,1.147,1.151,-0.004,-0.3475,38548.28,4438.2714
159903.SZ,20161025,1.149,1.155,1.149,1.151,1.15,0.001,0.087,19673.0,2267.0616
159903.SZ,20161024,1.14,1.15,1.14,1.15,1.14,0.01,0.8772,21466.65,2460.5144
159903.SZ,20161021,1.139,1.143,1.134,1.14,1.139,0.001,0.0878,13589.79,1550.0166
159903.SZ,20161020,1.143,1.143,1.139,1.139,1.14,-0.001,-0.0877,2426.0,276.9007
159903.SZ,20161019,1.148,1.148,1.138,1.14,1.144,-0.004,-0.3497,4553.18,520.073
159903.SZ,20161018,1.122,1.145,1.122,1.144,1.128,0.016,1.4184,7798.13,887.7852
159903.SZ,20161017,1.139,1.14,1.12,1.128,1.138,-0.01,-0.8787,4461.0,505.4852
159903.SZ,20161014,1.138,1.142,1.129,1.138,1.14,-0.002,-0.1754,3185.65,361.9292
159903.SZ,20161013,1.146,1.148,1.136,1.14,1.144,-0.004,-0.3497,5888.68,673.2198
159903.SZ,20161012,1.146,1.146,1.138,1.144,1.146,-0.002,-0.1745,3557.41,406.143
159903.SZ,20161011,1.17,1.17,1.143,1.146,1.155,-0.009,-0.7792,17615.73,2031.9465
159903.SZ,20161010,1.137,1.158,1.122,1.155,1.119,0.036,3.2172,19830.43,2253.9027
159903.SZ,20160930,1.111,1.12,1.111,1.119,1.115,0.004,0.3587,3666.0,409.9732
159903.SZ,20160929,1.114,1.118,1.11,1.115,1.11,0.005,0.4505,3669.37,409.4308
159903.SZ,20160928,1.11,1.117,1.103,1.11,1.114,-0.004,-0.3591,6124.8,680.1984
159903.SZ,20160927,1.11,1.118,1.108,1.114,1.11,0.004,0.3604,16105.63,1790.1602
159903.SZ,20160926,1.127,1.127,1.106,1.11,1.124,-0.014,-1.2456,8543.41,954.5683
159903.SZ,20160923,1.123,1.13,1.122,1.124,1.125,-0.001,-0.0889,1803.0,202.9906
159903.SZ,20160922,1.125,1.134,1.123,1.125,1.123,0.002,0.1781,7580.97,856.0079
159903.SZ,20160921,1.117,1.125,1.117,1.123,1.117,0.006,0.5372,2084.46,233.7317
159903.SZ,20160920,1.121,1.124,1.11,1.117,1.124,-0.007,-0.6228,2391.2,267.0526
159903.SZ,20160919,1.12,1.129,1.119,1.124,1.117,0.007,0.6267,5658.28,634.8785
159903.SZ,20160914,1.123,1.129,1.117,1.117,1.124,-0.007,-0.6228,3924.0,439.738
159903.SZ,20160913,1.124,1.129,1.124,1.124,1.125,-0.001,-0.0889,6295.01,708.4655
159903.SZ,20160912,1.128,1.14,1.12,1.125,1.143,-0.018,-1.5748,13649.18,1540.1566
159903.SZ,20160909,1.153,1.153,1.142,1.143,1.153,-0.01,-0.8673,4883.78,559.9058
159903.SZ,20160908,1.148,1.154,1.143,1.153,1.149,0.004,0.3481,9811.83,1129.0445
159903.SZ,20160907,1.152,1.155,1.145,1.149,1.15,-0.001,-0.087,9235.08,1063.5202
159903.SZ,20160906,1.132,1.15,1.128,1.15,1.132,0.018,1.5901,9457.93,1078.5228
159903.SZ,20160905,1.131,1.138,1.129,1.132,1.13,0.002,0.177,3924.0,444.515
159903.SZ,20160902,1.135,1.143,1.127,1.13,1.135,-0.005,-0.4405,8340.5,943.9882
159903.SZ,20160901,1.144,1.149,1.134,1.135,1.144,-0.009,-0.7867,1039.99,118.5725
159903.SZ,20160831,1.135,1.144,1.132,1.144,1.138,0.006,0.5272,5765.06,656.4186
159903.SZ,20160830,1.14,1.146,1.13,1.138,1.14,-0.002,-0.1754,5762.57,654.28
159903.SZ,20160829,1.139,1.145,1.132,1.14,1.14,0.0,0.0,1936.0,220.8198
159903.SZ,20160826,1.139,1.148,1.138,1.14,1.136,0.004,0.3521,4247.0,484.7921
159903.SZ,20160825,1.134,1.137,1.126,1.136,1.142,-0.006,-0.5254,5522.68,624.9621
159903.SZ,20160824,1.15,1.15,1.141,1.142,1.145,-0.003,-0.262,2363.0,270.1758
159903.SZ,20160823,1.14,1.146,1.139,1.145,1.146,-0.001,-0.0873,5709.0,652.8934
159903.SZ,20160822,1.152,1.155,1.14,1.146,1.151,-0.005,-0.4344,6188.78,710.4136
159903.SZ,20160819,1.154,1.155,1.146,1.151,1.153,-0.002,-0.1735,7007.6,805.6773
159903.SZ,20160818,1.148,1.161,1.147,1.153,1.151,0.002,0.1738,10054.75,1160.6544
159903.SZ,20160817,1.158,1.158,1.15,1.151,1.154,-0.003,-0.26,8731.0,1007.6388
159903.SZ,20160816,1.149,1.156,1.145,1.154,1.149,0.005,0.4352,14329.46,1650.1963
159903.SZ,20160815,1.118,1.16,1.118,1.149,1.12,0.029,2.5893,31612.17,3604.5765
159903.SZ,20160812,1.104,1.12,1.102,1.12,1.11,0.01,0.9009,8421.24,936.726
159903.SZ,20160811,1.118,1.122,1.11,1.11,1.118,-0.008,-0.7156,8266.0,919.8203
159903.SZ,20160810,1.12,1.125,1.118,1.118,1.119,-0.001,-0.0894,28113.6,3150.9747
159903.SZ,20160809,1.11,1.119,1.107,1.119,1.109,0.01,0.9017,4898.78,546.0076
159903.SZ,20160808,1.095,1.109,1.086,1.109,1.096,0.013,1.1861,4670.0,513.0824
159903.SZ,20160805,1.093,1.103,1.093,1.096,1.097,-0.001,-0.0912,6202.38,680.2389
159903.SZ,20160804,1.09,1.098,1.087,1.097,1.091,0.006,0.55,8963.0,979.1541
159903.SZ,20160803,1.08,1.092,1.08,1.091,1.088,0.003,0.2757,5187.98,565.0701
159903.SZ,20160802,1.077,1.088,1.071,1.088,1.084,0.004,0.369,6626.0,717.1485
159903.SZ,20160801,1.095,1.099,1.01,1.084,1.098,-0.014,-1.275,13561.01,1458.7754
159903.SZ,20160729,1.1,1.103,1.098,1.098,1.102,-0.004,-0.363,6626.0,728.3226
159903.SZ,20160728,1.102,1.11,1.094,1.102,1.101,0.001,0.0908,20498.06,2261.7083
159903.SZ,20160727,1.147,1.148,1.094,1.101,1.145,-0.044,-3.8428,28637.17,3187.0711
159903.SZ,20160726,1.133,1.145,1.133,1.145,1.134,0.011,0.97,3773.87,430.6725
159903.SZ,20160725,1.137,1.141,1.127,1.134,1.134,0.0,0.0,2381.43,270.2125
159903.SZ,20160722,1.148,1.15,1.131,1.134,1.142,-0.008,-0.7005,3558.0,404.9054
159903.SZ,20160721,1.135,1.15,1.135,1.142,1.138,0.004,0.3515,9340.02,1069.8342
159903.SZ,20160720,1.141,1.143,1.137,1.138,1.141,-0.003,-0.2629,7624.94,869.0117
159903.SZ,20160719,1.137,1.142,1.131,1.141,1.137,0.004,0.3518,23376.0,2656.4738
159903.SZ,20160718,1.15,1.15,1.135,1.137,1.148,-0.011,-0.9582,5482.0,625.1539
159903.SZ,20160715,1.15,1.153,1.144,1.148,1.15,-0.002,-0.1739,3399.02,390.0793
159903.SZ,20160714,1.149,1.152,1.145,1.15,1.148,0.002,0.1742,14231.62,1632.6124
159903.SZ,20160713,1.138,1.152,1.138,1.148,1.143,0.005,0.4374,14867.83,1704.4742
159903.SZ,20160712,1.121,1.143,1.112,1.143,1.123,0.02,1.7809,16486.73,1856.9777
159903.SZ,20160711,1.128,1.135,1.122,1.123,1.125,-0.002,-0.1778,8661.13,977.1864
159903.SZ,20160708,1.124,1.134,1.119,1.125,1.123,0.002,0.1781,28028.0,3163.8388
159903.SZ,20160707,1.117,1.13,1.117,1.123,1.123,0.0,0.0,9207.94,1034.5893
159903.SZ,20160706,1.117,1.124,1.111,1.123,1.117,0.006,0.5372,27152.38,3041.4417
159903.SZ,20160705,1.115,1.122,1.112,1.117,1.117,0.0,0.0,55879.54,6238.3275
159903.SZ,20160704,1.086,1.119,1.086,1.117,1.104,0.013,1.1775,28998.6,3220.5877
159903.SZ,20160701,1.116,1.116,1.102,1.104,1.108,-0.004,-0.361,7115.0,787.8315
159903.SZ,20160630,1.107,1.111,1.105,1.108,1.107,0.001,0.0903,8316.31,921.502
159903.SZ,20160629,1.116,1.119,1.105,1.107,1.109,-0.002,-0.1803,27909.35,3106.2277
159903.SZ,20160628,1.085,1.113,1.085,1.109,1.097,0.012,1.0939,21122.2,2326.3971
159903.SZ,20160627,1.073,1.098,1.069,1.097,1.07,0.027,2.5234,32922.32,3586.2248
159903.SZ,20160624,1.083,1.089,1.052,1.07,1.086,-0.016,-1.4733,10095.16,1082.9082
159903.SZ,20160623,1.081,1.086,1.077,1.086,1.087,-0.001,-0.092,7584.0,820.7376
159903.SZ,20160622,1.071,1.088,1.07,1.087,1.074,0.013,1.2104,10035.98,1082.8957
159903.SZ,20160621,1.082,1.094,1.074,1.074,1.076,-0.002,-0.1859,18422.65,1993.4828
159903.SZ,20160620,1.068,1.077,1.063,1.076,1.07,0.006,0.5607,11922.31,1276.4741
159903.SZ,20160617,1.073,1.08,1.068,1.07,1.066,0.004,0.3752,10007.57,1075.4624
159903.SZ,20160616,1.07,1.073,1.065,1.066,1.074,-0.008,-0.7449,5246.37,561.1259
159903.SZ,20160615,1.046,1.075,1.039,1.074,1.046,0.028,2.6769,19449.32,2069.6017
159903.SZ,20160614,1.047,1.052,1.042,1.046,1.05,-0.004,-0.381,11745.0,1229.3178
159903.SZ,20160613,1.08,1.085,1.05,1.05,1.089,-0.039,-3.5813,16246.59,1729.0126
159903.SZ,20160608,1.089,1.09,1.078,1.089,1.088,0.001,0.0919,6180.0,670.1727
159903.SZ,20160607,1.091,1.094,1.082,1.088,1.091,-0.003,-0.275,7094.0,771.2914
159903.SZ,20160606,1.095,1.097,1.09,1.091,1.095,-0.004,-0.3653,4855.0,530.2974
159903.SZ,20160603,1.078,1.096,1.078,1.095,1.078,0.017,1.577,20721.0,2252.0836
159903.SZ,20160602,1.077,1.08,1.07,1.078,1.075,0.003,0.2791,8039.5,864.4391
159903.SZ,20160601,1.077,1.08,1.07,1.075,1.076,-0.001,-0.0929,14529.0,1562.8193
159903.SZ,20160531,1.035,1.08,1.035,1.076,1.034,0.042,4.0619,40935.99,4344.5635
159903.SZ,20160530,1.03,1.039,1.03,1.034,1.04,-0.006,-0.5769,8237.0,850.7669
159903.SZ,20160527,1.041,1.041,1.03,1.04,1.043,-0.003,-0.2876,8311.0,859.817
159903.SZ,20160526,1.044,1.044,1.02,1.043,1.04,0.003,0.2885,19388.0,1995.0447
159903.SZ,20160525,1.043,1.052,1.036,1.04,1.04,0.0,0.0,9246.0,966.5309
159903.SZ,20160524,1.044,1.046,1.035,1.04,1.043,-0.003,-0.2876,9240.04,961.3739
159903.SZ,20160523,1.038,1.046,1.037,1.043,1.036,0.007,0.6757,7424.97,773.5338
159903.SZ,20160520,1.024,1.037,1.024,1.036,1.033,0.003,0.2904,7721.8,797.7566
159903.SZ,20160519,1.035,1.039,1.027,1.033,1.027,0.006,0.5842,9207.44,952.5719
159903.SZ,20160518,1.034,1.036,1.017,1.027,1.041,-0.014,-1.3449,10834.98,1112.6454
159903.SZ,20160517,1.048,1.052,1.033,1.041,1.047,-0.006,-0.5731,8538.0,890.6109
159903.SZ,20160516,1.036,1.047,1.018,1.047,1.041,0.006,0.5764,30258.0,3106.4325
159903.SZ,20160513,1.051,1.055,1.032,1.041,1.055,-0.014,-1.327,42692.0,4477.1759
159903.SZ,20160512,1.048,1.055,1.04,1.055,1.054,0.001,0.0949,4086.0,427.9514
159903.SZ,20160511,1.052,1.06,1.048,1.054,1.057,-0.003,-0.2838,7752.37,816.2474
159903.SZ,20160510,1.053,1.06,1.051,1.057,1.052,0.005,0.4753,6398.97,676.7991
159903.SZ,20160509,1.078,1.078,1.05,1.052,1.078,-0.026,-2.4119,20004.79,2115.3998
159903.SZ,20160506,1.098,1.107,1.078,1.078,1.101,-0.023,-2.089,23252.0,2524.3147
159903.SZ,20160505,1.092,1.101,1.092,1.101,1.097,0.004,0.3646,14500.0,1593.2401
159903.SZ,20160504,1.115,1.115,1.092,1.097,1.102,-0.005,-0.4537,22220.0,2444.5961
159903.SZ,20160503,1.077,1.12,1.07,1.102,1.07,0.032,2.9907,32239.69,3513.9281
159903.SZ,20160429,1.066,1.072,1.066,1.07,1.071,-0.001,-0.0934,7348.0,785.8956
159903.SZ,20160428,1.075,1.075,1.053,1.071,1.068,0.003,0.2809,9769.08,1037.3449
159903.SZ,20160427,1.067,1.076,1.067,1.068,1.068,0.0,0.0,12896.96,1381.736
159903.SZ,20160426,1.057,1.069,1.057,1.068,1.057,0.011,1.0407,12806.25,1362.2889
159903.SZ,20160425,1.065,1.065,1.05,1.057,1.066,-0.009,-0.8443,21085.79,2224.1191
159903.SZ,20160422,1.06,1.07,1.053,1.066,1.062,0.004,0.3766,11063.0,1172.5729
159903.SZ,20160421,1.067,1.075,1.061,1.062,1.067,-0.005,-0.4686,20220.63,2160.8985
159903.SZ,20160420,1.117,1.118,1.05,1.067,1.109,-0.042,-3.7872,44985.9,4840.9061
159903.SZ,20160419,1.118,1.118,1.107,1.109,1.107,0.002,0.1807,18923.79,2100.0555
159903.SZ,20160418,1.13,1.13,1.107,1.107,1.13,-0.023,-2.0354,18732.25,2082.1943
159903.SZ,20160415,1.129,1.138,1.125,1.13,1.131,-0.001,-0.0884,14758.0,1665.9673
159903.SZ,20160414,1.129,1.132,1.119,1.131,1.123,0.008,0.7124,13277.26,1496.3563
159903.SZ,20160413,1.1,1.135,1.1,1.123,1.108,0.015,1.3538,30852.31,3476.9392
159903.SZ,20160412,1.116,1.116,1.1,1.108,1.117,-0.009,-0.8057,15614.0,1727.1737
159903.SZ,20160411,1.105,1.12,1.105,1.117,1.097,0.02,1.8232,19649.88,2191.3431
159903.SZ,20160408,1.101,1.101,1.086,1.097,1.108,-0.011,-0.9928,15688.0,1715.4945
159903.SZ,20160407,1.128,1.128,1.106,1.108,1.122,-0.014,-1.2478,24516.0,2730.3701
159903.SZ,20160406,1.12,1.124,1.112,1.122,1.119,0.003,0.2681,13441.0,1503.7606
159903.SZ,20160405,1.086,1.12,1.086,1.119,1.091,0.028,2.5665,22708.0,2519.3825
159903.SZ,20160401,1.103,1.103,1.079,1.091,1.103,-0.012,-1.0879,13762.56,1496.4168
159903.SZ,20160331,1.104,1.111,1.094,1.103,1.096,0.007,0.6387,39884.75,4403.8983
159903.SZ,20160330,1.066,1.1,1.066,1.096,1.063,0.033,3.1044,22535.72,2449.2923
159903.SZ,20160329,1.078,1.096,1.0,1.063,1.078,-0.015,-1.3915,22865.0,2435.043
159903.SZ,20160328,1.085,1.106,1.077,1.078,1.086,-0.008,-0.7366,20582.0,2256.632
159903.SZ,20160325,1.079,1.09,1.078,1.086,1.089,-0.003,-0.2755,15771.0,1705.4709
159903.SZ,20160324,1.088,1.095,1.075,1.089,1.096,-0.007,-0.6387,18322.56,1991.9384
159903.SZ,20160323,1.086,1.096,1.081,1.096,1.086,0.01,0.9208,18395.57,2003.0386
159903.SZ,20160322,1.08,1.1,1.076,1.086,1.095,-0.009,-0.8219,33051.0,3601.0947
159903.SZ,20160321,1.077,1.095,1.063,1.095,1.064,0.031,2.9135,69488.35,7504.6596
159903.SZ,20160318,1.031,1.067,1.029,1.064,1.03,0.034,3.301,72032.25,7585.0826
159903.SZ,20160317,1.003,1.035,1.003,1.03,1.003,0.027,2.6919,54593.0,5567.0615
159903.SZ,20160316,1.011,1.024,0.993,1.003,1.009,-0.006,-0.5946,35119.0,3524.5312
159903.SZ,20160315,1.018,1.018,1.005,1.009,1.019,-0.01,-0.9814,13174.0,1331.0634
159903.SZ,20160314,1.0,1.028,1.0,1.019,0.993,0.026,2.6183,54217.48,5525.2123
159903.SZ,20160311,1.0,1.0,0.984,0.993,0.996,-0.003,-0.3012,24802.0,2457.9629
159903.SZ,20160310,1.011,1.017,0.996,0.996,1.007,-0.011,-1.0924,32814.0,3300.2487
159903.SZ,20160309,1.01,1.015,1.002,1.007,1.023,-0.016,-1.564,18317.0,1845.4389
159903.SZ,20160308,1.027,1.027,0.99,1.023,1.026,-0.003,-0.2924,27033.0,2722.5085
159903.SZ,20160307,1.007,1.035,1.007,1.026,1.01,0.016,1.5842,24267.31,2488.9643
159903.SZ,20160304,1.025,1.025,1.003,1.01,1.025,-0.015,-1.4634,25306.75,2560.8119
159903.SZ,20160303,1.022,1.039,1.016,1.025,1.02,0.005,0.4902,33200.28,3415.5576
159903.SZ,20160302,0.973,1.024,0.973,1.02,0.978,0.042,4.2945,45940.73,4610.6221
159903.SZ,20160301,0.96,0.983,0.953,0.978,0.956,0.022,2.3013,30489.27,2956.9698
159903.SZ,20160229,1.003,1.008,0.952,0.956,1.009,-0.053,-5.2527,47871.0,4623.5104
159903.SZ,20160226,1.01,1.015,0.993,1.009,1.003,0.006,0.5982,23620.0,2375.5051
159903.SZ,20160225,1.073,1.075,0.993,1.003,1.079,-0.076,-7.0436,53550.0,5493.2919
159903.SZ,20160224,1.075,1.085,1.06,1.079,1.076,0.003,0.2788,15508.89,1663.5915
159903.SZ,20160223,1.087,1.089,1.065,1.076,1.087,-0.011,-1.012,20005.87,2154.7769
159903.SZ,20160222,1.087,1.087,1.071,1.087,1.066,0.021,1.97,29472.15,3187.6427
159903.SZ,20160219,1.058,1.071,1.052,1.066,1.062,0.004,0.3766,24556.88,2606.4879
159903.SZ,20160218,1.07,1.079,1.06,1.062,1.07,-0.008,-0.7477,26368.88,2814.139
159903.SZ,20160217,1.06,1.07,1.048,1.07,1.062,0.008,0.7533,26797.25,2841.4004
159903.SZ,20160216,1.023,1.067,1.011,1.062,1.02,0.042,4.1176,47866.0,5036.0895
159903.SZ,20160215,1.0,1.025,0.995,1.02,1.019,0.001,0.0981,38339.0,3889.4325
159903.SZ,20160205,1.026,1.028,1.015,1.019,1.022,-0.003,-0.2935,76854.99,7856.0323
159903.SZ,20160204,1.016,1.028,1.003,1.022,1.01,0.012,1.1881,28725.38,2940.776
159903.SZ,20160203,1.002,1.013,0.992,1.01,1.002,0.008,0.7984,17909.0,1792.6315
159903.SZ,20160202,0.984,1.012,0.98,1.002,0.984,0.018,1.8293,23827.01,2389.4372
159903.SZ,20160201,0.996,0.999,0.97,0.984,1.0,-0.016,-1.6,28682.0,2819.6917
159903.SZ,20160129,0.964,1.008,0.964,1.0,0.97,0.03,3.0928,40202.89,3974.2351
159903.SZ,20160128,0.99,0.997,0.969,0.97,0.999,-0.029,-2.9029,29782.0,2928.0944
159903.SZ,20160127,1.014,1.02,0.968,0.999,1.012,-0.013,-1.2846,81706.0,8073.5918
159903.SZ,20160126,1.068,1.068,1.0,1.012,1.077,-0.065,-6.0353,55840.3,5810.4332
159903.SZ,20160125,1.057,1.084,1.057,1.077,1.066,0.011,1.0319,24067.3,2583.2375
159903.SZ,20160122,1.057,1.069,1.04,1.066,1.052,0.014,1.3308,24596.3,2596.9162
159903.SZ,20160121,1.07,1.096,1.052,1.052,1.085,-0.033,-3.0415,48487.29,5209.3081
159903.SZ,20160120,1.09,1.104,1.078,1.085,1.1,-0.015,-1.3636,38421.79,4191.8977
159903.SZ,20160119,1.067,1.102,1.064,1.1,1.07,0.03,2.8037,48336.73,5258.1177
159903.SZ,20160118,1.024,1.085,1.024,1.07,1.05,0.02,1.9048,38879.78,4128.0171
159903.SZ,20160115,1.09,1.09,1.04,1.05,1.089,-0.039,-3.5813,53502.77,5713.4388
159903.SZ,20160114,1.056,1.096,1.04,1.089,1.078,0.011,1.0204,85709.34,9124.5808
159903.SZ,20160113,1.11,1.11,1.062,1.078,1.1,-0.022,-2.0,60714.0,6582.2659
159903.SZ,20160112,1.1,1.128,1.089,1.1,1.096,0.004,0.365,71408.37,7876.4968
159903.SZ,20160111,1.14,1.142,1.096,1.096,1.153,-0.057,-4.9436,34875.0,3901.2191
159903.SZ,20160108,1.182,1.19,1.111,1.153,1.141,0.012,1.0517,50458.82,5800.6775
159903.SZ,20160107,1.22,1.22,1.124,1.141,1.234,-0.093,-7.5365,7544.0,887.8877
159903.SZ,20160106,1.217,1.237,1.2,1.234,1.216,0.018,1.4803,32461.88,3953.7185
159903.SZ,20160105,1.237,1.298,1.17,1.216,1.242,-0.026,-2.0934,96454.61,11861.6862
159903.SZ,20160104,1.344,1.344,1.242,1.242,1.337,-0.095,-7.1055,48282.95,6166.8484
159903.SZ,20151231,1.355,1.359,1.331,1.337,1.352,-0.015,-1.1095,15739.7,2114.3527
159903.SZ,20151230,1.34,1.353,1.337,1.352,1.338,0.014,1.0463,21060.75,2838.0894
159903.SZ,20151229,1.32,1.346,1.32,1.338,1.326,0.012,0.905,14347.69,1914.6696
159903.SZ,20151228,1.369,1.378,1.326,1.326,1.362,-0.036,-2.6432,53994.97,7343.8894
159903.SZ,20151225,1.352,1.367,1.352,1.362,1.356,0.006,0.4425,9350.0,1271.9606
159903.SZ,20151224,1.368,1.368,1.34,1.356,1.37,-0.014,-1.0219,19660.35,2657.0616
159903.SZ,20151223,1.38,1.385,1.367,1.37,1.382,-0.012,-0.8683,18515.23,2549.4396
159903.SZ,20151222,1.361,1.385,1.361,1.382,1.366,0.016,1.1713,43914.35,6019.9571
159903.SZ,20151221,1.357,1.368,1.345,1.366,1.35,0.016,1.1852,27290.1,3716.1525
159903.SZ,20151218,1.35,1.357,1.332,1.35,1.345,0.005,0.3717,29705.9,4005.1526
159903.SZ,20151217,1.315,1.349,1.315,1.345,1.314,0.031,2.3592,38330.78,5131.6446
159903.SZ,20151216,1.304,1.317,1.303,1.314,1.303,0.011,0.8442,33303.37,4363.5499
159903.SZ,20151215,1.297,1.309,1.297,1.303,1.297,0.006,0.4626,117548.11,15303.7637
159903.SZ,20151214,1.265,1.298,1.261,1.297,1.272,0.025,1.9654,17377.03,2222.351
159903.SZ,20151211,1.275,1.278,1.266,1.272,1.277,-0.005,-0.3915,10494.0,1334.3428
159903.SZ,20151210,1.274,1.288,1.271,1.277,1.274,0.003,0.2355,11719.0,1501.421
159903.SZ,20151209,1.27,1.279,1.266,1.274,1.27,0.004,0.315,10239.92,1303.6738
159903.SZ,20151208,1.296,1.296,1.266,1.27,1.296,-0.026,-2.0062,15493.41,1983.6923
159903.SZ,20151207,1.299,1.306,1.284,1.296,1.303,-0.007,-0.5372,35611.98,4612.9987
159903.SZ,20151204,1.304,1.306,1.28,1.303,1.307,-0.004,-0.306,34836.47,4517.9956
159903.SZ,20151203,1.297,1.313,1.282,1.307,1.297,0.01,0.771,25980.79,3371.444
159903.SZ,20151202,1.281,1.297,1.257,1.297,1.29,0.007,0.5426,81896.05,10424.0509
159903.SZ,20151201,1.285,1.296,1.28,1.29,1.286,0.004,0.311,13812.0,1776.6403
159903.SZ,20151130,1.265,1.288,1.25,1.286,1.275,0.011,0.8627,28470.2,3626.3972
159903.SZ,20151127,1.336,1.348,1.26,1.275,1.348,-0.073,-5.4154,90603.76,11879.7445
159903.SZ,20151126,1.36,1.363,1.345,1.348,1.358,-0.01,-0.7364,26065.59,3525.0757
159903.SZ,20151125,1.34,1.36,1.32,1.358,1.345,0.013,0.9665,208876.0,28208.4703
159903.SZ,20151124,1.327,1.345,1.312,1.345,1.328,0.017,1.2801,110249.28,14611.3622
159903.SZ,20151123,1.32,1.352,1.312,1.328,1.328,0.0,0.0,80395.11,10779.0635
159903.SZ,20151120,1.324,1.346,1.315,1.328,1.32,0.008,0.6061,62322.65,8310.752
159903.SZ,20151119,1.296,1.322,1.289,1.32,1.289,0.031,2.405,72902.13,9521.0225
159903.SZ,20151118,1.318,1.318,1.289,1.289,1.308,-0.019,-1.4526,26975.0,3515.6936
159903.SZ,20151117,1.328,1.348,1.295,1.308,1.319,-0.011,-0.834,23107.67,3066.9384
159903.SZ,20151116,1.272,1.323,1.271,1.319,1.292,0.027,2.0898,20479.13,2649.3013
159903.SZ,20151113,1.3,1.312,1.273,1.292,1.317,-0.025,-1.8983,25496.07,3309.9241
159903.SZ,20151112,1.328,1.328,1.303,1.317,1.328,-0.011,-0.8283,34547.22,4531.3784
159903.SZ,20151111,1.305,1.332,1.299,1.328,1.316,0.012,0.9119,51118.13,6733.4259
159903.SZ,20151110,1.289,1.322,1.285,1.316,1.298,0.018,1.3867,122833.5,16109.4572
159903.SZ,20151109,1.285,1.318,1.278,1.298,1.286,0.012,0.9331,72389.73,9379.6655
159903.SZ,20151106,1.244,1.288,1.244,1.286,1.249,0.037,2.9624,92684.97,11799.8302
159903.SZ,20151105,1.253,1.273,1.232,1.249,1.241,0.008,0.6446,174444.97,21811.4209
159903.SZ,20151104,1.18,1.242,1.18,1.241,1.18,0.061,5.1695,144492.58,17501.4494
159903.SZ,20151103,1.182,1.195,1.174,1.18,1.188,-0.008,-0.6734,19214.69,2272.5261
159903.SZ,20151102,1.186,1.212,1.183,1.188,1.214,-0.026,-2.1417,21378.14,2558.9547
159903.SZ,20151030,1.199,1.228,1.191,1.214,1.205,0.009,0.7469,85965.71,10366.1542
159903.SZ,20151029,1.202,1.214,1.186,1.205,1.196,0.009,0.7525,76899.28,9278.4315
159903.SZ,20151028,1.216,1.228,1.19,1.196,1.23,-0.034,-2.7642,22504.0,2732.4316
159903.SZ,20151027,1.202,1.233,1.17,1.23,1.218,0.012,0.9852,124004.39,15031.3732
159903.SZ,20151026,1.236,1.236,1.206,1.218,1.213,0.005,0.4122,91836.31,11184.1082
159903.SZ,20151023,1.168,1.218,1.168,1.213,1.18,0.033,2.7966,95713.3,11481.7262
159903.SZ,20151022,1.14,1.19,1.138,1.18,1.147,0.033,2.8771,148580.18,17195.3043
159903.SZ,20151021,1.192,1.198,1.137,1.147,1.193,-0.046,-3.8558,167573.96,19806.5601
159903.SZ,20151020,1.169,1.193,1.162,1.193,1.167,0.026,2.2279,156154.96,18411.1957
159903.SZ,20151019,1.172,1.175,1.153,1.167,1.168,-0.001,-0.0856,48737.0,5697.1323
159903.SZ,20151016,1.161,1.174,1.152,1.168,1.152,0.016,1.3889,124794.96,14549.0307
159903.SZ,20151015,1.116,1.153,1.116,1.152,1.122,0.03,2.6738,106328.92,12161.3419
159903.SZ,20151014,1.133,1.139,1.12,1.122,1.133,-0.011,-0.9709,122492.0,13866.0273
159903.SZ,20151013,1.119,1.137,1.11,1.133,1.129,0.004,0.3543,108706.91,12264.327
159903.SZ,20151012,1.085,1.136,1.076,1.129,1.075,0.054,5.0233,222169.06,24812.0287
159903.SZ,20151009,1.057,1.082,1.055,1.075,1.062,0.013,1.2241,77458.69,8293.048
159903.SZ,20151008,1.055,1.067,1.055,1.062,1.021,0.041,4.0157,117952.71,12504.1904
159903.SZ,20150930,1.021,1.028,1.011,1.021,1.018,0.003,0.2947,24578.78,2507.4557
159903.SZ,20150929,1.024,1.028,1.015,1.018,1.036,-0.018,-1.7375,32036.0,3263.2543
159903.SZ,20150928,1.02,1.038,1.008,1.036,1.016,0.02,1.9685,32875.0,3366.3481
159903.SZ,20150925,1.045,1.048,1.015,1.016,1.048,-0.032,-3.0534,49594.72,5108.2553
159903.SZ,20150924,1.05,1.059,1.042,1.048,1.038,0.01,0.9634,31886.66,3349.1653
159903.SZ,20150923,1.045,1.056,1.032,1.038,1.056,-0.018,-1.7045,98047.11,10247.909
159903.SZ,20150922,1.046,1.072,1.045,1.056,1.053,0.003,0.2849,74070.04,7856.2921
159903.SZ,20150921,1.018,1.065,1.008,1.053,1.025,0.028,2.7317,74207.12,7729.9097
159903.SZ,20150918,1.02,1.032,1.007,1.025,1.015,0.01,0.9852,78203.0,7979.2657
159903.SZ,20150917,1.029,1.055,1.004,1.015,1.047,-0.032,-3.0564,180369.0,18635.3779
159903.SZ,20150916,0.97,1.05,0.97,1.047,0.969,0.078,8.0495,101845.79,10342.1901
159903.SZ,20150915,1.0,1.01,0.968,0.969,1.017,-0.048,-4.7198,95483.78,9444.5919
159903.SZ,20150914,1.086,1.086,1.01,1.017,1.08,-0.063,-5.8333,100999.26,10592.3787
159903.SZ,20150911,1.083,1.098,1.07,1.08,1.075,0.005,0.4651,88914.99,9655.9197
159903.SZ,20150910,1.078,1.09,1.072,1.075,1.097,-0.022,-2.0055,78601.63,8511.0208
159903.SZ,20150909,1.073,1.104,1.067,1.097,1.07,0.027,2.5234,255593.59,27813.0828
159903.SZ,20150908,1.025,1.07,1.019,1.07,1.038,0.032,3.0829,97592.4,10194.4257
159903.SZ,20150907,1.036,1.08,1.026,1.038,1.03,0.008,0.7767,124600.06,13129.8988
159903.SZ,20150902,1.001,1.068,1.001,1.03,1.04,-0.01,-0.9615,130524.8,13490.1203
159903.SZ,20150901,1.08,1.08,1.023,1.04,1.077,-0.037,-3.4355,99743.15,10303.2371
159903.SZ,20150831,1.116,1.116,1.053,1.077,1.119,-0.042,-3.7534,99905.0,10857.9761
159903.SZ,20150828,1.067,1.126,1.065,1.119,1.067,0.052,4.8735,340088.95,36710.374
159903.SZ,20150827,1.039,1.067,1.01,1.067,1.014,0.053,5.2268,273921.42,28502.1975
159903.SZ,20150826,1.019,1.078,0.989,1.014,1.003,0.011,1.0967,259954.79,26988.023
159903.SZ,20150825,1.08,1.08,1.003,1.003,1.114,-0.111,-9.9641,213657.5,22097.2477
159903.SZ,20150824,1.186,1.199,1.114,1.114,1.238,-0.124,-10.0162,160245.55,18311.9162
159903.SZ,20150821,1.301,1.301,1.231,1.238,1.301,-0.063,-4.8424,91983.0,11570.1357
159903.SZ,20150820,1.338,1.342,1.301,1.301,1.339,-0.038,-2.8379,96504.72,12719.9438
159903.SZ,20150819,1.3,1.344,1.262,1.339,1.318,0.021,1.5933,68117.74,8791.6534
159903.SZ,20150818,1.392,1.4,1.313,1.318,1.393,-0.075,-5.3841,94853.83,12988.9107
159903.SZ,20150817,1.377,1.397,1.353,1.393,1.383,0.01,0.7231,74751.95,10317.1299
159903.SZ,20150814,1.394,1.402,1.377,1.383,1.39,-0.007,-0.5036,228349.21,31759.3247
159903.SZ,20150813,1.353,1.39,1.337,1.39,1.361,0.029,2.1308,120625.98,16544.0499
159903.SZ,20150812,1.357,1.378,1.355,1.361,1.364,-0.003,-0.2199,136348.42,18648.6254
159903.SZ,20150811,1.37,1.393,1.358,1.364,1.37,-0.006,-0.438,196141.77,26972.517
159903.SZ,20150810,1.318,1.376,1.315,1.37,1.313,0.057,4.3412,215098.27,29047.1937
159903.SZ,20150807,1.299,1.319,1.284,1.313,1.277,0.036,2.8191,155076.99,20242.7015
159903.SZ,20150806,1.27,1.29,1.258,1.277,1.28,-0.003,-0.2344,41568.48,5288.4719
159903.SZ,20150805,1.298,1.305,1.273,1.28,1.305,-0.025,-1.9157,118661.31,15329.0593
159903.SZ,20150804,1.232,1.308,1.229,1.305,1.224,0.081,6.6176,143246.92,18104.2139
159903.SZ,20150803,1.253,1.268,1.217,1.224,1.269,-0.045,-3.5461,86570.0,10687.0548
159903.SZ,20150731,1.252,1.289,1.248,1.269,1.278,-0.009,-0.7042,53465.61,6775.0484
159903.SZ,20150730,1.316,1.33,1.278,1.278,1.317,-0.039,-2.9613,89811.91,11766.8267
159903.SZ,20150729,1.275,1.317,1.25,1.317,1.27,0.047,3.7008,123888.61,15827.476
159903.SZ,20150728,1.238,1.308,1.211,1.27,1.269,0.001,0.0788,82839.33,10335.3721
159903.SZ,20150727,1.342,1.375,1.268,1.269,1.36,-0.091,-6.6912,176860.0,23452.4327
159903.SZ,20150724,1.415,1.425,1.359,1.36,1.412,-0.052,-3.6827,129082.77,18099.8675
159903.SZ,20150723,1.372,1.419,1.372,1.412,1.374,0.038,2.7656,194974.33,27226.2827
159903.SZ,20150722,1.372,1.388,1.35,1.374,1.371,0.003,0.2188,187115.41,25711.474
159903.SZ,20150721,1.349,1.392,1.327,1.371,1.366,0.005,0.366,151279.41,20688.8417
159903.SZ,20150720,1.347,1.385,1.32,1.366,1.348,0.018,1.3353,454959.19,61682.1792
159903.SZ,20150717,1.279,1.349,1.262,1.348,1.27,0.078,6.1417,185680.7,24405.8074
159903.SZ,20150716,1.185,1.294,1.166,1.27,1.217,0.053,4.355,211222.37,25997.8897
159903.SZ,20150715,1.301,1.31,1.21,1.217,1.32,-0.103,-7.803,172236.12,21667.9795
159903.SZ,20150714,1.311,1.359,1.276,1.32,1.36,-0.04,-2.9412,539052.87,71993.9203
159903.SZ,20150713,1.36,1.4,1.23,1.36,1.329,0.031,2.3326,659301.91,88746.6538
159903.SZ,20150710,1.22,1.329,1.22,1.329,1.208,0.121,10.0166,749059.07,98234.7932
159903.SZ,20150709,0.988,1.208,0.988,1.208,1.098,0.11,10.0182,502054.08,56542.6531
159903.SZ,20150708,1.098,1.098,1.098,1.098,1.22,-0.122,-10.0,38394.0,4215.6612
159903.SZ,20150707,1.3,1.313,1.22,1.22,1.356,-0.136,-10.0295,196750.69,24605.2248
159903.SZ,20150706,1.43,1.43,1.281,1.356,1.3,0.056,4.3077,213562.84,28828.6154
159903.SZ,20150703,1.37,1.398,1.29,1.3,1.385,-0.085,-6.1372,207240.61,27723.1484
159903.SZ,20150702,1.42,1.442,1.37,1.385,1.42,-0.035,-2.4648,258142.58,36082.7442
159903.SZ,20150701,1.478,1.51,1.386,1.42,1.491,-0.071,-4.7619,373310.15,55325.9134
159903.SZ,20150630,1.41,1.5,1.341,1.491,1.404,0.087,6.1966,332631.9,47157.1051
159903.SZ,20150629,1.5,1.535,1.38,1.404,1.482,-0.078,-5.2632,343988.98,49820.845
159903.SZ,20150626,1.62,1.62,1.472,1.482,1.635,-0.153,-9.3578,284565.47,43701.9576
159903.SZ,20150625,1.677,1.693,1.62,1.635,1.681,-0.046,-2.7365,168780.44,28235.8712
159903.SZ,20150624,1.721,1.726,1.669,1.681,1.72,-0.039,-2.2674,186925.69,31666.8912
159903.SZ,20150623,1.658,1.72,1.606,1.72,1.66,0.06,3.6145,176758.2,29365.9844
159903.SZ,20150619,1.724,1.729,1.656,1.66,1.745,-0.085,-4.8711,122763.09,20805.5713
159903.SZ,20150618,1.81,1.81,1.742,1.745,1.81,-0.065,-3.5912,616562.59,110410.5082
159903.SZ,20150617,1.759,1.81,1.724,1.81,1.759,0.051,2.8994,548787.18,95961.1763
159903.SZ,20150616,1.821,1.821,1.742,1.759,1.823,-0.064,-3.5107,587484.75,104899.2447
159903.SZ,20150615,1.873,1.88,1.822,1.823,1.873,-0.05,-2.6695,506868.78,94558.5667
159903.SZ,20150612,1.846,1.877,1.842,1.873,1.841,0.032,1.7382,333487.07,61933.9866
159903.SZ,20150611,1.815,1.843,1.813,1.841,1.822,0.019,1.0428,321639.55,58866.0775
159903.SZ,20150610,1.76,1.84,1.758,1.822,1.786,0.036,2.0157,186860.99,33736.5848
159903.SZ,20150609,1.797,1.812,1.76,1.786,1.798,-0.012,-0.6674,219526.0,39237.3932
159903.SZ,20150608,1.817,1.82,1.773,1.798,1.824,-0.026,-1.4254,243566.28,43612.9587
159903.SZ,20150605,1.83,1.862,1.801,1.824,1.83,-0.006,-0.3279,144161.99,26474.8574
159903.SZ,20150604,1.823,1.831,1.719,1.83,1.823,0.007,0.384,240188.43,42480.9466
159903.SZ,20150603,1.829,1.847,1.78,1.823,1.829,-0.006,-0.328,194696.7,35244.4002
159903.SZ,20150602,1.77,1.829,1.763,1.829,1.78,0.049,2.7528,177370.9,31663.5381
159903.SZ,20150601,1.664,1.781,1.664,1.78,1.666,0.114,6.8427,2523828.2,432548.0778
159903.SZ,20150529,1.67,1.701,1.59,1.666,1.671,-0.005,-0.2992,2039032.98,339834.246
159903.SZ,20150528,1.759,1.783,1.66,1.671,1.759,-0.088,-5.0028,359354.27,62369.0816
159903.SZ,20150527,1.757,1.776,1.721,1.759,1.763,-0.004,-0.2269,230958.45,40553.1063
159903.SZ,20150526,1.71,1.763,1.7,1.763,1.71,0.053,3.0994,255046.51,44037.2687
159903.SZ,20150525,1.668,1.71,1.642,1.71,1.676,0.034,2.0286,243642.03,41057.3268
159903.SZ,20150522,1.666,1.688,1.633,1.676,1.656,0.02,1.2077,303578.68,50516.6952
159903.SZ,20150521,1.59,1.658,1.585,1.656,1.611,0.045,2.7933,340973.91,55400.6983
159903.SZ,20150520,1.585,1.64,1.585,1.611,1.58,0.031,1.962,365680.11,59248.3347
159903.SZ,20150519,1.537,1.58,1.537,1.58,1.537,0.043,2.7977,129356.31,20104.5314
159903.SZ,20150518,1.534,1.548,1.525,1.537,1.543,-0.006,-0.3889,229612.45,35377.3624
159903.SZ,20150515,1.568,1.571,1.531,1.543,1.58,-0.037,-2.3418,267038.7,41374.6678
159903.SZ,20150514,1.591,1.607,1.572,1.58,1.589,-0.009,-0.5664,313168.41,49661.763
159903.SZ,20150513,1.58,1.6,1.568,1.589,1.584,0.005,0.3157,387288.33,61468.2583
159903.SZ,20150512,1.575,1.585,1.563,1.584,1.576,0.008,0.5076,319106.83,50204.3838
159903.SZ,20150511,1.535,1.576,1.517,1.576,1.523,0.053,3.48,316867.7,49012.7608
159903.SZ,20150508,1.494,1.523,1.489,1.523,1.481,0.042,2.8359,338881.02,51011.9836
159903.SZ,20150507,1.483,1.497,1.468,1.481,1.485,-0.004,-0.2694,355785.1,52859.7149
159903.SZ,20150506,1.497,1.532,1.472,1.485,1.495,-0.01,-0.6689,400821.49,60409.7487
159903.SZ,20150505,1.56,1.561,1.486,1.495,1.561,-0.066,-4.2281,382310.04,58085.2255
159903.SZ,20150504,1.559,1.571,1.544,1.561,1.559,0.002,0.1283,294154.18,45915.8037
159903.SZ,20150430,1.566,1.58,1.559,1.559,1.565,-0.006,-0.3834,302509.45,47483.1355
159903.SZ,20150429,1.544,1.565,1.53,1.565,1.541,0.024,1.5574,273460.39,42426.4115
159903.SZ,20150428,1.56,1.57,1.532,1.541,1.553,-0.012,-0.7727,205986.02,31952.5699
159903.SZ,20150427,1.54,1.566,1.536,1.553,1.53,0.023,1.5033,206747.32,32046.5945
159903.SZ,20150424,1.527,1.55,1.511,1.53,1.544,-0.014,-0.9067,237461.15,36338.8947
159903.SZ,20150423,1.546,1.56,1.526,1.544,1.544,0.0,0.0,344702.08,53117.4838
159903.SZ,20150422,1.519,1.544,1.511,1.544,1.52,0.024,1.5789,234757.19,35922.7236
159903.SZ,20150421,1.454,1.52,1.45,1.52,1.45,0.07,4.8276,465982.91,69645.1807
159903.SZ,20150420,1.483,1.495,1.446,1.45,1.481,-0.031,-2.0932,310033.43,45588.9251
159903.SZ,20150417,1.469,1.493,1.469,1.481,1.466,0.015,1.0232,355932.4,52734.4064
159903.SZ,20150416,1.427,1.473,1.414,1.466,1.432,0.034,2.3743,256848.04,37108.0059
159903.SZ,20150415,1.468,1.468,1.431,1.432,1.47,-0.038,-2.585,289192.48,41921.5796
159903.SZ,20150414,1.483,1.489,1.46,1.47,1.484,-0.014,-0.9434,681872.11,100427.7423
159903.SZ,20150413,1.473,1.486,1.464,1.484,1.473,0.011,0.7468,373885.83,55261.8851
159903.SZ,20150410,1.438,1.473,1.421,1.473,1.441,0.032,2.2207,298105.45,43404.8977
159903.SZ,20150409,1.45,1.457,1.416,1.441,1.448,-0.007,-0.4834,558964.82,80150.9842
159903.SZ,20150408,1.44,1.449,1.412,1.448,1.443,0.005,0.3465,426457.03,61199.8501
159903.SZ,20150407,1.423,1.444,1.423,1.443,1.411,0.032,2.2679,269461.39,38636.7054
159903.SZ,20150403,1.4,1.414,1.392,1.411,1.406,0.005,0.3556,332753.67,46737.6126
159903.SZ,20150402,1.408,1.417,1.388,1.406,1.401,0.005,0.3569,402458.06,56541.1264
159903.SZ,20150401,1.38,1.409,1.374,1.401,1.38,0.021,1.5217,378732.08,52762.3095
159903.SZ,20150331,1.399,1.416,1.371,1.38,1.38,0.0,0.0,1078858.5,151016.0814
159903.SZ,20150330,1.347,1.39,1.34,1.38,1.347,0.033,2.4499,444921.73,61042.0947
159903.SZ,20150327,1.334,1.356,1.334,1.347,1.333,0.014,1.0503,203240.11,27335.3614
159903.SZ,20150326,1.334,1.345,1.321,1.333,1.336,-0.003,-0.2246,186643.79,24863.6273
159903.SZ,20150325,1.338,1.345,1.326,1.336,1.338,-0.002,-0.1495,260736.62,34844.4657
159903.SZ,20150324,1.34,1.348,1.309,1.338,1.34,-0.002,-0.1493,298254.59,39750.7052
159903.SZ,20150323,1.324,1.342,1.322,1.34,1.313,0.027,2.0564,832705.97,111028.3378
159903.SZ,20150320,1.301,1.326,1.287,1.313,1.301,0.012,0.9224,239360.11,31359.333
159903.SZ,20150319,1.314,1.319,1.294,1.301,1.312,-0.011,-0.8384,305301.66,39877.7074
159903.SZ,20150318,1.279,1.312,1.278,1.312,1.276,0.036,2.8213,332631.79,43197.5454
159903.SZ,20150317,1.268,1.277,1.251,1.276,1.26,0.016,1.2698,418397.6,53090.5347
159903.SZ,20150316,1.229,1.26,1.219,1.26,1.226,0.034,2.7732,404847.24,50515.6342
159903.SZ,20150313,1.221,1.231,1.211,1.226,1.221,0.005,0.4095,241654.44,29630.8665
159903.SZ,20150312,1.21,1.226,1.208,1.221,1.209,0.012,0.9926,234732.62,28514.8806
159903.SZ,20150311,1.211,1.225,1.204,1.209,1.211,-0.002,-0.1652,334715.8,40684.5289
159903.SZ,20150310,1.207,1.22,1.201,1.211,1.211,0.0,0.0,389841.75,47262.8772
159903.SZ,20150309,1.194,1.211,1.172,1.211,1.196,0.015,1.2542,368442.58,43870.2131
159903.SZ,20150306,1.211,1.219,1.194,1.196,1.211,-0.015,-1.2386,297069.94,35820.3995
159903.SZ,20150305,1.218,1.23,1.204,1.211,1.222,-0.011,-0.9002,268287.05,32455.414
159903.SZ,20150304,1.206,1.229,1.206,1.222,1.212,0.01,0.8251,227037.72,27605.3132
159903.SZ,20150303,1.24,1.244,1.208,1.212,1.248,-0.036,-2.8846,404313.38,49644.6711
159903.SZ,20150302,1.242,1.253,1.236,1.248,1.232,0.016,1.2987,238734.16,29723.4429
159903.SZ,20150227,1.231,1.238,1.217,1.232,1.231,0.001,0.0812,156146.73,19239.0733
159903.SZ,20150226,1.206,1.231,1.203,1.231,1.207,0.024,1.9884,217596.4,26475.0031
159903.SZ,20150225,1.232,1.233,1.204,1.207,1.229,-0.022,-1.7901,144914.17,17656.3689
159903.SZ,20150217,1.219,1.234,1.205,1.229,1.217,0.012,0.986,160316.92,19662.9344
159903.SZ,20150216,1.202,1.218,1.191,1.217,1.199,0.018,1.5013,214729.84,25943.8112
159903.SZ,20150213,1.191,1.213,1.187,1.199,1.187,0.012,1.011,221525.45,26603.414
159903.SZ,20150212,1.18,1.192,1.17,1.187,1.183,0.004,0.3381,235588.96,27838.6933
159903.SZ,20150211,1.17,1.187,1.161,1.183,1.169,0.014,1.1976,253223.43,29889.2471
159903.SZ,20150210,1.142,1.169,1.139,1.169,1.142,0.027,2.3643,300417.67,34681.1977
159903.SZ,20150209,1.148,1.152,1.121,1.142,1.133,0.009,0.7944,342741.28,39032.6189
159903.SZ,20150206,1.155,1.163,1.125,1.133,1.163,-0.03,-2.5795,426418.16,48771.7621
159903.SZ,20150205,1.189,1.193,1.162,1.163,1.168,-0.005,-0.4281,331621.06,39201.8045
159903.SZ,20150204,1.181,1.193,1.166,1.168,1.181,-0.013,-1.1008,218682.36,25839.4428
159903.SZ,20150203,1.156,1.181,1.154,1.181,1.152,0.029,2.5174,248879.28,29050.851
159903.SZ,20150202,1.166,1.168,1.148,1.152,1.174,-0.022,-1.8739,284941.7,32945.8475
159903.SZ,20150130,1.178,1.192,1.17,1.174,1.179,-0.005,-0.4241,277044.69,32718.1269
159903.SZ,20150129,1.18,1.189,1.17,1.179,1.192,-0.013,-1.0906,205967.78,24333.3919
159903.SZ,20150128,1.212,1.212,1.186,1.192,1.219,-0.027,-2.2149,204319.71,24460.2531
159903.SZ,20150127,1.215,1.233,1.195,1.219,1.224,-0.005,-0.4085,293938.31,35763.234
159903.SZ,20150126,1.2,1.228,1.2,1.224,1.2,0.024,2.0,369235.73,44781.2256
159903.SZ,20150123,1.204,1.215,1.191,1.2,1.205,-0.005,-0.4149,242470.83,29191.2293
159903.SZ,20150122,1.194,1.208,1.173,1.205,1.194,0.011,0.9213,298126.1,35692.428
159903.SZ,20150121,1.158,1.195,1.15,1.194,1.154,0.04,3.4662,250759.33,29437.6021
159903.SZ,20150120,1.124,1.157,1.124,1.154,1.123,0.031,2.7605,358279.55,41001.8474
159903.SZ,20150119,1.18,1.18,1.106,1.123,1.209,-0.086,-7.1133,262533.61,30148.8627
159903.SZ,20150116,1.21,1.214,1.201,1.209,1.204,0.005,0.4153,156298.77,18869.9853
159903.SZ,20150115,1.178,1.204,1.172,1.204,1.178,0.026,2.2071,147207.2,17474.4425
159903.SZ,20150114,1.192,1.199,1.171,1.178,1.189,-0.011,-0.9251,1237275.76,147121.0638
159903.SZ,20150113,1.18,1.196,1.17,1.189,1.188,0.001,0.0842,304549.43,36176.3836
159903.SZ,20150112,1.181,1.196,1.166,1.188,1.188,0.0,0.0,290170.71,34291.8775
159903.SZ,20150109,1.198,1.23,1.183,1.188,1.202,-0.014,-1.1647,313836.91,37996.5678
159903.SZ,20150108,1.22,1.225,1.192,1.202,1.218,-0.016,-1.3136,208994.97,25264.6048
159903.SZ,20150107,1.229,1.229,1.207,1.218,1.229,-0.011,-0.895,410860.3,50068.0164
159903.SZ,20150106,1.209,1.24,1.194,1.229,1.216,0.013,1.0691,762472.96,93162.4107
159903.SZ,20150105,1.166,1.224,1.166,1.216,1.165,0.051,4.3777,732761.0,87689.2624
159903.SZ,20141231,1.132,1.165,1.123,1.165,1.124,0.041,3.6477,295358.49,33806.63
159903.SZ,20141230,1.126,1.14,1.118,1.124,1.133,-0.009,-0.7944,2400231.81,272169.0676
159903.SZ,20141229,1.146,1.152,1.122,1.133,1.138,-0.005,-0.4394,316313.98,36161.1849
159903.SZ,20141226,1.101,1.138,1.093,1.138,1.101,0.037,3.3606,254062.35,28389.883
159903.SZ,20141225,1.083,1.105,1.083,1.101,1.078,0.023,2.1336,230182.91,25160.1308
159903.SZ,20141224,1.111,1.12,1.07,1.078,1.109,-0.031,-2.7953,378684.06,41272.2363
159903.SZ,20141223,1.11,1.134,1.1,1.109,1.112,-0.003,-0.2698,299916.27,33712.7834
159903.SZ,20141222,1.116,1.128,1.098,1.112,1.117,-0.005,-0.4476,298504.2,33319.0033
159903.SZ,20141219,1.114,1.121,1.091,1.117,1.12,-0.003,-0.2679,182026.85,20237.3462
159903.SZ,20141218,1.13,1.138,1.118,1.12,1.135,-0.015,-1.3216,236965.28,26740.9435
159903.SZ,20141217,1.12,1.135,1.107,1.135,1.118,0.017,1.5206,322799.45,36206.2949
159903.SZ,20141216,1.103,1.119,1.093,1.118,1.103,0.015,1.3599,362043.22,40130.9585
159903.SZ,20141215,1.1,1.105,1.08,1.103,1.1,0.003,0.2727,391196.81,42745.6601
159903.SZ,20141212,1.102,1.115,1.092,1.1,1.102,-0.002,-0.1815,339365.04,37427.2237
159903.SZ,20141211,1.095,1.13,1.093,1.102,1.109,-0.007,-0.6312,522437.57,57966.2198
159903.SZ,20141210,1.06,1.11,1.06,1.109,1.068,0.041,3.839,537509.86,58394.339
159903.SZ,20141209,1.115,1.16,1.063,1.068,1.122,-0.054,-4.8128,890519.58,99557.3992
159903.SZ,20141208,1.054,1.126,1.034,1.122,1.069,0.053,4.9579,753271.24,82470.7281
159903.SZ,20141205,1.071,1.086,1.024,1.069,1.07,-0.001,-0.0935,654465.21,69217.1186
159903.SZ,20141204,1.019,1.071,0.998,1.07,1.018,0.052,5.1081,729120.44,75279.3529
159903.SZ,20141203,0.992,1.039,0.992,1.018,0.991,0.027,2.7245,969573.15,99306.4715
159903.SZ,20141202,0.955,0.995,0.95,0.991,0.959,0.032,3.3368,337262.84,32728.0284
159903.SZ,20141201,0.949,0.967,0.944,0.959,0.949,0.01,1.0537,428566.55,41033.0538
159903.SZ,20141128,0.931,0.95,0.924,0.949,0.932,0.017,1.824,537392.78,50184.9588
159903.SZ,20141127,0.924,0.932,0.921,0.932,0.921,0.011,1.1944,404555.19,37460.1501
159903.SZ,20141126,0.915,0.924,0.914,0.921,0.915,0.006,0.6557,448113.37,41159.2219
159903.SZ,20141125,0.906,0.915,0.9,0.915,0.904,0.011,1.2168,300258.16,27273.2322
159903.SZ,20141124,0.892,0.911,0.886,0.904,0.879,0.025,2.8441,578335.24,51991.8358
159903.SZ,20141121,0.864,0.881,0.864,0.879,0.864,0.015,1.7361,455159.12,39638.3767
159903.SZ,20141120,0.867,0.867,0.862,0.864,0.867,-0.003,-0.346,262565.63,22700.8311
159903.SZ,20141119,0.862,0.871,0.862,0.867,0.864,0.003,0.3472,227421.3,19719.3623
159903.SZ,20141118,0.872,0.874,0.862,0.864,0.872,-0.008,-0.9174,244134.18,21165.922
159903.SZ,20141117,0.877,0.883,0.872,0.872,0.876,-0.004,-0.4566,294064.0,25806.6237
159903.SZ,20141114,0.873,0.879,0.868,0.876,0.874,0.002,0.2288,292953.33,25593.7087
159903.SZ,20141113,0.882,0.886,0.874,0.874,0.884,-0.01,-1.1312,1043744.1,91664.6965
159903.SZ,20141112,0.873,0.885,0.871,0.884,0.875,0.009,1.0286,1486298.78,130529.3246
159903.SZ,20141111,0.888,0.895,0.868,0.875,0.885,-0.01,-1.1299,1495784.75,131341.0351
159903.SZ,20141110,0.872,0.886,0.87,0.885,0.867,0.018,2.0761,511512.65,44858.5815
159903.SZ,20141107,0.867,0.879,0.862,0.867,0.865,0.002,0.2312,462258.84,40194.2924
159903.SZ,20141106,0.863,0.867,0.857,0.865,0.863,0.002,0.2317,143442.11,12371.2637
159903.SZ,20141105,0.865,0.867,0.862,0.863,0.864,-0.001,-0.1157,171654.96,14845.7728
159903.SZ,20141104,0.867,0.868,0.862,0.864,0.868,-0.004,-0.4608,203934.95,17643.036
159903.SZ,20141103,0.868,0.873,0.864,0.868,0.867,0.001,0.1153,243718.96,21194.8784
159903.SZ,20141031,0.851,0.868,0.851,0.867,0.851,0.016,1.8801,554894.17,47736.9653
159903.SZ,20141030,0.852,0.854,0.847,0.851,0.851,0.0,0.0,175766.69,14956.1214
159903.SZ,20141029,0.843,0.854,0.839,0.851,0.841,0.01,1.1891,454284.36,38502.6467
159903.SZ,20141028,0.828,0.842,0.827,0.841,0.825,0.016,1.9394,325854.84,27183.4586
159903.SZ,20141027,0.834,0.834,0.823,0.825,0.834,-0.009,-1.0791,396417.7,32745.7974
159903.SZ,20141024,0.84,0.843,0.833,0.834,0.84,-0.006,-0.7143,415317.11,34850.1931
159903.SZ,20141023,0.848,0.852,0.838,0.84,0.85,-0.01,-1.1765,392975.89,33262.7725
159903.SZ,20141022,0.855,0.86,0.849,0.85,0.855,-0.005,-0.5848,274040.3,23431.697
159903.SZ,20141021,0.863,0.865,0.854,0.855,0.865,-0.01,-1.1561,177619.77,15270.53
159903.SZ,20141020,0.856,0.867,0.856,0.865,0.859,0.006,0.6985,331728.77,28664.7655
159903.SZ,20141017,0.855,0.862,0.846,0.859,0.856,0.003,0.3505,432709.3,36972.193
159903.SZ,20141016,0.86,0.867,0.856,0.856,0.864,-0.008,-0.9259,296869.21,25589.637
159903.SZ,20141015,0.859,0.865,0.853,0.864,0.858,0.006,0.6993,307015.76,26428.7654
159903.SZ,20141014,0.857,0.865,0.854,0.858,0.859,-0.001,-0.1164,251208.31,21562.8173
159903.SZ,20141013,0.864,0.864,0.853,0.859,0.866,-0.007,-0.8083,301345.15,25819.9176
159903.SZ,20141010,0.863,0.871,0.859,0.866,0.864,0.002,0.2315,353819.61,30610.3015
159903.SZ,20141009,0.865,0.868,0.857,0.864,0.863,0.001,0.1159,140115.95,12106.578
159903.SZ,20141008,0.862,0.864,0.851,0.863,0.853,0.01,1.1723,181131.16,15535.5163
159903.SZ,20140930,0.851,0.854,0.85,0.853,0.851,0.002,0.235,96083.36,8187.7899
159903.SZ,20140929,0.851,0.855,0.848,0.851,0.851,0.0,0.0,139537.77,11881.4222
159903.SZ,20140926,0.848,0.852,0.845,0.851,0.851,0.0,0.0,121721.74,10327.9466
159903.SZ,20140925,0.856,0.863,0.847,0.851,0.856,-0.005,-0.5841,377584.56,32373.0505
159903.SZ,20140924,0.839,0.856,0.837,0.856,0.84,0.016,1.9048,362798.16,30778.6845
159903.SZ,20140923,0.832,0.842,0.832,0.84,0.832,0.008,0.9615,398440.88,33358.3824
159903.SZ,20140922,0.848,0.848,0.831,0.832,0.849,-0.017,-2.0024,357782.14,29982.5514
159903.SZ,20140919,0.842,0.851,0.841,0.849,0.843,0.006,0.7117,239782.17,20295.6088
159903.SZ,20140918,0.839,0.845,0.838,0.843,0.842,0.001,0.1188,211095.3,17773.9484
159903.SZ,20140917,0.837,0.843,0.833,0.842,0.836,0.006,0.7177,236024.58,19784.3224
159903.SZ,20140916,0.856,0.859,0.835,0.836,0.855,-0.019,-2.2222,346736.47,29362.5979
159903.SZ,20140915,0.859,0.859,0.849,0.855,0.859,-0.004,-0.4657,203313.31,17347.287
159903.SZ,20140912,0.856,0.86,0.851,0.859,0.856,0.003,0.3505,121926.36,10425.7697
159903.SZ,20140911,0.86,0.871,0.853,0.856,0.861,-0.005,-0.5807,345991.81,29760.9012
159903.SZ,20140910,0.862,0.862,0.855,0.861,0.864,-0.003,-0.3472,96598.89,8293.497
159903.SZ,20140909,0.865,0.867,0.86,0.864,0.866,-0.002,-0.2309,112487.77,9707.987
159903.SZ,20140905,0.863,0.868,0.86,0.866,0.863,0.003,0.3476,267003.95,23092.1416
159903.SZ,20140904,0.856,0.864,0.855,0.863,0.856,0.007,0.8178,435785.38,37461.2851
159903.SZ,20140903,0.851,0.859,0.851,0.856,0.848,0.008,0.9434,534803.23,45748.633
159903.SZ,20140902,0.837,0.85,0.835,0.848,0.837,0.011,1.3142,675475.83,56820.4414
159903.SZ,20140901,0.828,0.837,0.828,0.837,0.827,0.01,1.2092,494278.95,41186.7569
159903.SZ,20140829,0.818,0.828,0.818,0.827,0.818,0.009,1.1002,407848.81,33563.8616
159903.SZ,20140828,0.828,0.829,0.817,0.818,0.828,-0.01,-1.2077,478132.88,39317.0762
159903.SZ,20140827,0.824,0.831,0.824,0.828,0.825,0.003,0.3636,497260.0,41208.8863
159903.SZ,20140826,0.837,0.838,0.822,0.825,0.838,-0.013,-1.5513,453601.63,37655.7929
159903.SZ,20140825,0.852,0.852,0.837,0.838,0.851,-0.013,-1.5276,358605.13,30165.6854
159903.SZ,20140822,0.842,0.852,0.842,0.851,0.844,0.007,0.8294,245132.03,20792.3661
159903.SZ,20140821,0.847,0.847,0.835,0.844,0.848,-0.004,-0.4717,180202.93,15163.9442
159903.SZ,20140820,0.846,0.851,0.845,0.848,0.848,0.0,0.0,257029.35,21773.2389
159903.SZ,20140819,0.847,0.851,0.842,0.848,0.847,0.001,0.1181,257988.63,21851.2401
159903.SZ,20140818,0.842,0.849,0.841,0.847,0.841,0.006,0.7134,313302.46,26467.7211
159903.SZ,20140815,0.834,0.845,0.83,0.841,0.831,0.01,1.2034,512325.41,43013.8334
159903.SZ,20140814,0.841,0.844,0.83,0.831,0.842,-0.011,-1.3064,483545.49,40569.6389
159903.SZ,20140813,0.838,0.847,0.833,0.842,0.838,0.004,0.4773,289800.69,24337.5478
159903.SZ,20140812,0.842,0.842,0.836,0.838,0.843,-0.005,-0.5931,326048.51,27370.9144
159903.SZ,20140811,0.834,0.846,0.833,0.843,0.83,0.013,1.5663,440448.65,36963.3506
159903.SZ,20140808,0.829,0.835,0.826,0.83,0.829,0.001,0.1206,271473.78,22560.8389
159903.SZ,20140807,0.843,0.845,0.829,0.829,0.842,-0.013,-1.5439,509525.14,42675.8415
159903.SZ,20140806,0.841,0.846,0.83,0.842,0.843,-0.001,-0.1186,375624.82,31484.0974
159903.SZ,20140805,0.845,0.846,0.838,0.843,0.844,-0.001,-0.1185,244639.98,20591.5791
159903.SZ,20140804,0.832,0.844,0.832,0.844,0.831,0.013,1.5644,326136.46,27332.4955
159903.SZ,20140801,0.836,0.845,0.83,0.831,0.838,-0.007,-0.8353,663564.4,55607.1356
159903.SZ,20140731,0.825,0.838,0.823,0.838,0.826,0.012,1.4528,515755.75,42813.6798
159903.SZ,20140730,0.825,0.834,0.823,0.826,0.827,-0.001,-0.1209,338892.5,28066.5577
159903.SZ,20140729,0.826,0.831,0.82,0.827,0.825,0.002,0.2424,586589.12,48454.8551
159903.SZ,20140728,0.801,0.826,0.801,0.825,0.799,0.026,3.2541,898128.25,73412.36
159903.SZ,20140725,0.795,0.8,0.791,0.799,0.791,0.008,1.0114,522819.03,41527.0971
159903.SZ,20140724,0.778,0.791,0.778,0.791,0.778,0.013,1.671,609383.19,47931.6377
159903.SZ,20140723,0.779,0.781,0.774,0.778,0.778,0.0,0.0,441117.99,34336.1625
159903.SZ,20140722,0.766,0.78,0.765,0.778,0.767,0.011,1.4342,481602.9,37290.7065
159903.SZ,20140721,0.767,0.769,0.765,0.767,0.766,0.001,0.1305,151402.03,11613.9919
159903.SZ,20140718,0.756,0.771,0.755,0.766,0.757,0.009,1.1889,361585.84,27690.2744
159903.SZ,20140717,0.766,0.766,0.754,0.757,0.766,-0.009,-1.1749,191056.42,14488.5393
159903.SZ,20140716,0.771,0.773,0.766,0.766,0.77,-0.004,-0.5195,220253.0,16930.5143
159903.SZ,20140715,0.765,0.771,0.765,0.77,0.768,0.002,0.2604,460760.09,35415.5387
159903.SZ,20140714,0.76,0.768,0.758,0.768,0.759,0.009,1.1858,161531.92,12314.8722
159903.SZ,20140711,0.756,0.763,0.753,0.759,0.755,0.004,0.5298,139667.09,10598.7944
159903.SZ,20140710,0.76,0.76,0.754,0.755,0.758,-0.003,-0.3958,148622.63,11238.9821
159903.SZ,20140709,0.773,0.774,0.758,0.758,0.774,-0.016,-2.0672,209302.52,16007.1726
159903.SZ,20140708,0.77,0.774,0.765,0.774,0.769,0.005,0.6502,307518.11,23704.4099
159903.SZ,20140707,0.771,0.775,0.768,0.769,0.771,-0.002,-0.2594,248469.46,19183.4833
159903.SZ,20140704,0.773,0.774,0.77,0.771,0.771,0.0,0.0,68982.85,5323.0191
159903.SZ,20140703,0.766,0.774,0.766,0.771,0.769,0.002,0.2601,332911.81,25657.4893
159903.SZ,20140702,0.769,0.77,0.763,0.769,0.769,0.0,0.0,295519.03,22676.0714
159903.SZ,20140701,0.773,0.775,0.767,0.769,0.772,-0.003,-0.3886,79610.34,6132.151
159903.SZ,20140630,0.77,0.775,0.769,0.772,0.769,0.003,0.3901,212708.36,16431.5309
159903.SZ,20140627,0.765,0.773,0.765,0.769,0.766,0.003,0.3916,352549.74,27123.6648
159903.SZ,20140626,0.758,0.769,0.758,0.766,0.758,0.008,1.0554,416527.69,31893.0703
159903.SZ,20140625,0.76,0.76,0.755,0.758,0.761,-0.003,-0.3942,311686.45,23620.8373
159903.SZ,20140624,0.756,0.762,0.756,0.761,0.757,0.004,0.5284,312568.47,23740.5324
159903.SZ,20140623,0.757,0.763,0.756,0.757,0.757,0.0,0.0,235344.43,17885.2122
159903.SZ,20140620,0.754,0.759,0.752,0.757,0.755,0.002,0.2649,174872.28,13237.4152
159903.SZ,20140619,0.767,0.77,0.753,0.755,0.767,-0.012,-1.5645,180861.59,13800.0982
159903.SZ,20140618,0.774,0.774,0.767,0.767,0.772,-0.005,-0.6477,185230.77,14263.2057
159903.SZ,20140617,0.779,0.779,0.771,0.772,0.78,-0.008,-1.0256,130255.32,10082.2914
159903.SZ,20140616,0.778,0.781,0.775,0.78,0.778,0.002,0.2571,437501.59,34058.6837
159903.SZ,20140613,0.769,0.781,0.766,0.778,0.767,0.011,1.4342,176678.05,13726.0987
159903.SZ,20140612,0.77,0.77,0.766,0.767,0.771,-0.004,-0.5188,112331.0,8628.4593
159903.SZ,20140611,0.77,0.773,0.767,0.771,0.772,-0.001,-0.1295,203797.94,15690.2154
159903.SZ,20140610,0.758,0.772,0.758,0.772,0.759,0.013,1.7128,610767.68,46694.9926
159903.SZ,20140609,0.757,0.767,0.757,0.759,0.759,0.0,0.0,138953.82,10597.0237
159903.SZ,20140606,0.764,0.765,0.756,0.759,0.764,-0.005,-0.6545,329736.58,25092.1608
159903.SZ,20140605,0.755,0.764,0.754,0.764,0.756,0.008,1.0582,690587.48,52334.9657
159903.SZ,20140604,0.764,0.764,0.751,0.756,0.765,-0.009,-1.1765,269027.93,20379.5936
159903.SZ,20140603,0.771,0.774,0.765,0.765,0.771,-0.006,-0.7782,312304.97,24048.9233
159903.SZ,20140530,0.768,0.774,0.764,0.771,0.768,0.003,0.3906,277608.23,21358.1751
159903.SZ,20140529,0.774,0.777,0.767,0.768,0.773,-0.005,-0.6468,160153.18,12357.755
159903.SZ,20140528,0.76,0.773,0.757,0.773,0.76,0.013,1.7105,467906.21,35847.1615
159903.SZ,20140527,0.757,0.763,0.757,0.76,0.76,0.0,0.0,349554.75,26604.4901
159903.SZ,20140526,0.76,0.764,0.755,0.76,0.758,0.002,0.2639,287468.78,21813.1321
159903.SZ,20140523,0.752,0.758,0.749,0.758,0.751,0.007,0.9321,718078.47,54196.548
159903.SZ,20140522,0.754,0.763,0.751,0.751,0.754,-0.003,-0.3979,362116.95,27436.7773
159903.SZ,20140521,0.748,0.754,0.741,0.754,0.747,0.007,0.9371,667971.74,49987.6587
159903.SZ,20140520,0.75,0.755,0.745,0.747,0.747,0.0,0.0,123743.0,9289.177
159903.SZ,20140519,0.754,0.754,0.743,0.747,0.756,-0.009,-1.1905,221238.4,16510.0218
159903.SZ,20140516,0.755,0.76,0.751,0.756,0.754,0.002,0.2653,201878.43,15266.4114
159903.SZ,20140515,0.761,0.764,0.753,0.754,0.764,-0.01,-1.3089,80084.32,6073.6954
159903.SZ,20140514,0.761,0.77,0.761,0.764,0.763,0.001,0.1311,374838.19,28706.8697
159903.SZ,20140513,0.766,0.768,0.762,0.763,0.765,-0.002,-0.2614,306804.75,23522.8936
159903.SZ,20140512,0.752,0.767,0.75,0.765,0.748,0.017,2.2727,1071938.51,81231.6851
159903.SZ,20140509,0.751,0.751,0.742,0.748,0.75,-0.002,-0.2667,257959.96,19249.4242
159903.SZ,20140508,0.753,0.763,0.748,0.75,0.753,-0.003,-0.3984,310989.42,23481.914
159903.SZ,20140507,0.76,0.76,0.751,0.753,0.76,-0.007,-0.9211,246385.07,18594.1604
159903.SZ,20140506,0.758,0.768,0.758,0.76,0.76,0.0,0.0,262635.0,20049.7091
159903.SZ,20140505,0.758,0.764,0.75,0.76,0.76,0.0,0.0,512743.24,38680.1678
159903.SZ,20140430,0.766,0.766,0.758,0.76,0.765,-0.005,-0.6536,376929.22,28677.2622
159903.SZ,20140429,0.753,0.765,0.75,0.765,0.755,0.01,1.3245,197281.33,14938.1396
159903.SZ,20140428,0.761,0.764,0.751,0.755,0.765,-0.01,-1.3072,350015.92,26429.8197
159903.SZ,20140425,0.773,0.774,0.76,0.765,0.769,-0.004,-0.5202,453976.72,34843.2929
159903.SZ,20140424,0.769,0.776,0.768,0.769,0.771,-0.002,-0.2594,631615.91,48701.5004
159903.SZ,20140423,0.765,0.776,0.765,0.771,0.765,0.006,0.7843,687958.94,53035.351
159903.SZ,20140422,0.763,0.767,0.756,0.765,0.762,0.003,0.3937,184232.96,14072.6179
159903.SZ,20140421,0.77,0.777,0.761,0.762,0.774,-0.012,-1.5504,573138.13,44238.9196
159903.SZ,20140418,0.773,0.776,0.767,0.774,0.775,-0.001,-0.129,637585.21,49210.8103
159903.SZ,20140417,0.776,0.779,0.772,0.775,0.775,0.0,0.0,117787.57,9128.1413
159903.SZ,20140416,0.771,0.78,0.77,0.775,0.773,0.002,0.2587,227199.27,17619.9666
159903.SZ,20140415,0.788,0.788,0.773,0.773,0.788,-0.015,-1.9036,111829.24,8716.966
159903.SZ,20140414,0.785,0.79,0.783,0.788,0.788,0.0,0.0,119370.88,9380.4343
159903.SZ,20140411,0.782,0.79,0.781,0.788,0.786,0.002,0.2545,222168.63,17465.5434
159903.SZ,20140410,0.781,0.789,0.775,0.786,0.78,0.006,0.7692,262525.89,20473.1166
159903.SZ,20140409,0.779,0.784,0.776,0.78,0.779,0.001,0.1284,215415.7,16807.6329
159903.SZ,20140408,0.763,0.782,0.762,0.779,0.765,0.014,1.8301,376639.88,29053.9233
159903.SZ,20140404,0.758,0.766,0.753,0.765,0.756,0.009,1.1905,146142.58,11107.1287
159903.SZ,20140403,0.763,0.768,0.756,0.756,0.762,-0.006,-0.7874,252507.69,19269.3392
159903.SZ,20140402,0.755,0.764,0.755,0.762,0.755,0.007,0.9272,259521.68,19725.5307
159903.SZ,20140401,0.745,0.758,0.745,0.755,0.746,0.009,1.2064,427612.77,32237.0492
159903.SZ,20140331,0.744,0.756,0.741,0.746,0.743,0.003,0.4038,438085.41,32817.8777
159903.SZ,20140328,0.742,0.751,0.741,0.743,0.745,-0.002,-0.2685,358467.94,26746.1471
159903.SZ,20140327,0.748,0.755,0.743,0.745,0.752,-0.007,-0.9309,285330.78,21368.1751
159903.SZ,20140326,0.753,0.756,0.75,0.752,0.753,-0.001,-0.1328,133880.11,10076.7536
159903.SZ,20140325,0.751,0.759,0.749,0.753,0.754,-0.001,-0.1326,306718.79,23128.0095
159903.SZ,20140324,0.75,0.758,0.745,0.754,0.751,0.003,0.3995,289604.72,21725.2668
159903.SZ,20140321,0.723,0.753,0.722,0.751,0.725,0.026,3.5862,729915.19,53956.5272
159903.SZ,20140320,0.739,0.747,0.725,0.725,0.741,-0.016,-2.1592,706024.24,51878.4197
159903.SZ,20140319,0.752,0.752,0.736,0.741,0.754,-0.013,-1.7241,471229.55,34924.5853
159903.SZ,20140318,0.762,0.763,0.753,0.754,0.761,-0.007,-0.9198,325646.16,24661.5266
159903.SZ,20140317,0.752,0.761,0.752,0.761,0.751,0.01,1.3316,385291.43,29188.9592
159903.SZ,20140314,0.753,0.759,0.747,0.751,0.759,-0.008,-1.054,345110.42,25996.7987
159903.SZ,20140313,0.75,0.762,0.749,0.759,0.749,0.01,1.3351,462174.98,35006.8521
159903.SZ,20140312,0.746,0.757,0.741,0.749,0.747,0.002,0.2677,746433.75,55912.5347
159903.SZ,20140311,0.739,0.753,0.737,0.747,0.74,0.007,0.9459,499575.21,37278.343
159903.SZ,20140310,0.754,0.754,0.738,0.74,0.761,-0.021,-2.7595,373858.46,27907.1449
159903.SZ,20140307,0.759,0.765,0.758,0.761,0.762,-0.001,-0.1312,188523.81,14353.5574
159903.SZ,20140306,0.755,0.764,0.745,0.762,0.756,0.006,0.7937,357750.84,26969.6162
159903.SZ,20140305,0.761,0.763,0.755,0.756,0.76,-0.004,-0.5263,163847.3,12432.5454
159903.SZ,20140304,0.763,0.765,0.753,0.76,0.765,-0.005,-0.6536,209141.17,15869.7937
159903.SZ,20140303,0.759,0.768,0.758,0.765,0.763,0.002,0.2621,190780.28,14565.3187
159903.SZ,20140228,0.745,0.765,0.744,0.763,0.745,0.018,2.4161,386648.92,29180.4314
159903.SZ,20140227,0.763,0.763,0.744,0.745,0.761,-0.016,-2.1025,279919.69,21055.8489
159903.SZ,20140226,0.755,0.762,0.75,0.761,0.76,0.001,0.1316,303026.19,22911.5532
159903.SZ,20140225,0.78,0.784,0.755,0.76,0.783,-0.023,-2.9374,479373.26,36893.6404
159903.SZ,20140224,0.798,0.798,0.774,0.783,0.803,-0.02,-2.4907,334276.18,26155.1918
159903.SZ,20140221,0.812,0.814,0.799,0.803,0.812,-0.009,-1.1084,191375.07,15414.3592
159903.SZ,20140220,0.825,0.829,0.812,0.812,0.825,-0.013,-1.5758,187349.21,15356.5049
159903.SZ,20140219,0.809,0.827,0.809,0.825,0.812,0.013,1.601,242449.31,19845.3722
159903.SZ,20140218,0.825,0.825,0.809,0.812,0.824,-0.012,-1.4563,259104.7,21085.8002
159903.SZ,20140217,0.82,0.824,0.815,0.824,0.818,0.006,0.7335,292947.85,24016.1464
159903.SZ,20140214,0.812,0.818,0.811,0.818,0.816,0.002,0.2451,311350.6,25368.0611
159903.SZ,20140213,0.817,0.822,0.813,0.816,0.819,-0.003,-0.3663,311401.07,25479.1645
159903.SZ,20140212,0.81,0.82,0.808,0.819,0.812,0.007,0.8621,983646.8,79928.3396
159903.SZ,20140211,0.809,0.818,0.807,0.812,0.812,0.0,0.0,316835.48,25753.6403
159903.SZ,20140210,0.792,0.813,0.792,0.812,0.79,0.022,2.7848,290597.4,23428.9435
159903.SZ,20140207,0.781,0.791,0.777,0.79,0.787,0.003,0.3812,131455.39,10290.8539
159903.SZ,20140130,0.8,0.8,0.785,0.787,0.8,-0.013,-1.625,145825.0,11539.8292
159903.SZ,20140129,0.802,0.809,0.799,0.8,0.804,-0.004,-0.4975,98871.59,7933.3072
159903.SZ,20140128,0.804,0.812,0.797,0.804,0.802,0.002,0.2494,695371.9,56179.6387
159903.SZ,20140127,0.811,0.815,0.8,0.802,0.815,-0.013,-1.5951,139188.07,11198.7143
159903.SZ,20140124,0.806,0.821,0.805,0.815,0.807,0.008,0.9913,261680.54,21313.9337
159903.SZ,20140123,0.813,0.815,0.805,0.807,0.813,-0.006,-0.738,155947.14,12610.6074
159903.SZ,20140122,0.791,0.813,0.788,0.813,0.788,0.025,3.1726,319362.17,25583.0659
159903.SZ,20140121,0.781,0.793,0.781,0.788,0.781,0.007,0.8963,184416.22,14536.6535
159903.SZ,20140120,0.782,0.786,0.775,0.781,0.784,-0.003,-0.3827,117650.85,9190.8961
159903.SZ,20140117,0.794,0.794,0.782,0.784,0.794,-0.01,-1.2594,244491.99,19271.719
159903.SZ,20140116,0.794,0.801,0.793,0.794,0.797,-0.003,-0.3764,772722.25,61594.3471
159903.SZ,20140115,0.797,0.798,0.79,0.797,0.795,0.002,0.2516,1408021.45,111678.4235
159903.SZ,20140114,0.785,0.796,0.784,0.795,0.786,0.009,1.145,511024.44,40356.5616
159903.SZ,20140113,0.794,0.798,0.781,0.786,0.795,-0.009,-1.1321,157790.48,12467.163
159903.SZ,20140110,0.804,0.804,0.794,0.795,0.804,-0.009,-1.1194,260930.78,20798.6496
159903.SZ,20140109,0.81,0.817,0.803,0.804,0.809,-0.005,-0.618,239014.12,19368.0445
159903.SZ,20140108,0.811,0.819,0.806,0.809,0.81,-0.001,-0.1235,163966.2,13302.0972
159903.SZ,20140107,0.81,0.815,0.805,0.81,0.811,-0.001,-0.1233,98770.63,8005.4204
159903.SZ,20140106,0.829,0.829,0.808,0.811,0.831,-0.02,-2.4067,225643.52,18386.1527
159903.SZ,20140103,0.842,0.842,0.829,0.831,0.842,-0.011,-1.3064,150570.91,12544.4491
159903.SZ,20140102,0.84,0.844,0.837,0.842,0.844,-0.002,-0.237,142339.51,11963.0931
159903.SZ,20131231,0.828,0.845,0.827,0.844,0.832,0.012,1.4423,1982978.8,165596.3845
159903.SZ,20131230,0.839,0.84,0.83,0.832,0.836,-0.004,-0.4785,882713.66,73405.866
159903.SZ,20131227,0.823,0.841,0.821,0.836,0.823,0.013,1.5796,172587.0,14375.6436
159903.SZ,20131226,0.843,0.843,0.821,0.823,0.842,-0.019,-2.2565,317855.55,26304.9591
159903.SZ,20131225,0.836,0.844,0.832,0.842,0.834,0.008,0.9592,149651.0,12561.7939
159903.SZ,20131224,0.831,0.845,0.828,0.834,0.831,0.003,0.361,129105.57,10807.5269
159903.SZ,20131223,0.831,0.834,0.823,0.831,0.831,0.0,0.0,238301.87,19761.1923
159903.SZ,20131220,0.848,0.849,0.829,0.831,0.847,-0.016,-1.889,879893.33,73260.7996
159903.SZ,20131219,0.857,0.86,0.846,0.847,0.856,-0.009,-1.0514,297224.45,25320.5318
159903.SZ,20131218,0.854,0.858,0.853,0.856,0.854,0.002,0.2342,117658.18,10068.9138
159903.SZ,20131217,0.861,0.863,0.853,0.854,0.859,-0.005,-0.5821,286467.96,24576.8516
159903.SZ,20131216,0.875,0.875,0.859,0.859,0.875,-0.016,-1.8286,49063.95,4251.183
159903.SZ,20131213,0.866,0.88,0.865,0.875,0.872,0.003,0.344,135209.87,11812.2358
159903.SZ,20131212,0.873,0.877,0.87,0.872,0.873,-0.001,-0.1145,100918.65,8812.4848
159903.SZ,20131211,0.884,0.884,0.87,0.873,0.888,-0.015,-1.6892,867491.41,75964.4451
159903.SZ,20131210,0.886,0.893,0.885,0.888,0.885,0.003,0.339,200864.6,17855.7883
159903.SZ,20131209,0.886,0.893,0.882,0.885,0.886,-0.001,-0.1129,115839.73,10267.3713
159903.SZ,20131206,0.894,0.894,0.883,0.886,0.89,-0.004,-0.4494,128075.95,11359.8609
159903.SZ,20131205,0.894,0.897,0.889,0.89,0.893,-0.003,-0.3359,123158.33,10986.3096
159903.SZ,20131204,0.88,0.9,0.879,0.893,0.883,0.01,1.1325,314875.56,28137.5089
159903.SZ,20131203,0.872,0.886,0.868,0.883,0.873,0.01,1.1455,180913.93,15878.8029
159903.SZ,20131202,0.882,0.893,0.869,0.873,0.887,-0.014,-1.5784,342133.28,30152.1788
159903.SZ,20131129,0.889,0.891,0.886,0.887,0.889,-0.002,-0.225,115575.88,10267.6339
159903.SZ,20131128,0.877,0.897,0.877,0.889,0.877,0.012,1.3683,276308.67,24550.3607
159903.SZ,20131127,0.87,0.882,0.868,0.877,0.872,0.005,0.5734,316328.95,27735.1863
159903.SZ,20131126,0.872,0.874,0.867,0.872,0.872,0.0,0.0,162072.03,14108.3544
159903.SZ,20131125,0.874,0.882,0.868,0.872,0.876,-0.004,-0.4566,235866.6,20657.9405
159903.SZ,20131122,0.882,0.885,0.874,0.876,0.881,-0.005,-0.5675,149850.62,13172.047
159903.SZ,20131121,0.882,0.883,0.869,0.881,0.885,-0.004,-0.452,225329.94,19711.7375
159903.SZ,20131120,0.885,0.889,0.877,0.885,0.88,0.005,0.5682,149130.79,13140.571
159903.SZ,20131119,0.888,0.888,0.877,0.88,0.887,-0.007,-0.7892,207344.54,18277.4755
159903.SZ,20131118,0.865,0.887,0.865,0.887,0.865,0.022,2.5434,302231.98,26417.9631
159903.SZ,20131115,0.85,0.876,0.85,0.865,0.848,0.017,2.0047,278137.09,24088.8826
159903.SZ,20131114,0.844,0.85,0.839,0.848,0.845,0.003,0.355,125402.57,10597.2899
159903.SZ,20131113,0.858,0.858,0.843,0.845,0.862,-0.017,-1.9722,327065.24,27847.8783
159903.SZ,20131112,0.852,0.863,0.849,0.862,0.85,0.012,1.4118,281899.72,24176.4614
159903.SZ,20131111,0.847,0.854,0.841,0.85,0.847,0.003,0.3542,222532.15,18847.274
159903.SZ,20131108,0.853,0.859,0.846,0.847,0.857,-0.01,-1.1669,143918.51,12277.8138
159903.SZ,20131107,0.863,0.863,0.852,0.857,0.863,-0.006,-0.6952,217333.58,18651.8228
159903.SZ,20131106,0.878,0.878,0.862,0.863,0.879,-0.016,-1.8203,160846.8,13992.2422
159903.SZ,20131105,0.872,0.881,0.862,0.879,0.878,0.001,0.1139,139776.12,12159.4228
159903.SZ,20131104,0.881,0.887,0.874,0.878,0.88,-0.002,-0.2273,569010.66,49881.0332
159903.SZ,20131101,0.882,0.885,0.872,0.88,0.883,-0.003,-0.3398,146717.98,12881.2816
159903.SZ,20131031,0.887,0.888,0.878,0.883,0.889,-0.006,-0.6749,162107.31,14311.5653
159903.SZ,20131030,0.873,0.89,0.87,0.889,0.87,0.019,2.1839,917211.39,80609.872
159903.SZ,20131029,0.87,0.883,0.855,0.87,0.869,0.001,0.1151,381993.78,33208.0218
159903.SZ,20131028,0.872,0.874,0.864,0.869,0.87,-0.001,-0.1149,100643.65,8745.4113
159903.SZ,20131025,0.885,0.89,0.866,0.87,0.882,-0.012,-1.3605,139746.95,12270.008
159903.SZ,20131024,0.885,0.889,0.877,0.882,0.885,-0.003,-0.339,184953.67,16340.5402
159903.SZ,20131023,0.897,0.906,0.883,0.885,0.897,-0.012,-1.3378,131407.75,11742.9049
159903.SZ,20131022,0.906,0.91,0.895,0.897,0.908,-0.011,-1.2115,71416.05,6432.4412
159903.SZ,20131021,0.893,0.909,0.892,0.908,0.892,0.016,1.7937,118163.39,10666.1851
159903.SZ,20131018,0.89,0.895,0.883,0.892,0.885,0.007,0.791,72070.79,6412.0028
159903.SZ,20131017,0.895,0.897,0.885,0.885,0.89,-0.005,-0.5618,50627.01,4513.9266
159903.SZ,20131016,0.9,0.903,0.884,0.89,0.905,-0.015,-1.6575,98288.07,8760.2002
159903.SZ,20131015,0.909,0.911,0.896,0.905,0.911,-0.006,-0.6586,76703.87,6934.7734
159903.SZ,20131014,0.91,0.916,0.905,0.911,0.908,0.003,0.3304,103574.42,9442.6646
159903.SZ,20131011,0.904,0.913,0.902,0.908,0.902,0.006,0.6652,112010.17,10181.0811
159903.SZ,20131010,0.902,0.906,0.896,0.902,0.901,0.001,0.111,91394.7,8247.3729
159903.SZ,20131009,0.902,0.902,0.895,0.901,0.905,-0.004,-0.442,113576.8,10211.841
159903.SZ,20131008,0.876,0.905,0.876,0.905,0.885,0.02,2.2599,170051.79,15212.7722
159903.SZ,20130930,0.883,0.889,0.88,0.885,0.883,0.002,0.2265,128071.52,11307.4524
159903.SZ,20130927,0.879,0.885,0.876,0.883,0.877,0.006,0.6842,141097.1,12437.6404
159903.SZ,20130926,0.89,0.894,0.876,0.877,0.894,-0.017,-1.9016,299082.76,26468.0955
159903.SZ,20130925,0.9,0.905,0.893,0.894,0.901,-0.007,-0.7769,97390.7,8751.7292
159903.SZ,20130924,0.905,0.906,0.89,0.901,0.904,-0.003,-0.3319,266137.78,23926.9757
159903.SZ,20130923,0.884,0.907,0.884,0.904,0.88,0.024,2.7273,189400.4,16979.2217
159903.SZ,20130918,0.88,0.884,0.873,0.88,0.884,-0.004,-0.4525,160285.28,14102.0295
159903.SZ,20130917,0.897,0.897,0.882,0.884,0.9,-0.016,-1.7778,147444.19,13120.0215
159903.SZ,20130916,0.902,0.907,0.896,0.9,0.901,-0.001,-0.111,154741.0,13956.1118
159903.SZ,20130913,0.904,0.913,0.9,0.901,0.905,-0.004,-0.442,143104.13,12949.5622
159903.SZ,20130912,0.896,0.909,0.893,0.905,0.9,0.005,0.5556,206788.97,18611.179
159903.SZ,20130911,0.894,0.905,0.894,0.9,0.894,0.006,0.6711,243864.33,21939.9048
159903.SZ,20130910,0.881,0.895,0.881,0.894,0.88,0.014,1.5909,192015.88,17002.9461
159903.SZ,20130909,0.862,0.881,0.86,0.88,0.86,0.02,2.3256,274982.55,23946.1664
159903.SZ,20130906,0.858,0.868,0.857,0.86,0.86,0.0,0.0,138882.21,11945.9171
159903.SZ,20130905,0.865,0.867,0.858,0.86,0.865,-0.005,-0.578,82023.02,7072.4463
159903.SZ,20130904,0.869,0.871,0.864,0.865,0.869,-0.004,-0.4603,79969.92,6943.4175
159903.SZ,20130903,0.853,0.869,0.853,0.869,0.854,0.015,1.7564,148576.18,12830.4696
159903.SZ,20130902,0.852,0.857,0.845,0.854,0.85,0.004,0.4706,93987.7,8001.1265
159903.SZ,20130830,0.85,0.859,0.846,0.85,0.851,-0.001,-0.1175,188004.32,15998.9888
159903.SZ,20130829,0.857,0.861,0.846,0.851,0.854,-0.003,-0.3513,136436.71,11612.2724
159903.SZ,20130828,0.863,0.865,0.847,0.854,0.865,-0.011,-1.2717,190395.64,16326.5636
159903.SZ,20130827,0.865,0.867,0.858,0.865,0.865,0.0,0.0,106294.87,9173.2599
159903.SZ,20130826,0.847,0.866,0.847,0.865,0.845,0.02,2.3669,211194.94,18133.6551
159903.SZ,20130823,0.858,0.863,0.831,0.845,0.855,-0.01,-1.1696,193306.66,16373.1945
159903.SZ,20130822,0.852,0.865,0.852,0.855,0.856,-0.001,-0.1168,178567.82,15349.8706
159903.SZ,20130821,0.852,0.858,0.848,0.856,0.853,0.003,0.3517,137054.67,11695.1425
159903.SZ,20130820,0.855,0.867,0.85,0.853,0.858,-0.005,-0.5828,196657.06,16896.299
159903.SZ,20130819,0.844,0.868,0.838,0.858,0.846,0.012,1.4184,200424.25,17091.0027
159903.SZ,20130816,0.849,0.881,0.845,0.846,0.852,-0.006,-0.7042,457143.74,39234.605
159903.SZ,20130815,0.865,0.869,0.851,0.852,0.863,-0.011,-1.2746,150684.12,12995.8964
159903.SZ,20130814,0.868,0.88,0.86,0.863,0.867,-0.004,-0.4614,226912.98,19760.3735
159903.SZ,20130813,0.87,0.871,0.861,0.867,0.87,-0.003,-0.3448,148905.3,12880.9125
159903.SZ,20130812,0.847,0.87,0.847,0.87,0.846,0.024,2.8369,285086.35,24444.4141
159903.SZ,20130809,0.843,0.852,0.834,0.846,0.839,0.007,0.8343,187220.22,15767.9438
159903.SZ,20130808,0.839,0.849,0.837,0.839,0.837,0.002,0.2389,193440.98,16273.2837
159903.SZ,20130807,0.844,0.856,0.837,0.837,0.844,-0.007,-0.8294,179425.85,15193.2209
159903.SZ,20130806,0.831,0.849,0.828,0.844,0.835,0.009,1.0778,150764.12,12649.6206
159903.SZ,20130805,0.822,0.836,0.822,0.835,0.827,0.008,0.9674,153718.6,12751.4809
159903.SZ,20130802,0.826,0.838,0.825,0.827,0.824,0.003,0.3641,244477.64,20315.6535
159903.SZ,20130801,0.808,0.828,0.808,0.824,0.808,0.016,1.9802,268175.01,21994.7925
159903.SZ,20130731,0.811,0.825,0.805,0.808,0.801,0.007,0.8739,140822.47,11485.2742
159903.SZ,20130730,0.796,0.814,0.791,0.801,0.796,0.005,0.6281,204226.69,16405.8336
159903.SZ,20130729,0.81,0.81,0.793,0.796,0.814,-0.018,-2.2113,126731.03,10117.8601
159903.SZ,20130726,0.816,0.819,0.806,0.814,0.821,-0.007,-0.8526,122515.4,9957.3751
159903.SZ,20130725,0.82,0.83,0.813,0.821,0.823,-0.002,-0.243,151265.78,12452.252
159903.SZ,20130724,0.823,0.829,0.81,0.823,0.823,0.0,0.0,178895.24,14657.5087
159903.SZ,20130723,0.797,0.828,0.797,0.823,0.797,0.026,3.2622,342074.46,27930.6498
159903.SZ,20130722,0.792,0.8,0.781,0.797,0.792,0.005,0.6313,189235.54,14997.61
159903.SZ,20130719,0.818,0.822,0.792,0.792,0.818,-0.026,-3.1785,315390.0,25481.659
159903.SZ,20130718,0.83,0.836,0.816,0.818,0.832,-0.014,-1.6827,211165.5,17371.1636
159903.SZ,20130717,0.845,0.85,0.831,0.832,0.848,-0.016,-1.8868,302063.27,25367.2792
159903.SZ,20130716,0.841,0.85,0.833,0.848,0.841,0.007,0.8323,496352.76,41731.5398
159903.SZ,20130715,0.829,0.854,0.827,0.841,0.828,0.013,1.57,453122.74,38087.2952
159903.SZ,20130712,0.85,0.853,0.825,0.828,0.849,-0.021,-2.4735,192720.3,16132.1045
159903.SZ,20130711,0.812,0.858,0.807,0.849,0.805,0.044,5.4658,605840.11,50775.7696
159903.SZ,20130710,0.783,0.809,0.78,0.805,0.784,0.021,2.6786,199090.15,15812.5601
159903.SZ,20130709,0.784,0.793,0.782,0.784,0.788,-0.004,-0.5076,122125.79,9597.8965
159903.SZ,20130708,0.799,0.804,0.785,0.788,0.809,-0.021,-2.5958,133202.37,10592.576
159903.SZ,20130705,0.805,0.82,0.805,0.809,0.806,0.003,0.3722,132348.9,10775.1997
159903.SZ,20130704,0.79,0.814,0.784,0.806,0.792,0.014,1.7677,202991.66,16285.1084
159903.SZ,20130703,0.793,0.799,0.782,0.792,0.8,-0.008,-1.0,229703.03,18132.4249
159903.SZ,20130702,0.793,0.803,0.79,0.8,0.795,0.005,0.6289,130433.1,10379.3748
159903.SZ,20130701,0.789,0.796,0.776,0.795,0.791,0.004,0.5057,226037.29,17810.4403
159903.SZ,20130628,0.776,0.807,0.77,0.791,0.78,0.011,1.4103,467175.06,37050.9513
159903.SZ,20130627,0.783,0.795,0.777,0.78,0.778,0.002,0.2571,266439.33,20933.1563
159903.SZ,20130626,0.775,0.782,0.765,0.778,0.774,0.004,0.5168,321722.15,24911.9156
159903.SZ,20130625,0.776,0.781,0.725,0.774,0.781,-0.007,-0.8963,636617.96,48361.2777
159903.SZ,20130624,0.835,0.835,0.775,0.781,0.837,-0.056,-6.6906,317130.12,25364.5067
159903.SZ,20130621,0.83,0.844,0.821,0.837,0.844,-0.007,-0.8294,451252.64,37493.4278
159903.SZ,20130620,0.864,0.864,0.837,0.844,0.866,-0.022,-2.5404,205176.92,17463.5881
159903.SZ,20130619,0.866,0.867,0.848,0.866,0.871,-0.005,-0.5741,250037.92,21434.1942
159903.SZ,20130618,0.865,0.874,0.858,0.871,0.863,0.008,0.927,138236.17,11973.8839
159903.SZ,20130617,0.872,0.875,0.86,0.863,0.872,-0.009,-1.0321,90515.56,7833.6048
159903.SZ,20130614,0.869,0.875,0.867,0.872,0.867,0.005,0.5767,95664.32,8334.2017
159903.SZ,20130613,0.885,0.89,0.858,0.867,0.899,-0.032,-3.5595,289953.89,25197.0798
159903.SZ,20130607,0.925,0.926,0.895,0.899,0.924,-0.025,-2.7056,637138.61,57470.1784
159903.SZ,20130606,0.935,0.937,0.922,0.924,0.936,-0.012,-1.2821,169716.95,15740.5006
159903.SZ,20130605,0.932,0.937,0.928,0.936,0.932,0.004,0.4292,147864.52,13791.9581
159903.SZ,20130604,0.943,0.946,0.93,0.932,0.946,-0.014,-1.4799,160077.69,14983.4071
159903.SZ,20130603,0.945,0.955,0.94,0.946,0.946,0.0,0.0,114367.48,10857.8513
159903.SZ,20130531,0.958,0.963,0.946,0.946,0.96,-0.014,-1.4583,102789.07,9816.679
159903.SZ,20130530,0.961,0.963,0.955,0.96,0.964,-0.004,-0.4149,88331.0,8476.789
159903.SZ,20130529,0.966,0.972,0.961,0.964,0.964,0.0,0.0,216973.8,20975.8741
159903.SZ,20130528,0.947,0.966,0.94,0.964,0.945,0.019,2.0106,213626.22,20322.8372
159903.SZ,20130527,0.949,0.953,0.942,0.945,0.953,-0.008,-0.8395,98992.76,9374.7376
159903.SZ,20130524,0.947,0.958,0.941,0.953,0.946,0.007,0.74,106860.33,10142.0587
159903.SZ,20130523,0.958,0.965,0.943,0.946,0.96,-0.014,-1.4583,168957.9,16159.9331
159903.SZ,20130522,0.96,0.97,0.951,0.96,0.958,0.002,0.2088,141465.03,13608.2186
159903.SZ,20130521,0.949,0.96,0.949,0.958,0.951,0.007,0.7361,164718.65,15730.3398
159903.SZ,20130520,0.949,0.96,0.946,0.951,0.947,0.004,0.4224,248145.72,23681.9399
159903.SZ,20130517,0.927,0.947,0.925,0.947,0.927,0.02,2.1575,241738.89,22684.0193
159903.SZ,20130516,0.904,0.928,0.898,0.927,0.903,0.024,2.6578,186867.54,17093.3145
159903.SZ,20130515,0.898,0.906,0.898,0.903,0.898,0.005,0.5568,69772.98,6303.4912
159903.SZ,20130514,0.916,0.92,0.895,0.898,0.921,-0.023,-2.4973,177744.06,16065.0525
159903.SZ,20130513,0.926,0.93,0.915,0.921,0.925,-0.004,-0.4324,65963.76,6085.4477
159903.SZ,20130510,0.916,0.93,0.916,0.925,0.921,0.004,0.4343,69136.77,6389.9241
159903.SZ,20130509,0.926,0.929,0.914,0.921,0.926,-0.005,-0.54,65306.49,6012.9056
159903.SZ,20130508,0.921,0.936,0.921,0.926,0.919,0.007,0.7617,128217.01,11915.2112
159903.SZ,20130507,0.917,0.925,0.911,0.919,0.917,0.002,0.2181,102675.81,9435.6629
159903.SZ,20130506,0.905,0.919,0.904,0.917,0.903,0.014,1.5504,102236.79,9345.4731
159903.SZ,20130503,0.891,0.915,0.891,0.903,0.889,0.014,1.5748,241087.22,21828.0453
159903.SZ,20130502,0.885,0.89,0.878,0.889,0.885,0.004,0.452,84591.67,7478.5445
159903.SZ,20130426,0.895,0.902,0.883,0.885,0.896,-0.011,-1.2277,228102.28,20385.1755
159903.SZ,20130425,0.907,0.912,0.895,0.896,0.91,-0.014,-1.5385,184591.75,16642.7125
159903.SZ,20130424,0.898,0.916,0.893,0.91,0.896,0.014,1.5625,211254.64,19117.1064
159903.SZ,20130423,0.925,0.925,0.896,0.896,0.925,-0.029,-3.1351,174879.35,15776.377
159903.SZ,20130422,0.926,0.934,0.92,0.925,0.928,-0.003,-0.3233,111615.5,10338.075
159903.SZ,20130419,0.908,0.934,0.908,0.928,0.908,0.02,2.2026,570856.53,52750.9253
159903.SZ,20130418,0.906,0.918,0.9,0.908,0.908,0.0,0.0,130323.45,11842.9733
159903.SZ,20130417,0.903,0.911,0.901,0.908,0.902,0.006,0.6652,180002.22,16302.8966
159903.SZ,20130416,0.887,0.904,0.883,0.902,0.891,0.011,1.2346,211702.19,18933.0411
159903.SZ,20130415,0.899,0.9,0.887,0.891,0.901,-0.01,-1.1099,141684.3,12621.7896
159903.SZ,20130412,0.91,0.915,0.901,0.901,0.91,-0.009,-0.989,108576.67,9849.3002
159903.SZ,20130411,0.918,0.924,0.909,0.91,0.914,-0.004,-0.4376,105497.5,9675.3832
159903.SZ,20130410,0.914,0.917,0.907,0.914,0.916,-0.002,-0.2183,115535.68,10571.6554
159903.SZ,20130409,0.913,0.925,0.913,0.916,0.908,0.008,0.8811,260101.2,23871.6599
159903.SZ,20130408,0.909,0.914,0.892,0.908,0.916,-0.008,-0.8734,195492.17,17677.4365
159903.SZ,20130403,0.917,0.924,0.909,0.916,0.914,0.002,0.2188,657199.45,60197.4905
159903.SZ,20130402,0.911,0.93,0.909,0.914,0.911,0.003,0.3293,762878.19,69826.1288
159903.SZ,20130401,0.905,0.918,0.905,0.911,0.91,0.001,0.1099,264255.72,24052.8329
159903.SZ,20130329,0.917,0.92,0.906,0.91,0.916,-0.006,-0.655,203746.54,18574.2145
159903.SZ,20130328,0.933,0.933,0.912,0.916,0.94,-0.024,-2.5532,201480.01,18503.4278
159903.SZ,20130327,0.942,0.955,0.936,0.94,0.942,-0.002,-0.2123,178361.72,16845.6011
159903.SZ,20130326,0.951,0.953,0.934,0.942,0.953,-0.011,-1.1542,301163.49,28403.6059
159903.SZ,20130325,0.955,0.96,0.948,0.953,0.954,-0.001,-0.1048,95877.48,9136.3986
159903.SZ,20130322,0.95,0.957,0.948,0.954,0.952,0.002,0.2101,119187.49,11351.7737
159903.SZ,20130321,0.95,0.959,0.947,0.952,0.95,0.002,0.2105,740540.69,70620.8184
159903.SZ,20130320,0.921,0.953,0.921,0.95,0.921,0.029,3.1488,510929.96,47968.2332
159903.SZ,20130319,0.918,0.93,0.911,0.921,0.92,0.001,0.1087,726647.14,66818.7817
159903.SZ,20130318,0.924,0.94,0.916,0.92,0.927,-0.007,-0.7551,430667.1,39805.1228
159903.SZ,20130315,0.923,0.956,0.913,0.927,0.927,0.0,0.0,194936.74,18280.9175
159903.SZ,20130314,0.923,0.935,0.921,0.927,0.926,0.001,0.108,98649.92,9150.0849
159903.SZ,20130313,0.935,0.936,0.921,0.926,0.937,-0.011,-1.174,170406.12,15812.741
159903.SZ,20130312,0.947,0.96,0.927,0.937,0.947,-0.01,-1.056,241361.33,22736.0738
159903.SZ,20130311,0.948,0.953,0.937,0.947,0.95,-0.003,-0.3158,169026.5,16008.1828
159903.SZ,20130308,0.958,0.961,0.948,0.95,0.958,-0.008,-0.8351,108276.17,10343.6578
159903.SZ,20130307,0.958,0.971,0.945,0.958,0.961,-0.003,-0.3122,163839.46,15702.4772
159903.SZ,20130306,0.956,0.965,0.954,0.961,0.952,0.009,0.9454,1104157.08,105696.2089
159903.SZ,20130305,0.929,0.955,0.928,0.952,0.928,0.024,2.5862,265507.19,25076.0466
159903.SZ,20130304,0.972,0.972,0.927,0.928,0.985,-0.057,-5.7868,667084.83,63187.032
159903.SZ,20130301,0.983,0.993,0.971,0.985,0.983,0.002,0.2035,409577.43,40266.4585
159903.SZ,20130228,0.954,0.989,0.954,0.983,0.952,0.031,3.2563,330337.68,32166.0056
159903.SZ,20130227,0.942,0.958,0.942,0.952,0.941,0.011,1.169,244676.12,23262.3768
159903.SZ,20130226,0.951,0.962,0.94,0.941,0.954,-0.013,-1.3627,139299.79,13300.1183
159903.SZ,20130225,0.956,0.968,0.95,0.954,0.957,-0.003,-0.3135,128943.45,12326.9232
159903.SZ,20130222,0.956,0.966,0.955,0.957,0.959,-0.002,-0.2086,82982.63,7978.456
159903.SZ,20130221,0.979,0.979,0.949,0.959,0.985,-0.026,-2.6396,1278039.67,122392.0072
159903.SZ,20130220,0.975,0.987,0.972,0.985,0.976,0.009,0.9221,337502.37,33045.3015
159903.SZ,20130219,1.001,1.001,0.973,0.976,1.001,-0.025,-2.4975,224613.91,22080.4881
159903.SZ,20130218,1.021,1.025,0.999,1.001,1.022,-0.021,-2.0548,312233.44,31464.7208
159903.SZ,20130208,1.01,1.027,1.01,1.022,1.014,0.008,0.789,626822.83,63916.7125
159903.SZ,20130207,1.015,1.016,1.001,1.014,1.015,-0.001,-0.0985,113713.66,11471.5444
159903.SZ,20130206,1.015,1.019,1.01,1.015,1.015,0.0,0.0,94179.8,9568.2744
159903.SZ,20130205,0.994,1.019,0.993,1.015,0.997,0.018,1.8054,230502.76,23308.7674
159903.SZ,20130204,1.001,1.007,0.991,0.997,1.002,-0.005,-0.499,117938.96,11785.2217
159903.SZ,20130201,0.982,1.003,0.982,1.002,0.987,0.015,1.5198,204643.75,20309.3442
159903.SZ,20130131,0.999,1.0,0.984,0.987,0.999,-0.012,-1.2012,127484.35,12623.0913
159903.SZ,20130130,0.99,1.0,0.986,0.999,0.99,0.009,0.9091,278663.59,27732.1777
159903.SZ,20130129,0.983,0.995,0.982,0.99,0.98,0.01,1.0204,221990.58,21951.0944
159903.SZ,20130128,0.957,0.982,0.957,0.98,0.958,0.022,2.2965,211353.91,20592.614
159903.SZ,20130125,0.962,0.966,0.955,0.958,0.966,-0.008,-0.8282,180780.38,17355.4345
159903.SZ,20130124,0.978,0.995,0.96,0.966,0.981,-0.015,-1.5291,418429.96,40946.4117
159903.SZ,20130123,0.975,0.983,0.97,0.981,0.979,0.002,0.2043,98084.48,9579.4196
159903.SZ,20130122,0.985,0.988,0.97,0.979,0.984,-0.005,-0.5081,443077.05,43410.5231
159903.SZ,20130121,0.974,0.985,0.968,0.984,0.97,0.014,1.4433,425306.84,41556.3785
159903.SZ,20130118,0.956,0.974,0.952,0.97,0.959,0.011,1.147,269618.9,25943.5454
159903.SZ,20130117,0.957,0.963,0.95,0.959,0.958,0.001,0.1044,144057.57,13751.8143
159903.SZ,20130116,0.962,0.969,0.947,0.958,0.964,-0.006,-0.6224,161042.59,15469.3325
159903.SZ,20130115,0.958,0.97,0.957,0.964,0.958,0.006,0.6263,272809.52,26236.8939
159903.SZ,20130114,0.925,0.959,0.921,0.958,0.925,0.033,3.5676,2615323.47,247991.2836
159903.SZ,20130111,0.943,0.945,0.922,0.925,0.939,-0.014,-1.4909,402692.89,37704.2604
159903.SZ,20130110,0.935,0.947,0.935,0.939,0.936,0.003,0.3205,994509.35,93704.3573
159903.SZ,20130109,0.928,0.94,0.925,0.936,0.93,0.006,0.6452,1229662.77,114933.6628
159903.SZ,20130108,0.929,0.935,0.92,0.93,0.932,-0.002,-0.2146,672867.67,62487.6567
159903.SZ,20130107,0.924,0.934,0.923,0.932,0.928,0.004,0.431,1772032.91,164451.5562
159903.SZ,20130104,0.938,0.943,0.919,0.928,0.934,-0.006,-0.6424,319098.9,29670.9578
159903.SZ,20121231,0.925,0.934,0.92,0.934,0.923,0.011,1.1918,346964.33,32144.7327
159903.SZ,20121228,0.913,0.924,0.912,0.923,0.913,0.01,1.0953,517395.27,47540.2662
159903.SZ,20121227,0.916,0.924,0.911,0.913,0.915,-0.002,-0.2186,139275.33,12763.7625
159903.SZ,20121226,0.908,0.915,0.906,0.915,0.908,0.007,0.7709,181318.82,16519.8554
159903.SZ,20121225,0.877,0.913,0.877,0.908,0.882,0.026,2.9478,508040.64,45500.0829
159903.SZ,20121224,0.883,0.889,0.879,0.882,0.884,-0.002,-0.2262,444013.66,39219.4348
159903.SZ,20121221,0.888,0.901,0.882,0.884,0.888,-0.004,-0.4505,200893.8,17908.5891
159903.SZ,20121220,0.876,0.892,0.873,0.888,0.882,0.006,0.6803,171764.07,15130.5842
159903.SZ,20121219,0.877,0.888,0.874,0.882,0.878,0.004,0.4556,107703.89,9481.6168
159903.SZ,20121218,0.879,0.895,0.868,0.878,0.879,-0.001,-0.1138,163907.04,14461.3047
159903.SZ,20121217,0.872,0.885,0.87,0.879,0.875,0.004,0.4571,380305.1,33413.242
159903.SZ,20121214,0.834,0.875,0.834,0.875,0.837,0.038,4.54,245173.07,21043.4546
159903.SZ,20121213,0.84,0.844,0.835,0.837,0.843,-0.006,-0.7117,91076.34,7640.6213
159903.SZ,20121212,0.838,0.846,0.835,0.843,0.838,0.005,0.5967,81150.15,6817.9129
159903.SZ,20121211,0.842,0.847,0.838,0.838,0.844,-0.006,-0.7109,137389.32,11570.1372
159903.SZ,20121210,0.838,0.847,0.831,0.844,0.838,0.006,0.716,2841763.64,238985.5087
159903.SZ,20121207,0.825,0.839,0.819,0.838,0.825,0.013,1.5758,203935.99,16979.6263
159903.SZ,20121206,0.826,0.831,0.819,0.825,0.826,-0.001,-0.1211,94020.23,7751.9966
159903.SZ,20121205,0.799,0.833,0.795,0.826,0.799,0.027,3.3792,291966.04,23972.003
159903.SZ,20121204,0.788,0.8,0.783,0.799,0.788,0.011,1.3959,82518.33,6520.5456
159903.SZ,20121203,0.806,0.812,0.787,0.788,0.809,-0.021,-2.5958,117479.34,9382.8471
159903.SZ,20121130,0.8,0.814,0.797,0.809,0.8,0.009,1.125,137150.48,11066.1356
159903.SZ,20121129,0.807,0.811,0.8,0.8,0.804,-0.004,-0.4975,112004.57,9009.05
159903.SZ,20121128,0.811,0.811,0.803,0.804,0.812,-0.008,-0.9852,113324.31,9130.9774
159903.SZ,20121127,0.817,0.82,0.811,0.812,0.819,-0.007,-0.8547,114944.24,9356.9494
159903.SZ,20121126,0.829,0.829,0.818,0.819,0.829,-0.01,-1.2063,111866.34,9205.9543
159903.SZ,20121123,0.825,0.834,0.823,0.829,0.823,0.006,0.729,84032.53,6971.1947
159903.SZ,20121122,0.828,0.829,0.821,0.823,0.835,-0.012,-1.4371,125916.75,10390.9204
159903.SZ,20121121,0.823,0.835,0.818,0.835,0.823,0.012,1.4581,245265.12,20224.7246
159903.SZ,20121120,0.827,0.833,0.823,0.823,0.826,-0.003,-0.3632,136947.42,11317.5414
159903.SZ,20121119,0.828,0.828,0.814,0.826,0.829,-0.003,-0.3619,96080.28,7893.4819
159903.SZ,20121116,0.835,0.837,0.823,0.829,0.838,-0.009,-1.074,133596.46,11079.9058
159903.SZ,20121115,0.841,0.847,0.836,0.838,0.845,-0.007,-0.8284,92199.62,7753.2062
159903.SZ,20121114,0.843,0.849,0.84,0.845,0.844,0.001,0.1185,211568.66,17827.4269
159903.SZ,20121113,0.858,0.858,0.841,0.844,0.859,-0.015,-1.7462,99170.78,8386.1313
159903.SZ,20121112,0.856,0.862,0.851,0.859,0.854,0.005,0.5855,57764.48,4950.5695
159903.SZ,20121109,0.857,0.861,0.853,0.854,0.857,-0.003,-0.3501,62548.0,5357.7908
159903.SZ,20121108,0.87,0.872,0.857,0.857,0.878,-0.021,-2.3918,215901.44,18707.825
159903.SZ,20121107,0.879,0.885,0.873,0.878,0.879,-0.001,-0.1138,223301.79,19616.1276
159903.SZ,20121106,0.887,0.887,0.867,0.879,0.885,-0.006,-0.678,99872.32,8747.8316
159903.SZ,20121105,0.888,0.894,0.881,0.885,0.888,-0.003,-0.3378,120151.37,10644.5221
159903.SZ,20121102,0.886,0.89,0.88,0.888,0.886,0.002,0.2257,178944.32,15835.5324
159903.SZ,20121101,0.867,0.89,0.866,0.886,0.866,0.02,2.3095,126108.62,11116.4544
159903.SZ,20121031,0.864,0.868,0.857,0.866,0.857,0.009,1.0502,79612.57,6864.4478
159903.SZ,20121030,0.857,0.867,0.856,0.857,0.857,0.0,0.0,86796.39,7467.9977
159903.SZ,20121029,0.86,0.862,0.854,0.857,0.862,-0.005,-0.58,69816.83,5978.9183
159903.SZ,20121026,0.878,0.88,0.857,0.862,0.88,-0.018,-2.0455,298694.75,26030.0916
159903.SZ,20121025,0.886,0.895,0.879,0.88,0.886,-0.006,-0.6772,134281.93,11882.0124
159903.SZ,20121024,0.887,0.893,0.884,0.886,0.887,-0.001,-0.1127,84750.25,7537.1803
159903.SZ,20121023,0.902,0.906,0.885,0.887,0.902,-0.015,-1.663,190775.56,17064.8236
159903.SZ,20121022,0.896,0.907,0.893,0.902,0.899,0.003,0.3337,249893.05,22418.6837
159903.SZ,20121019,0.899,0.907,0.899,0.899,0.899,0.0,0.0,104872.89,9467.1155
159903.SZ,20121018,0.882,0.905,0.882,0.899,0.882,0.017,1.9274,264680.81,23696.3872
159903.SZ,20121017,0.886,0.889,0.877,0.882,0.884,-0.002,-0.2262,109245.98,9648.401
159903.SZ,20121016,0.877,0.892,0.877,0.884,0.88,0.004,0.4545,179465.56,15917.5374
159903.SZ,20121015,0.889,0.889,0.874,0.88,0.886,-0.006,-0.6772,165324.17,14529.5007
159903.SZ,20121012,0.889,0.9,0.878,0.886,0.886,0.0,0.0,207625.42,18417.1443
159903.SZ,20121011,0.891,0.896,0.885,0.886,0.897,-0.011,-1.2263,141902.51,12611.4234
159903.SZ,20121010,0.889,0.898,0.888,0.897,0.893,0.004,0.4479,169246.28,15127.7905
159903.SZ,20121009,0.876,0.902,0.876,0.893,0.876,0.017,1.9406,299922.67,26768.9535
159903.SZ,20121008,0.892,0.892,0.869,0.876,0.891,-0.015,-1.6835,156232.43,13729.9138
159903.SZ,20120928,0.862,0.891,0.86,0.891,0.868,0.023,2.6498,313021.46,27519.2139
159903.SZ,20120927,0.835,0.879,0.835,0.868,0.839,0.029,3.4565,204150.94,17550.2708
159903.SZ,20120926,0.849,0.853,0.837,0.839,0.849,-0.01,-1.1779,72690.91,6124.2483
159903.SZ,20120925,0.85,0.856,0.845,0.849,0.85,-0.001,-0.1176,84384.78,7173.5787
159903.SZ,20120924,0.834,0.856,0.826,0.85,0.839,0.011,1.3111,176108.39,14837.834
159903.SZ,20120921,0.837,0.848,0.833,0.839,0.84,-0.001,-0.119,104473.7,8799.8121
159903.SZ,20120920,0.859,0.859,0.84,0.84,0.861,-0.021,-2.439,116565.0,9892.4887
159903.SZ,20120919,0.858,0.869,0.855,0.861,0.857,0.004,0.4667,106265.68,9132.7015
159903.SZ,20120918,0.868,0.868,0.856,0.857,0.87,-0.013,-1.4943,211414.21,18210.2561
159903.SZ,20120917,0.892,0.894,0.869,0.87,0.893,-0.023,-2.5756,124863.88,10995.8045
159903.SZ,20120914,0.897,0.903,0.889,0.893,0.89,0.003,0.3371,268709.88,24007.606
159903.SZ,20120913,0.9,0.903,0.89,0.89,0.901,-0.011,-1.2209,103421.0,9276.6513
159903.SZ,20120912,0.897,0.908,0.888,0.901,0.893,0.008,0.8959,158256.52,14235.05
159903.SZ,20120911,0.893,0.893,0.885,0.893,0.897,-0.004,-0.4459,199478.65,17717.8292
159903.SZ,20120910,0.896,0.902,0.891,0.897,0.895,0.002,0.2235,246014.39,22062.738
159903.SZ,20120907,0.854,0.905,0.854,0.895,0.848,0.047,5.5425,509877.66,45040.0563
159903.SZ,20120906,0.843,0.852,0.843,0.848,0.844,0.004,0.4739,71776.31,6086.9426
159903.SZ,20120905,0.84,0.848,0.837,0.844,0.843,0.001,0.1186,178180.39,14991.3283
159903.SZ,20120904,0.854,0.858,0.84,0.843,0.855,-0.012,-1.4035,188992.47,16018.4667
159903.SZ,20120903,0.841,0.86,0.839,0.855,0.842,0.013,1.5439,216193.34,18437.4695
159903.SZ,20120831,0.84,0.847,0.839,0.842,0.842,0.0,0.0,111990.01,9454.4463
159903.SZ,20120830,0.844,0.848,0.834,0.842,0.847,-0.005,-0.5903,176461.96,14859.0854
159903.SZ,20120829,0.86,0.865,0.847,0.847,0.861,-0.014,-1.626,168272.9,14371.553
159903.SZ,20120828,0.858,0.865,0.855,0.861,0.861,0.0,0.0,160945.77,13828.78
159903.SZ,20120827,0.878,0.878,0.86,0.861,0.88,-0.019,-2.1591,183300.99,15833.7184
159903.SZ,20120824,0.892,0.892,0.878,0.88,0.894,-0.014,-1.566,155802.62,13755.5706
159903.SZ,20120823,0.893,0.905,0.885,0.894,0.893,0.001,0.112,214093.12,19203.5804
159903.SZ,20120822,0.906,0.906,0.89,0.893,0.907,-0.014,-1.5436,125335.78,11226.9953
159903.SZ,20120821,0.904,0.914,0.901,0.907,0.904,0.003,0.3319,117582.88,10687.0038
159903.SZ,20120820,0.9,0.908,0.894,0.904,0.904,0.0,0.0,143951.04,12924.0733
159903.SZ,20120817,0.918,0.921,0.902,0.904,0.921,-0.017,-1.8458,167885.42,15253.8638
159903.SZ,20120816,0.925,0.927,0.918,0.921,0.926,-0.005,-0.54,264233.78,24380.9392
159903.SZ,20120815,0.931,0.931,0.92,0.926,0.932,-0.006,-0.6438,296208.99,27426.5524
159903.SZ,20120814,0.926,0.933,0.915,0.932,0.926,0.006,0.6479,263967.23,24358.9659
159903.SZ,20120813,0.943,0.945,0.925,0.926,0.943,-0.017,-1.8028,233691.63,21849.7322
159903.SZ,20120810,0.951,0.955,0.943,0.943,0.955,-0.012,-1.2565,111530.28,10560.1462
159903.SZ,20120809,0.941,0.956,0.94,0.955,0.942,0.013,1.38,100168.55,9505.2088
159903.SZ,20120808,0.948,0.952,0.941,0.942,0.945,-0.003,-0.3175,91324.8,8633.9276
159903.SZ,20120807,0.943,0.946,0.94,0.945,0.943,0.002,0.2121,145083.51,13692.3456
159903.SZ,20120806,0.926,0.945,0.923,0.943,0.928,0.015,1.6164,188996.78,17686.1954
159903.SZ,20120803,0.921,0.928,0.916,0.928,0.92,0.008,0.8696,161692.4,14918.1944
159903.SZ,20120802,0.934,0.937,0.916,0.92,0.938,-0.018,-1.919,155762.12,14400.9676
159903.SZ,20120801,0.926,0.945,0.926,0.938,0.929,0.009,0.9688,243851.44,22810.3143
159903.SZ,20120731,0.928,0.936,0.923,0.929,0.928,0.001,0.1078,74506.59,6927.4545
159903.SZ,20120730,0.933,0.938,0.926,0.928,0.929,-0.001,-0.1076,243298.34,22704.3487
159903.SZ,20120727,0.931,0.938,0.927,0.929,0.93,-0.001,-0.1075,124281.6,11564.167
159903.SZ,20120726,0.935,0.942,0.928,0.93,0.935,-0.005,-0.5348,108301.72,10134.856
159903.SZ,20120725,0.943,0.945,0.935,0.935,0.948,-0.013,-1.3713,95878.61,9019.1784
159903.SZ,20120724,0.938,0.955,0.935,0.948,0.941,0.007,0.7439,143262.89,13554.09
159903.SZ,20120723,0.951,0.951,0.937,0.941,0.955,-0.014,-1.466,113316.58,10663.6677
159903.SZ,20120720,0.97,0.972,0.954,0.955,0.972,-0.017,-1.749,187834.06,18064.0621
159903.SZ,20120719,0.97,0.983,0.964,0.972,0.972,0.0,0.0,169202.0,16500.6514
159903.SZ,20120718,0.976,0.98,0.954,0.972,0.976,-0.004,-0.4098,330468.69,31925.8516
159903.SZ,20120717,0.975,0.981,0.969,0.976,0.976,0.0,0.0,242767.03,23637.7305
159903.SZ,20120716,1.001,1.002,0.976,0.976,1.0,-0.024,-2.4,158078.15,15557.3888
159903.SZ,20120713,0.994,1.006,0.992,1.0,0.996,0.004,0.4016,168424.68,16849.5812
159903.SZ,20120712,0.975,1.0,0.972,0.996,0.978,0.018,1.8405,271140.0,26830.6704
159903.SZ,20120711,0.969,0.983,0.967,0.978,0.969,0.009,0.9288,148352.85,14459.5061
159903.SZ,20120710,0.971,0.975,0.965,0.969,0.971,-0.002,-0.206,104123.64,10102.6795
159903.SZ,20120709,0.983,0.993,0.97,0.971,0.988,-0.017,-1.7206,126262.85,12404.396
159903.SZ,20120706,0.964,0.993,0.96,0.988,0.961,0.027,2.8096,213999.26,20935.7447
159903.SZ,20120705,0.97,0.97,0.956,0.961,0.972,-0.011,-1.1317,107701.58,10353.3303
159903.SZ,20120704,0.98,0.983,0.972,0.972,0.976,-0.004,-0.4098,124759.72,12185.9827
159903.SZ,20120703,0.972,0.986,0.97,0.976,0.972,0.004,0.4115,161843.73,15882.3653
159903.SZ,20120702,0.973,0.98,0.967,0.972,0.967,0.005,0.5171,141248.78,13753.2461
159903.SZ,20120629,0.955,0.969,0.954,0.967,0.956,0.011,1.1506,223201.87,21426.201
159903.SZ,20120628,0.959,0.967,0.956,0.956,0.958,-0.002,-0.2088,98606.75,9485.6893
159903.SZ,20120627,0.962,0.971,0.958,0.958,0.963,-0.005,-0.5192,169977.88,16389.4483
159903.SZ,20120626,0.958,0.965,0.95,0.963,0.96,0.003,0.3125,880109.01,84251.5399
159903.SZ,20120625,0.98,0.985,0.957,0.96,0.984,-0.024,-2.439,140274.63,13628.9116
159903.SZ,20120621,1.0,1.0,0.978,0.984,1.001,-0.017,-1.6983,115640.54,11403.0123
159903.SZ,20120620,1.005,1.01,0.998,1.001,1.003,-0.002,-0.1994,110404.67,11084.0525
159903.SZ,20120619,1.01,1.012,1.001,1.003,1.014,-0.011,-1.0848,58800.94,5913.4545
159903.SZ,20120618,1.005,1.019,1.005,1.014,1.003,0.011,1.0967,97818.45,9917.8338
159903.SZ,20120615,1.008,1.012,0.993,1.003,1.004,-0.001,-0.0996,124922.03,12516.6863
159903.SZ,20120614,1.008,1.017,1.004,1.004,1.01,-0.006,-0.5941,87246.23,8816.3372
159903.SZ,20120613,0.999,1.01,0.995,1.01,0.994,0.016,1.6097,119083.12,11976.0732
159903.SZ,20120612,0.997,1.002,0.993,0.994,1.002,-0.008,-0.7984,93203.59,9286.8311
159903.SZ,20120611,0.989,1.005,0.986,1.002,0.985,0.017,1.7259,124631.91,12403.7912
159903.SZ,20120608,1.0,1.0,0.981,0.985,0.99,-0.005,-0.5051,133121.08,13193.577
159903.SZ,20120607,1.005,1.008,0.989,0.99,0.997,-0.007,-0.7021,99253.66,9914.5672
159903.SZ,20120606,1.002,1.005,0.993,0.997,1.0,-0.003,-0.3,403587.34,40352.0221
159903.SZ,20120605,1.004,1.01,0.998,1.0,1.002,-0.002,-0.1996,108350.81,10868.6754
159903.SZ,20120604,1.022,1.023,1.002,1.002,1.03,-0.028,-2.7184,150976.8,15289.8925
159903.SZ,20120601,1.03,1.042,1.025,1.03,1.031,-0.001,-0.097,97338.58,10071.7613
159903.SZ,20120531,1.027,1.036,1.022,1.031,1.031,0.0,0.0,141687.9,14566.9569
159903.SZ,20120530,1.038,1.039,1.03,1.031,1.038,-0.007,-0.6744,99109.94,10244.407
159903.SZ,20120529,1.024,1.045,1.024,1.038,1.026,0.012,1.1696,151220.59,15650.5392
159903.SZ,20120528,1.0,1.026,0.99,1.026,1.0,0.026,2.6,246334.87,24981.4729
159903.SZ,20120525,1.011,1.015,0.998,1.0,1.013,-0.013,-1.2833,272464.43,27311.7919
159903.SZ,20120524,1.027,1.034,1.01,1.013,1.032,-0.019,-1.8411,189567.82,19378.0767
159903.SZ,20120523,1.03,1.05,1.02,1.032,1.033,-0.001,-0.0968,680508.48,70362.4391
159903.SZ,20120522,1.016,1.033,1.016,1.033,1.014,0.019,1.8738,118368.68,12153.2046
159903.SZ,20120521,1.005,1.021,1.002,1.014,1.006,0.008,0.7952,112468.02,11397.8011
159903.SZ,20120518,1.017,1.02,1.003,1.006,1.023,-0.017,-1.6618,135398.08,13690.9427
159903.SZ,20120517,1.007,1.026,1.006,1.023,1.007,0.016,1.5889,1037798.81,104974.0277
159903.SZ,20120516,1.025,1.025,1.007,1.007,1.027,-0.02,-1.9474,121238.79,12307.4742
159903.SZ,20120515,1.017,1.028,1.015,1.027,1.022,0.005,0.4892,115064.96,11731.4977
159903.SZ,20120514,1.037,1.043,1.021,1.022,1.031,-0.009,-0.8729,279691.96,28876.6444
159903.SZ,20120511,1.04,1.047,1.03,1.031,1.041,-0.01,-0.9606,210769.45,21865.5499
159903.SZ,20120510,1.042,1.048,1.039,1.041,1.043,-0.002,-0.1918,118350.06,12352.087
159903.SZ,20120509,1.051,1.056,1.041,1.043,1.064,-0.021,-1.9737,610450.72,63990.1
159903.SZ,20120508,1.075,1.078,1.056,1.064,1.075,-0.011,-1.0233,747718.58,79714.9172
159903.SZ,20120507,1.07,1.076,1.066,1.075,1.072,0.003,0.2799,227785.42,24394.1184
159903.SZ,20120504,1.062,1.075,1.05,1.072,1.062,0.01,0.9416,317304.67,33784.2266
159903.SZ,20120503,1.058,1.063,1.055,1.062,1.058,0.004,0.3781,316432.48,33524.2419
159903.SZ,20120502,1.045,1.066,1.039,1.058,1.034,0.024,2.3211,248523.78,26236.2474
159903.SZ,20120427,1.031,1.039,1.031,1.034,1.034,0.0,0.0,225805.95,23398.1907
159903.SZ,20120426,1.031,1.04,1.028,1.034,1.03,0.004,0.3883,387380.03,40188.9746
159903.SZ,20120425,1.017,1.032,1.012,1.03,1.018,0.012,1.1788,1080093.28,110569.0716
159903.SZ,20120424,1.016,1.032,0.998,1.018,1.022,-0.004,-0.3914,1738733.93,176574.1038
159903.SZ,20120423,1.027,1.028,1.015,1.022,1.028,-0.006,-0.5837,1623137.84,165609.9757
159903.SZ,20120420,1.016,1.029,1.015,1.028,1.017,0.011,1.0816,142240.21,14542.0932
159903.SZ,20120419,1.022,1.022,1.011,1.017,1.022,-0.005,-0.4892,174144.05,17709.6713
159903.SZ,20120418,1.001,1.023,0.999,1.022,0.998,0.024,2.4048,235553.33,23862.6212
159903.SZ,20120417,1.015,1.017,0.997,0.998,1.016,-0.018,-1.7717,168853.04,16939.2425
159903.SZ,20120416,1.015,1.021,1.01,1.016,1.019,-0.003,-0.2944,114441.57,11623.0573
159903.SZ,20120413,1.022,1.027,1.016,1.019,1.015,0.004,0.3941,175281.65,17881.6766
159903.SZ,20120412,0.992,1.016,0.991,1.015,0.994,0.021,2.1127,202927.73,20409.8802
159903.SZ,20120411,0.986,1.01,0.98,0.994,0.993,0.001,0.1007,229402.18,22826.4343
159903.SZ,20120410,0.983,0.994,0.965,0.993,0.983,0.01,1.0173,177094.67,17346.1508
159903.SZ,20120409,0.99,0.994,0.978,0.983,0.992,-0.009,-0.9073,130110.05,12818.0182
159903.SZ,20120406,0.983,0.995,0.98,0.992,0.983,0.009,0.9156,151193.44,14956.6077
159903.SZ,20120405,0.953,0.988,0.951,0.983,0.954,0.029,3.0398,295871.71,28962.1624
159903.SZ,20120330,0.956,0.963,0.95,0.954,0.955,-0.001,-0.1047,98200.62,9385.0438
159903.SZ,20120329,0.967,0.969,0.948,0.955,0.968,-0.013,-1.343,308587.46,29583.6598
159903.SZ,20120328,0.997,0.998,0.965,0.968,0.998,-0.03,-3.006,312078.65,30504.6725
159903.SZ,20120327,1.012,1.015,0.998,0.998,1.008,-0.01,-0.9921,130987.29,13179.4564
159903.SZ,20120326,1.002,1.009,1.0,1.008,1.002,0.006,0.5988,139141.14,13974.9766
159903.SZ,20120323,1.018,1.018,0.999,1.002,1.017,-0.015,-1.4749,352077.77,35406.845
159903.SZ,20120322,1.021,1.026,1.016,1.017,1.023,-0.006,-0.5865,110952.54,11328.0179
159903.SZ,20120321,1.026,1.037,1.014,1.023,1.02,0.003,0.2941,257830.52,26351.9941
159903.SZ,20120320,1.04,1.041,1.02,1.02,1.043,-0.023,-2.2052,352740.52,36311.0422
159903.SZ,20120319,1.042,1.045,1.033,1.043,1.043,0.0,0.0,269386.84,28025.4743
159903.SZ,20120316,1.026,1.043,1.02,1.043,1.025,0.018,1.7561,119541.38,12371.8486
159903.SZ,20120315,1.026,1.035,1.015,1.025,1.023,0.002,0.1955,240329.19,24634.4158
159903.SZ,20120314,1.06,1.069,1.021,1.023,1.057,-0.034,-3.2167,240640.97,25266.2128
159903.SZ,20120313,1.043,1.058,1.043,1.057,1.043,0.014,1.3423,104460.63,10979.6082
159903.SZ,20120312,1.047,1.052,1.037,1.043,1.048,-0.005,-0.4771,254543.15,26520.7839
159903.SZ,20120309,1.034,1.048,1.032,1.048,1.034,0.014,1.354,284156.73,29612.5125
159903.SZ,20120308,1.025,1.038,1.024,1.034,1.022,0.012,1.1742,1065338.53,109906.9097
159903.SZ,20120307,1.02,1.033,1.012,1.022,1.024,-0.002,-0.1953,142970.16,14627.1401
159903.SZ,20120306,1.033,1.035,1.02,1.024,1.039,-0.015,-1.4437,96703.39,9925.7786
159903.SZ,20120305,1.05,1.053,1.037,1.039,1.047,-0.008,-0.7641,142920.68,14922.4976
159903.SZ,20120302,1.028,1.047,1.025,1.047,1.022,0.025,2.4462,125960.94,13051.9671
159903.SZ,20120301,1.021,1.029,1.019,1.022,1.023,-0.001,-0.0978,103317.37,10577.2894
159903.SZ,20120229,1.023,1.037,1.021,1.023,1.032,-0.009,-0.8721,167726.25,17232.9479
159903.SZ,20120228,1.03,1.04,1.023,1.032,1.033,-0.001,-0.0968,264786.92,27353.749
159903.SZ,20120227,1.03,1.05,1.03,1.033,1.028,0.005,0.4864,905930.95,94074.4282
159903.SZ,20120224,1.005,1.028,1.005,1.028,1.005,0.023,2.2886,1465740.9,149579.2544
159903.SZ,20120223,1.002,1.011,0.998,1.005,1.001,0.004,0.3996,657559.89,66097.7286
159903.SZ,20120222,0.984,1.002,0.984,1.001,0.984,0.017,1.7276,212823.15,21148.193
159903.SZ,20120221,0.971,0.984,0.968,0.984,0.977,0.007,0.7165,177956.29,17403.7951
159903.SZ,20120220,0.992,0.992,0.976,0.977,0.979,-0.002,-0.2043,164776.89,16209.0881
159903.SZ,20120217,0.98,0.988,0.971,0.979,0.976,0.003,0.3074,87906.15,8597.951
159903.SZ,20120216,0.985,0.986,0.968,0.976,0.982,-0.006,-0.611,154527.65,15132.566
159903.SZ,20120215,0.965,0.988,0.965,0.982,0.97,0.012,1.2371,206897.25,20244.3344
159903.SZ,20120214,0.972,0.974,0.961,0.97,0.972,-0.002,-0.2058,170066.9,16456.3123
159903.SZ,20120213,0.968,0.983,0.959,0.972,0.974,-0.002,-0.2053,143003.57,13903.3524
159903.SZ,20120210,0.967,0.985,0.964,0.974,0.969,0.005,0.516,199422.09,19482.3871
159903.SZ,20120209,0.97,0.979,0.963,0.969,0.972,-0.003,-0.3086,135733.38,13197.4066
159903.SZ,20120208,0.939,0.975,0.936,0.972,0.94,0.032,3.4043,404632.49,38805.4133
159903.SZ,20120207,0.959,0.959,0.935,0.94,0.96,-0.02,-2.0833,184436.74,17379.7439
159903.SZ,20120206,0.96,0.968,0.955,0.96,0.959,0.001,0.1043,129167.81,12420.317
159903.SZ,20120203,0.953,0.962,0.941,0.959,0.952,0.007,0.7353,195024.05,18555.6248
159903.SZ,20120202,0.935,0.954,0.932,0.952,0.934,0.018,1.9272,177104.08,16718.907
159903.SZ,20120201,0.94,0.954,0.931,0.934,0.943,-0.009,-0.9544,145182.33,13698.2636
159903.SZ,20120131,0.939,0.946,0.936,0.943,0.94,0.003,0.3191,149538.1,14066.6816
159903.SZ,20120130,0.964,0.964,0.939,0.94,0.962,-0.022,-2.2869,357360.23,33856.3434
159903.SZ,20120120,0.947,0.965,0.94,0.962,0.945,0.017,1.7989,260504.21,24833.3672
159903.SZ,20120119,0.926,0.952,0.923,0.945,0.925,0.02,2.1622,279163.44,26282.7887
159903.SZ,20120118,0.943,0.957,0.921,0.925,0.944,-0.019,-2.0127,293739.52,27675.3827
159903.SZ,20120117,0.897,0.948,0.891,0.944,0.896,0.048,5.3571,324703.14,30134.9812
159903.SZ,20120116,0.905,0.916,0.893,0.896,0.916,-0.02,-2.1834,230940.56,20874.175
159903.SZ,20120113,0.936,0.94,0.908,0.916,0.936,-0.02,-2.1368,244166.56,22569.8104
159903.SZ,20120112,0.933,0.949,0.931,0.936,0.939,-0.003,-0.3195,143752.81,13502.857
159903.SZ,20120111,0.942,0.947,0.933,0.939,0.942,-0.003,-0.3185,309672.74,29149.8418
159903.SZ,20120110,0.91,0.944,0.907,0.942,0.911,0.031,3.4029,278656.46,25811.6984
159903.SZ,20120109,0.88,0.912,0.866,0.911,0.878,0.033,3.7585,361338.65,32314.3817
159903.SZ,20120106,0.871,0.878,0.863,0.878,0.873,0.005,0.5727,208622.24,18165.1599
159903.SZ,20120105,0.882,0.887,0.871,0.873,0.883,-0.01,-1.1325,247189.67,21671.7535
159903.SZ,20120104,0.909,0.916,0.883,0.883,0.904,-0.021,-2.323,191717.2,17200.557
159903.SZ,20111230,0.895,0.909,0.893,0.904,0.893,0.011,1.2318,142351.61,12864.7327
159903.SZ,20111229,0.884,0.897,0.88,0.893,0.884,0.009,1.0181,166310.95,14834.0797
159903.SZ,20111228,0.885,0.888,0.869,0.884,0.885,-0.001,-0.113,123405.87,10840.2887
159903.SZ,20111227,0.898,0.904,0.883,0.885,0.902,-0.017,-1.8847,150702.08,13449.2912
159903.SZ,20111226,0.91,0.918,0.9,0.902,0.915,-0.013,-1.4208,191992.58,17418.9701
159903.SZ,20111223,0.906,0.925,0.898,0.915,0.907,0.008,0.882,164868.52,15067.23
159903.SZ,20111222,0.906,0.914,0.887,0.907,0.928,-0.021,-2.2629,1572175.43,141983.147
159903.SZ,20111221,0.923,0.93,0.903,0.928,0.914,0.014,1.5317,526607.42,48284.6289
159903.SZ,20111220,0.916,0.931,0.914,0.914,0.921,-0.007,-0.76,1127437.57,104100.5341
159903.SZ,20111219,0.919,0.924,0.894,0.921,0.924,-0.003,-0.3247,148211.79,13445.3805
159903.SZ,20111216,0.9,0.926,0.898,0.924,0.901,0.023,2.5527,267091.38,24263.9254
159903.SZ,20111215,0.921,0.921,0.9,0.901,0.924,-0.023,-2.4892,382064.37,34722.3645
159903.SZ,20111214,0.932,0.939,0.922,0.924,0.935,-0.011,-1.1765,77456.51,7199.9778
159903.SZ,20111213,0.949,0.951,0.932,0.935,0.953,-0.018,-1.8888,432156.36,40489.0272
159903.SZ,20111212,0.962,0.962,0.951,0.953,0.963,-0.01,-1.0384,134118.01,12832.8906
159903.SZ,20111209,0.965,0.974,0.96,0.963,0.975,-0.012,-1.2308,188595.18,18209.0773
159903.SZ,20111208,0.977,0.987,0.964,0.975,0.977,-0.002,-0.2047,189502.67,18478.1568
159903.SZ,20111207,0.972,0.981,0.971,0.977,0.976,0.001,0.1025,132486.8,12940.1192
159903.SZ,20111206,0.975,0.978,0.967,0.976,0.975,0.001,0.1026,177527.91,17257.37
159903.SZ,20111205,1.0,1.0,0.973,0.975,0.999,-0.024,-2.4024,293904.07,28876.8347
159903.SZ,20111202,1.006,1.007,0.992,0.999,1.008,-0.009,-0.8929,146760.14,14672.694
159903.SZ,20111201,1.008,1.028,1.006,1.008,0.988,0.02,2.0243,470740.96,47854.8316
159903.SZ,20111130,1.015,1.016,0.98,0.988,1.017,-0.029,-2.8515,277413.09,27496.9626
159903.SZ,20111129,1.013,1.018,1.007,1.017,1.006,0.011,1.0934,248781.03,25192.3252
159903.SZ,20111128,1.01,1.011,1.001,1.006,1.005,0.001,0.0995,160621.8,16142.857
159903.SZ,20111125,1.01,1.017,1.004,1.005,1.013,-0.008,-0.7897,99317.22,10025.753
159903.SZ,20111124,1.008,1.019,1.0,1.013,1.012,0.001,0.0988,145690.49,14660.2047
159903.SZ,20111123,1.019,1.023,1.009,1.012,1.018,-0.006,-0.5894,106220.4,10785.6227
159903.SZ,20111122,1.016,1.021,1.009,1.018,1.021,-0.003,-0.2938,111978.6,11380.7929
159903.SZ,20111121,1.02,1.025,1.012,1.021,1.02,0.001,0.098,85432.53,8690.5328
159903.SZ,20111118,1.044,1.044,1.016,1.02,1.049,-0.029,-2.7645,202704.08,20788.8287
159903.SZ,20111117,1.049,1.058,1.047,1.049,1.047,0.002,0.191,81770.07,8590.4199
159903.SZ,20111116,1.075,1.076,1.043,1.047,1.074,-0.027,-2.514,245935.99,25994.4065
159903.SZ,20111115,1.08,1.083,1.071,1.074,1.084,-0.01,-0.9225,106287.37,11426.0134
159903.SZ,20111114,1.064,1.085,1.064,1.084,1.059,0.025,2.3607,137644.24,14803.4252
159903.SZ,20111111,1.064,1.069,1.054,1.059,1.061,-0.002,-0.1885,199638.14,21237.5898
159903.SZ,20111110,1.068,1.073,1.061,1.061,1.08,-0.019,-1.7593,153364.59,16369.83
159903.SZ,20111109,1.072,1.082,1.062,1.08,1.07,0.01,0.9346,189657.1,20295.5547
159903.SZ,20111108,1.075,1.085,1.068,1.07,1.075,-0.005,-0.4651,222426.84,23954.8904
159903.SZ,20111107,1.083,1.089,1.075,1.075,1.088,-0.013,-1.1949,127066.96,13748.8805
159903.SZ,20111104,1.085,1.097,1.082,1.088,1.08,0.008,0.7407,250266.84,27327.3835
159903.SZ,20111103,1.08,1.096,1.079,1.08,1.077,0.003,0.2786,237569.57,25842.7836
159903.SZ,20111102,1.053,1.077,1.04,1.077,1.062,0.015,1.4124,194182.42,20534.0529
159903.SZ,20111101,1.058,1.076,1.055,1.062,1.068,-0.006,-0.5618,200905.68,21383.2087
159903.SZ,20111031,1.08,1.08,1.059,1.068,1.08,-0.012,-1.1111,379157.02,40408.5843
159903.SZ,20111028,1.063,1.082,1.063,1.08,1.05,0.03,2.8571,407607.34,43724.2851
159903.SZ,20111027,1.054,1.057,1.047,1.05,1.052,-0.002,-0.1901,56351.74,5926.1388
159903.SZ,20111026,1.031,1.058,1.031,1.052,1.038,0.014,1.3487,219420.96,23026.8191
159903.SZ,20111025,1.011,1.042,1.01,1.038,1.014,0.024,2.3669,196280.84,20186.0294
159903.SZ,20111024,0.986,1.014,0.98,1.014,0.984,0.03,3.0488,261598.93,26094.4943
159903.SZ,20111021,0.995,1.002,0.984,0.984,0.996,-0.012,-1.2048,210867.29,20955.6179
159903.SZ,20111020,1.023,1.023,0.989,0.996,1.031,-0.035,-3.3948,262082.89,26351.4341
159903.SZ,20111019,1.043,1.048,1.028,1.031,1.039,-0.008,-0.77,180394.96,18726.9306
159903.SZ,20111018,1.065,1.066,1.036,1.039,1.073,-0.034,-3.1687,112994.43,11872.8657
159903.SZ,20111017,1.063,1.077,1.062,1.073,1.063,0.01,0.9407,128949.16,13811.536
159903.SZ,20111014,1.066,1.067,1.052,1.063,1.065,-0.002,-0.1878,94614.08,10032.6126
159903.SZ,20111013,1.057,1.074,1.054,1.065,1.062,0.003,0.2825,147357.53,15683.5858
159903.SZ,20111012,1.021,1.063,1.013,1.062,1.023,0.039,3.8123,371061.65,38809.4752
159903.SZ,20111011,1.055,1.064,1.014,1.023,1.035,-0.012,-1.1594,207433.1,21560.237
159903.SZ,20111010,1.048,1.05,1.034,1.035,1.047,-0.012,-1.1461,57483.37,5988.5727
159903.SZ,20110930,1.05,1.055,1.044,1.047,1.048,-0.001,-0.0954,112879.68,11833.1135
159903.SZ,20110929,1.053,1.059,1.042,1.048,1.056,-0.008,-0.7576,150281.27,15775.6793
159903.SZ,20110928,1.066,1.073,1.051,1.056,1.062,-0.006,-0.565,106081.52,11276.8012
159903.SZ,20110927,1.055,1.071,1.051,1.062,1.053,0.009,0.8547,218961.3,23182.5935
159903.SZ,20110926,1.073,1.077,1.048,1.053,1.074,-0.021,-1.9553,132079.61,14048.9606
159903.SZ,20110923,1.079,1.08,1.056,1.074,1.087,-0.013,-1.196,353280.86,37689.2457
159903.SZ,20110922,1.112,1.113,1.084,1.087,1.119,-0.032,-2.8597,116309.7,12784.0988
159903.SZ,20110921,1.085,1.123,1.082,1.119,1.087,0.032,2.9439,272344.24,30142.0636
159903.SZ,20110920,1.084,1.092,1.076,1.087,1.084,0.003,0.2768,73986.87,8017.4303
159903.SZ,20110919,1.103,1.103,1.082,1.084,1.105,-0.021,-1.9005,96001.53,10463.3372
159903.SZ,20110916,1.108,1.115,1.103,1.105,1.104,0.001,0.0906,86695.99,9620.4189
159903.SZ,20110915,1.102,1.113,1.099,1.104,1.101,0.003,0.2725,161555.41,17911.2349
159903.SZ,20110914,1.099,1.104,1.079,1.101,1.096,0.005,0.4562,170528.5,18623.1739
159903.SZ,20110913,1.103,1.103,1.087,1.096,1.108,-0.012,-1.083,138198.19,15069.5759
159903.SZ,20110909,1.115,1.131,1.104,1.108,1.111,-0.003,-0.27,172205.74,19260.4787
159903.SZ,20110908,1.121,1.126,1.111,1.111,1.121,-0.01,-0.8921,90638.41,10160.8129
159903.SZ,20110907,1.106,1.122,1.101,1.121,1.098,0.023,2.0947,130223.85,14498.3358
159903.SZ,20110906,1.114,1.119,1.093,1.098,1.116,-0.018,-1.6129,186783.89,20576.6048
159903.SZ,20110905,1.14,1.14,1.114,1.116,1.142,-0.026,-2.2767,109049.84,12233.552
159903.SZ,20110902,1.15,1.156,1.138,1.142,1.154,-0.012,-1.0399,43765.11,4998.2685
159903.SZ,20110901,1.16,1.169,1.15,1.154,1.158,-0.004,-0.3454,124372.73,14419.3699
159903.SZ,20110831,1.153,1.163,1.152,1.158,1.154,0.004,0.3466,95424.47,11052.8079
159903.SZ,20110830,1.163,1.18,1.153,1.154,1.156,-0.002,-0.173,155036.96,18081.9642
159903.SZ,20110829,1.17,1.17,1.155,1.156,1.175,-0.019,-1.617,176127.35,20406.4427
159903.SZ,20110826,1.18,1.181,1.166,1.175,1.181,-0.006,-0.508,190722.01,22392.0543
159903.SZ,20110825,1.145,1.187,1.142,1.181,1.145,0.036,3.1441,223620.46,26194.0531
159903.SZ,20110824,1.148,1.158,1.141,1.145,1.144,0.001,0.0874,125336.56,14413.8182
159903.SZ,20110823,1.135,1.146,1.131,1.144,1.132,0.012,1.0601,144322.83,16457.6775
159903.SZ,20110822,1.15,1.157,1.127,1.132,1.148,-0.016,-1.3937,138366.88,15806.0135
159903.SZ,20110819,1.149,1.155,1.139,1.148,1.161,-0.013,-1.1197,396236.74,45420.5212
159903.SZ,20110818,1.181,1.188,1.158,1.161,1.181,-0.02,-1.6935,101118.99,11836.7979
159903.SZ,20110817,1.185,1.193,1.179,1.181,1.186,-0.005,-0.4216,107978.02,12799.7337
159903.SZ,20110816,1.193,1.2,1.182,1.186,1.197,-0.011,-0.919,163051.69,19429.9616
159903.SZ,20110815,1.186,1.197,1.183,1.197,1.184,0.013,1.098,130448.56,15537.4622
159903.SZ,20110812,1.184,1.194,1.183,1.184,1.183,0.001,0.0845,179807.96,21385.0204
159903.SZ,20110811,1.156,1.183,1.15,1.183,1.167,0.016,1.371,312612.5,36517.1401
159903.SZ,20110810,1.17,1.18,1.165,1.167,1.156,0.011,0.9516,226530.38,26550.7896
159903.SZ,20110809,1.14,1.158,1.112,1.156,1.152,0.004,0.3472,397368.3,45000.5477
159903.SZ,20110808,1.181,1.19,1.129,1.152,1.188,-0.036,-3.0303,272413.81,31539.2604
159903.SZ,20110805,1.205,1.205,1.17,1.188,1.216,-0.028,-2.3026,147658.89,17562.3055
159903.SZ,20110804,1.212,1.227,1.212,1.216,1.213,0.003,0.2473,61169.24,7462.4998
159903.SZ,20110803,1.204,1.221,1.203,1.213,1.212,0.001,0.0825,69132.32,8405.005
159903.SZ,20110802,1.222,1.222,1.197,1.212,1.222,-0.01,-0.8183,102763.92,12391.5648
159903.SZ,20110801,1.223,1.228,1.217,1.222,1.223,-0.001,-0.0818,81956.18,10025.6488
159903.SZ,20110729,1.228,1.232,1.213,1.223,1.228,-0.005,-0.4072,144419.31,17666.4897
159903.SZ,20110728,1.226,1.23,1.214,1.228,1.231,-0.003,-0.2437,230642.04,28120.9112
159903.SZ,20110727,1.216,1.236,1.209,1.231,1.221,0.01,0.819,99566.37,12206.6317
159903.SZ,20110726,1.219,1.221,1.212,1.221,1.214,0.007,0.5766,62315.81,7586.4884
159903.SZ,20110725,1.252,1.252,1.212,1.214,1.256,-0.042,-3.3439,175347.31,21574.4067
159903.SZ,20110722,1.254,1.265,1.253,1.256,1.254,0.002,0.1595,99121.53,12472.1943
159903.SZ,20110721,1.257,1.264,1.251,1.254,1.259,-0.005,-0.3971,205534.95,25885.1214
159903.SZ,20110720,1.263,1.268,1.249,1.259,1.259,0.0,0.0,286410.21,35930.4403
159903.SZ,20110719,1.269,1.269,1.258,1.259,1.271,-0.012,-0.9441,83217.44,10496.1172
159903.SZ,20110718,1.272,1.276,1.268,1.271,1.272,-0.001,-0.0786,172307.74,21936.1326
159903.SZ,20110715,1.259,1.274,1.256,1.272,1.265,0.007,0.5534,136468.86,17299.4616
159903.SZ,20110714,1.27,1.278,1.257,1.265,1.27,-0.005,-0.3937,223646.81,28255.5328
159903.SZ,20110713,1.248,1.271,1.248,1.27,1.25,0.02,1.6,107004.67,13511.16
159903.SZ,20110712,1.26,1.26,1.244,1.25,1.267,-0.017,-1.3418,250664.99,31371.3185
159903.SZ,20110711,1.256,1.272,1.251,1.267,1.263,0.004,0.3167,249952.13,31491.2377
159903.SZ,20110708,1.255,1.269,1.255,1.263,1.255,0.008,0.6375,121884.56,15385.6942
159903.SZ,20110707,1.264,1.28,1.255,1.255,1.262,-0.007,-0.5547,293976.25,37288.3444
159903.SZ,20110706,1.26,1.264,1.252,1.262,1.263,-0.001,-0.0792,159746.72,20090.624
159903.SZ,20110705,1.261,1.268,1.258,1.263,1.261,0.002,0.1586,281186.59,35510.3052
159903.SZ,20110704,1.244,1.266,1.244,1.261,1.239,0.022,1.7756,141284.18,17762.6379
159903.SZ,20110701,1.231,1.243,1.225,1.239,1.229,0.01,0.8137,402054.32,49551.04
159903.SZ,20110630,1.211,1.233,1.211,1.229,1.211,0.018,1.4864,234775.27,28765.7582
159903.SZ,20110629,1.224,1.227,1.211,1.211,1.224,-0.013,-1.0621,86621.83,10548.3252
159903.SZ,20110628,1.223,1.226,1.214,1.224,1.22,0.004,0.3279,159073.31,19412.3352
159903.SZ,20110627,1.219,1.229,1.214,1.22,1.221,-0.001,-0.0819,143838.75,17575.4234
159903.SZ,20110624,1.198,1.228,1.195,1.221,1.198,0.023,1.9199,219614.38,26618.9092
159903.SZ,20110623,1.172,1.203,1.167,1.198,1.174,0.024,2.0443,309678.02,36608.1982
159903.SZ,20110622,1.169,1.179,1.167,1.174,1.17,0.004,0.3419,182354.77,21396.0095
159903.SZ,20110621,1.157,1.172,1.156,1.17,1.153,0.017,1.4744,261113.83,30444.9608
159903.SZ,20110620,1.162,1.162,1.147,1.153,1.163,-0.01,-0.8598,123346.5,14246.2547
159903.SZ,20110617,1.16,1.174,1.16,1.163,1.164,-0.001,-0.0859,78124.46,9124.2962
159903.SZ,20110616,1.175,1.176,1.161,1.164,1.18,-0.016,-1.3559,166895.97,19454.2319
159903.SZ,20110615,1.189,1.197,1.179,1.18,1.193,-0.013,-1.0897,146572.25,17426.1932
159903.SZ,20110614,1.171,1.193,1.171,1.193,1.171,0.022,1.8787,145325.37,17253.065
159903.SZ,20110613,1.168,1.174,1.16,1.171,1.178,-0.007,-0.5942,159767.48,18660.2564
159903.SZ,20110610,1.172,1.178,1.164,1.178,1.173,0.005,0.4263,118765.01,13924.103
159903.SZ,20110609,1.187,1.191,1.169,1.173,1.193,-0.02,-1.6764,99226.2,11719.8122
159903.SZ,20110608,1.19,1.196,1.175,1.193,1.19,0.003,0.2521,165455.8,19617.9961
159903.SZ,20110607,1.176,1.193,1.176,1.19,1.181,0.009,0.7621,145523.36,17297.0359
159903.SZ,20110603,1.169,1.186,1.169,1.181,1.169,0.012,1.0265,111718.65,13174.9294
159903.SZ,20110602,1.179,1.18,1.153,1.169,1.186,-0.017,-1.4334,201906.16,23617.2383
159903.SZ,20110601,1.179,1.189,1.176,1.186,1.183,0.003,0.2536,185451.99,21953.7982
159903.SZ,20110531,1.169,1.184,1.161,1.183,1.167,0.016,1.371,135602.08,15896.2007
159903.SZ,20110530,1.168,1.175,1.159,1.167,1.168,-0.001,-0.0856,168912.73,19765.5212
159903.SZ,20110527,1.17,1.181,1.166,1.168,1.171,-0.003,-0.2562,226850.75,26587.8746
159903.SZ,20110526,1.182,1.189,1.17,1.171,1.176,-0.005,-0.4252,164223.35,19378.3524
159903.SZ,20110525,1.189,1.196,1.175,1.176,1.19,-0.014,-1.1765,183786.2,21814.0405
159903.SZ,20110524,1.187,1.192,1.181,1.19,1.191,-0.001,-0.084,179023.67,21251.2435
159903.SZ,20110523,1.23,1.23,1.19,1.191,1.233,-0.042,-3.4063,196870.61,23744.4718
159903.SZ,20110520,1.231,1.238,1.228,1.233,1.231,0.002,0.1625,120130.56,14811.0395
159903.SZ,20110519,1.244,1.25,1.228,1.231,1.24,-0.009,-0.7258,183388.31,22734.9467
159903.SZ,20110518,1.224,1.243,1.224,1.24,1.227,0.013,1.0595,130034.72,16067.2222
159903.SZ,20110517,1.219,1.237,1.215,1.227,1.219,0.008,0.6563,174310.54,21377.77
159903.SZ,20110516,1.231,1.236,1.219,1.219,1.231,-0.012,-0.9748,147421.61,18127.533
159903.SZ,20110513,1.223,1.233,1.213,1.231,1.223,0.008,0.6541,287161.78,35089.4217
159903.SZ,20110512,1.227,1.24,1.222,1.223,1.233,-0.01,-0.811,108067.69,13302.5272
159903.SZ,20110511,1.237,1.242,1.227,1.233,1.236,-0.003,-0.2427,103425.02,12791.0955
159903.SZ,20110510,1.23,1.236,1.223,1.236,1.226,0.01,0.8157,130231.55,16049.4182
159903.SZ,20110509,1.224,1.236,1.222,1.226,1.222,0.004,0.3273,98110.76,12056.1658
159903.SZ,20110506,1.218,1.23,1.205,1.222,1.224,-0.002,-0.1634,206379.02,25158.4831
159903.SZ,20110505,1.22,1.227,1.217,1.224,1.222,0.002,0.1637,145980.33,17841.8541
159903.SZ,20110504,1.253,1.253,1.215,1.222,1.256,-0.034,-2.707,214854.76,26503.7345
159903.SZ,20110503,1.246,1.256,1.236,1.256,1.247,0.009,0.7217,217170.01,27081.0944
159903.SZ,20110429,1.234,1.247,1.229,1.247,1.227,0.02,1.63,193409.79,23990.7838
159903.SZ,20110428,1.254,1.257,1.226,1.227,1.25,-0.023,-1.84,267333.23,33255.2983
159903.SZ,20110427,1.261,1.271,1.244,1.25,1.258,-0.008,-0.6359,262670.34,33045.7408
159903.SZ,20110426,1.265,1.269,1.252,1.258,1.266,-0.008,-0.6319,187984.21,23702.5932
159903.SZ,20110425,1.285,1.285,1.266,1.266,1.285,-0.019,-1.4786,171270.86,21793.0106
159903.SZ,20110422,1.29,1.295,1.282,1.285,1.293,-0.008,-0.6187,158752.67,20454.2127
159903.SZ,20110421,1.291,1.3,1.29,1.293,1.288,0.005,0.3882,174142.88,22547.9689
159903.SZ,20110420,1.286,1.297,1.284,1.288,1.285,0.003,0.2335,101315.19,13072.6728
159903.SZ,20110419,1.3,1.3,1.282,1.285,1.306,-0.021,-1.608,142010.87,18328.7796
159903.SZ,20110418,1.302,1.31,1.294,1.306,1.304,0.002,0.1534,150064.56,19543.1502
159903.SZ,20110415,1.303,1.313,1.289,1.304,1.306,-0.002,-0.1531,170303.34,22155.9595
159903.SZ,20110414,1.316,1.318,1.303,1.306,1.316,-0.01,-0.7599,128193.59,16798.6986
159903.SZ,20110413,1.292,1.318,1.286,1.316,1.299,0.017,1.3087,161315.24,20982.9034
159903.SZ,20110412,1.297,1.311,1.291,1.299,1.3,-0.001,-0.0769,118869.52,15478.3082
159903.SZ,20110411,1.309,1.321,1.298,1.3,1.31,-0.01,-0.7634,175167.83,22981.2627
159903.SZ,20110408,1.291,1.311,1.289,1.31,1.297,0.013,1.0023,183669.97,23982.7121
159903.SZ,20110407,1.275,1.298,1.275,1.297,1.279,0.018,1.4073,168027.54,21661.173
159903.SZ,20110406,1.272,1.285,1.265,1.279,1.277,0.002,0.1566,138279.39,17643.2406
159903.SZ,20110401,1.263,1.278,1.26,1.277,1.263,0.014,1.1085,108066.75,13706.6146
159903.SZ,20110331,1.273,1.278,1.261,1.263,1.275,-0.012,-0.9412,129948.07,16474.5888
159903.SZ,20110330,1.272,1.292,1.265,1.275,1.272,0.003,0.2358,272076.36,34735.4719
159903.SZ,20110329,1.292,1.298,1.272,1.272,1.293,-0.021,-1.6241,196797.95,25321.7812
159903.SZ,20110328,1.307,1.315,1.293,1.293,1.307,-0.014,-1.0712,170858.5,22302.7656
159903.SZ,20110325,1.285,1.308,1.284,1.307,1.285,0.022,1.7121,213119.71,27731.1651
159903.SZ,20110324,1.292,1.297,1.285,1.285,1.29,-0.005,-0.3876,140886.35,18199.959
159903.SZ,20110323,1.274,1.294,1.272,1.29,1.276,0.014,1.0972,783819.69,100690.8854
159903.SZ,20110322,1.278,1.283,1.26,1.276,1.274,0.002,0.157,283826.74,36094.7836
159903.SZ,20110321,1.287,1.293,1.273,1.274,1.286,-0.012,-0.9331,286552.47,36720.9619
159903.SZ,20110318,1.287,1.296,1.28,1.286,1.278,0.008,0.626,340178.65,43769.3335
159903.SZ,20110317,1.29,1.297,1.275,1.278,1.302,-0.024,-1.8433,235687.29,30334.9243
159903.SZ,20110316,1.29,1.303,1.28,1.302,1.29,0.012,0.9302,510686.17,65910.6865
159903.SZ,20110315,1.301,1.307,1.26,1.29,1.311,-0.021,-1.6018,964530.0,123179.7178
159903.SZ,20110314,1.297,1.311,1.292,1.311,1.296,0.015,1.1574,227920.5,29689.7751
159903.SZ,20110311,1.312,1.318,1.29,1.296,1.315,-0.019,-1.4449,408217.38,53418.0935
159903.SZ,20110310,1.325,1.328,1.314,1.315,1.331,-0.016,-1.2021,259544.61,34271.1186
159903.SZ,20110309,1.329,1.338,1.325,1.331,1.33,0.001,0.0752,296988.82,39565.0229
159903.SZ,20110308,1.327,1.333,1.322,1.33,1.328,0.002,0.1506,296441.79,39362.318
159903.SZ,20110307,1.308,1.332,1.308,1.328,1.306,0.022,1.6845,465223.02,61655.6575
159903.SZ,20110304,1.286,1.306,1.284,1.306,1.285,0.021,1.6342,446541.39,57856.68
159903.SZ,20110303,1.299,1.312,1.28,1.285,1.302,-0.017,-1.3057,301084.51,39123.5016
159903.SZ,20110302,1.305,1.308,1.286,1.302,1.313,-0.011,-0.8378,515577.3,66943.5782
159903.SZ,20110301,1.306,1.318,1.302,1.313,1.305,0.008,0.613,496358.69,64995.6491
159903.SZ,20110228,1.282,1.308,1.271,1.305,1.279,0.026,2.0328,463086.64,59884.3175
159903.SZ,20110225,1.27,1.288,1.264,1.279,1.271,0.008,0.6294,524256.59,66900.1615
159903.SZ,20110224,1.262,1.275,1.256,1.271,1.264,0.007,0.5538,237528.87,30114.0894
159903.SZ,20110223,1.262,1.272,1.256,1.264,1.265,-0.001,-0.0791,153044.9,19357.4494
159903.SZ,20110222,1.304,1.306,1.264,1.265,1.303,-0.038,-2.9163,484760.04,61999.7943
159903.SZ,20110221,1.276,1.303,1.27,1.303,1.279,0.024,1.8765,482005.77,61832.7112
159903.SZ,20110218,1.29,1.292,1.274,1.279,1.295,-0.016,-1.2355,299194.53,38369.6345
159903.SZ,20110217,1.306,1.311,1.283,1.295,1.303,-0.008,-0.614,221935.63,28786.961
159903.SZ,20110216,1.286,1.303,1.28,1.303,1.287,0.016,1.2432,274758.37,35530.7378
159903.SZ,20110215,1.294,1.303,1.287,1.287,1.291,-0.004,-0.3098,312398.0,40491.5039
159903.SZ,20110214,1.246,1.294,1.246,1.291,1.247,0.044,3.5285,708741.18,90867.9029
159903.SZ,20110211,1.235,1.255,1.227,1.247,1.235,0.012,0.9717,281653.35,35043.9791
159903.SZ,20110210,1.194,1.236,1.192,1.235,1.197,0.038,3.1746,340078.89,41183.1974
159903.SZ,20110209,1.211,1.221,1.194,1.197,1.215,-0.018,-1.4815,189946.51,22930.7646
159903.SZ,20110201,1.217,1.222,1.208,1.215,1.215,0.0,0.0,68492.9,8311.9188
159903.SZ,20110131,1.199,1.218,1.198,1.215,1.201,0.014,1.1657,398493.46,48180.7955
159903.SZ,20110128,1.19,1.209,1.19,1.201,1.195,0.006,0.5021,156375.45,18769.9385
159903.SZ,20110127,1.171,1.198,1.157,1.195,1.18,0.015,1.2712,188771.54,22358.2947
159903.SZ,20110126,1.16,1.18,1.16,1.18,1.16,0.02,1.7241,107874.82,12656.1552
159903.SZ,20110125,1.166,1.17,1.156,1.16,1.166,-0.006,-0.5146,86939.49,10104.3204
159903.SZ,20110124,1.179,1.184,1.158,1.166,1.18,-0.014,-1.1864,125056.48,14627.001
159903.SZ,20110121,1.176,1.202,1.167,1.18,1.178,0.002,0.1698,188445.78,22278.5757
159903.SZ,20110120,1.216,1.221,1.174,1.178,1.222,-0.044,-3.6007,139158.81,16621.7919
159903.SZ,20110119,1.192,1.222,1.19,1.222,1.193,0.029,2.4308,157907.79,19066.6411
159903.SZ,20110118,1.188,1.196,1.178,1.193,1.191,0.002,0.1679,276228.99,32736.8814
159903.SZ,20110117,1.238,1.239,1.185,1.191,1.241,-0.05,-4.029,188603.14,22813.9059
159903.SZ,20110114,1.254,1.256,1.236,1.241,1.259,-0.018,-1.4297,97186.07,12095.9131
159903.SZ,20110113,1.258,1.263,1.254,1.259,1.257,0.002,0.1591,97616.56,12299.2362
159903.SZ,20110112,1.256,1.268,1.244,1.257,1.254,0.003,0.2392,119743.82,15041.9001
159903.SZ,20110111,1.247,1.258,1.24,1.254,1.249,0.005,0.4003,110461.46,13798.6053
159903.SZ,20110110,1.27,1.282,1.247,1.249,1.276,-0.027,-2.116,171915.07,21749.5411
159903.SZ,20110107,1.275,1.297,1.27,1.276,1.278,-0.002,-0.1565,222466.36,28521.6906
159903.SZ,20110106,1.281,1.296,1.273,1.278,1.278,0.0,0.0,178815.79,22911.5543
159903.SZ,20110105,1.285,1.291,1.276,1.278,1.287,-0.009,-0.6993,256797.44,32914.8827
159903.SZ,20110104,1.263,1.291,1.263,1.287,1.262,0.025,1.981,297845.0,38106.7881
159903.SZ,20101231,1.235,1.264,1.234,1.262,1.234,0.028,2.269,250271.48,31191.5448
159903.SZ,20101230,1.225,1.238,1.216,1.234,1.231,0.003,0.2437,198242.38,24364.7497
159903.SZ,20101229,1.227,1.235,1.215,1.231,1.223,0.008,0.6541,139973.25,17142.034
159903.SZ,20101228,1.239,1.247,1.221,1.223,1.248,-0.025,-2.0032,420295.73,51846.9963
159903.SZ,20101227,1.278,1.3,1.241,1.248,1.273,-0.025,-1.9639,361476.7,46196.9483
159903.SZ,20101224,1.275,1.284,1.265,1.273,1.281,-0.008,-0.6245,423396.44,54095.5907
159903.SZ,20101223,1.291,1.304,1.279,1.281,1.296,-0.015,-1.1574,235941.03,30491.3556
159903.SZ,20101222,1.303,1.317,1.293,1.296,1.306,-0.01,-0.7657,522781.68,68028.6161
159903.SZ,20101221,1.273,1.311,1.272,1.306,1.274,0.032,2.5118,241952.5,31209.0588
159903.SZ,20101220,1.303,1.306,1.244,1.274,1.294,-0.02,-1.5456,275037.22,35254.9579
159903.SZ,20101217,1.296,1.303,1.29,1.294,1.303,-0.009,-0.6907,469127.01,60745.0319
159903.SZ,20101216,1.3,1.31,1.295,1.303,1.303,0.0,0.0,318665.67,41580.6498
159903.SZ,20101215,1.312,1.318,1.302,1.303,1.315,-0.012,-0.9125,438432.98,57439.9498
159903.SZ,20101214,1.32,1.32,1.307,1.315,1.315,0.0,0.0,519512.55,68171.3395
159903.SZ,20101213,1.272,1.315,1.27,1.315,1.265,0.05,3.9526,639740.77,83191.8904
159903.SZ,20101210,1.255,1.273,1.243,1.265,1.253,0.012,0.9577,382169.42,48022.582
159903.SZ,20101209,1.272,1.277,1.252,1.253,1.276,-0.023,-1.8025,207175.01,26224.1412
159903.SZ,20101208,1.283,1.3,1.274,1.276,1.282,-0.006,-0.468,608536.81,78137.5107
159903.SZ,20101207,1.253,1.289,1.237,1.282,1.26,0.022,1.746,457684.7,57834.6855
159903.SZ,20101206,1.261,1.268,1.246,1.26,1.257,0.003,0.2387,430632.26,54133.1299
159903.SZ,20101203,1.251,1.263,1.243,1.257,1.248,0.009,0.7212,413087.13,51782.8247
159903.SZ,20101202,1.25,1.264,1.247,1.248,1.235,0.013,1.0526,235347.14,29591.6605
159903.SZ,20101201,1.235,1.243,1.224,1.235,1.24,-0.005,-0.4032,275014.34,33991.0288
159903.SZ,20101130,1.251,1.266,1.207,1.24,1.255,-0.015,-1.1952,966593.45,119215.9857
159903.SZ,20101129,1.259,1.262,1.239,1.255,1.266,-0.011,-0.8689,337779.91,42181.3618
159903.SZ,20101126,1.266,1.272,1.251,1.266,1.266,0.0,0.0,366066.18,46174.9814
159903.SZ,20101125,1.25,1.27,1.247,1.266,1.246,0.02,1.6051,446447.35,56258.894
159903.SZ,20101124,1.208,1.248,1.208,1.246,1.213,0.033,2.7205,379261.84,46873.3492
159903.SZ,20101123,1.235,1.235,1.19,1.213,1.237,-0.024,-1.9402,428833.2,51893.9694
159903.SZ,20101122,1.224,1.251,1.222,1.237,1.25,-0.013,-1.04,560487.29,69352.0384
159903.SZ,20101119,1.22,1.25,1.192,1.25,1.218,0.032,2.6273,1582477.12,192209.9687
159903.SZ,20101118,1.211,1.224,1.2,1.218,1.207,0.011,0.9114,761775.95,92344.6818
159903.SZ,20101117,1.218,1.227,1.191,1.207,1.223,-0.016,-1.3083,1117810.66,135588.6004
159903.SZ,20101116,1.282,1.283,1.22,1.223,1.285,-0.062,-4.8249,794268.12,99743.8376
159903.SZ,20101115,1.278,1.295,1.263,1.285,1.275,0.01,0.7843,794093.52,101381.1296
159903.SZ,20101112,1.363,1.369,1.271,1.275,1.375,-0.1,-7.2727,1902965.81,250225.2694
159903.SZ,20101111,1.371,1.398,1.37,1.375,1.373,0.002,0.1457,934376.6,129621.5337
159903.SZ,20101110,1.369,1.38,1.362,1.373,1.373,0.0,0.0,641433.41,87909.843
159903.SZ,20101109,1.381,1.384,1.367,1.373,1.384,-0.011,-0.7948,904189.89,124323.3454
159903.SZ,20101108,1.376,1.385,1.368,1.384,1.377,0.007,0.5084,696558.39,96057.6662
159903.SZ,20101105,1.382,1.395,1.37,1.377,1.365,0.012,0.8791,812080.95,111926.242
159903.SZ,20101104,1.344,1.366,1.343,1.365,1.344,0.021,1.5625,628032.62,85091.3824
159903.SZ,20101103,1.37,1.375,1.344,1.344,1.37,-0.026,-1.8978,762267.82,103928.9039
159903.SZ,20101102,1.379,1.4,1.37,1.37,1.38,-0.01,-0.7246,1201472.25,166128.9042
159903.SZ,20101101,1.342,1.382,1.342,1.38,1.342,0.038,2.8316,861385.02,117838.2853
159903.SZ,20101029,1.352,1.356,1.33,1.342,1.351,-0.009,-0.6662,626982.77,84272.8876
159903.SZ,20101028,1.35,1.365,1.339,1.351,1.352,-0.001,-0.074,1011073.09,136990.4147
159903.SZ,20101027,1.372,1.392,1.35,1.352,1.377,-0.025,-1.8155,1360261.87,187164.4165
159903.SZ,20101026,1.38,1.387,1.366,1.377,1.379,-0.002,-0.145,2471886.15,340824.6366
159903.SZ,20101025,1.333,1.38,1.333,1.379,1.331,0.048,3.6063,1483933.08,202344.6848
159903.SZ,20101022,1.315,1.342,1.31,1.331,1.316,0.015,1.1398,537188.15,71372.7495
159903.SZ,20101021,1.32,1.333,1.305,1.316,1.317,-0.001,-0.0759,796792.6,105240.5308
159903.SZ,20101020,1.288,1.333,1.27,1.317,1.301,0.016,1.2298,1039278.47,135384.8391
159903.SZ,20101019,1.268,1.301,1.264,1.301,1.267,0.034,2.6835,670277.57,85978.8744
159903.SZ,20101018,1.28,1.293,1.26,1.267,1.278,-0.011,-0.8607,630907.83,80726.9608
159903.SZ,20101015,1.251,1.289,1.246,1.278,1.253,0.025,1.9952,701186.83,88964.8963
159903.SZ,20101014,1.273,1.281,1.253,1.253,1.267,-0.014,-1.105,708235.71,89641.1617
159903.SZ,20101013,1.242,1.269,1.239,1.267,1.241,0.026,2.0951,565931.58,71054.6346
159903.SZ,20101012,1.228,1.243,1.222,1.241,1.229,0.012,0.9764,502063.3,62038.1858
159903.SZ,20101011,1.215,1.238,1.209,1.229,1.2,0.029,2.4167,545601.9,66866.5579
159903.SZ,20101008,1.162,1.203,1.161,1.2,1.154,0.046,3.9861,537535.35,64088.3871
159903.SZ,20100930,1.125,1.155,1.12,1.154,1.128,0.026,2.305,337017.4,38543.5165
159903.SZ,20100929,1.133,1.144,1.127,1.128,1.134,-0.006,-0.5291,216091.53,24580.3861
159903.SZ,20100928,1.15,1.15,1.132,1.134,1.146,-0.012,-1.0471,189967.46,21655.9674
159903.SZ,20100927,1.134,1.15,1.128,1.146,1.128,0.018,1.5957,367687.24,41945.8333
159903.SZ,20100921,1.123,1.145,1.12,1.128,1.123,0.005,0.4452,278462.71,31406.0423
159903.SZ,20100920,1.13,1.133,1.114,1.123,1.126,-0.003,-0.2664,460479.36,51866.6547
159903.SZ,20100917,1.121,1.135,1.12,1.126,1.12,0.006,0.5357,368976.03,41558.807
159903.SZ,20100916,1.143,1.15,1.113,1.12,1.147,-0.027,-2.354,396834.38,44739.6578
159903.SZ,20100915,1.176,1.176,1.142,1.147,1.174,-0.027,-2.2998,359453.31,41667.1313
159903.SZ,20100914,1.175,1.183,1.169,1.174,1.174,0.0,0.0,463080.75,54425.2695
159903.SZ,20100913,1.16,1.181,1.155,1.174,1.157,0.017,1.4693,460961.41,53903.4694
159903.SZ,20100910,1.15,1.161,1.137,1.157,1.153,0.004,0.3469,430853.12,49600.1103
159903.SZ,20100909,1.179,1.18,1.149,1.153,1.178,-0.025,-2.1222,474274.79,55216.3355
159903.SZ,20100908,1.168,1.18,1.164,1.178,1.174,0.004,0.3407,490692.07,57491.936
159903.SZ,20100907,1.174,1.181,1.165,1.174,1.174,0.0,0.0,397245.15,46563.6874
159903.SZ,20100906,1.159,1.177,1.159,1.174,1.151,0.023,1.9983,567232.07,66480.2388
159903.SZ,20100903,1.153,1.16,1.142,1.151,1.153,-0.002,-0.1735,542957.62,62509.5496
159903.SZ,20100902,1.148,1.16,1.145,1.153,1.136,0.017,1.4965,511589.71,58967.7276
159903.SZ,20100901,1.147,1.155,1.122,1.136,1.141,-0.005,-0.4382,549755.45,62641.2843
159903.SZ,20100831,1.131,1.145,1.131,1.141,1.137,0.004,0.3518,482437.53,54959.5886
159903.SZ,20100830,1.114,1.142,1.114,1.137,1.11,0.027,2.4324,561079.94,63476.7595
159903.SZ,20100827,1.105,1.112,1.1,1.11,1.108,0.002,0.1805,434100.19,48000.13
159903.SZ,20100826,1.107,1.118,1.102,1.108,1.104,0.004,0.3623,381944.32,42373.4156
159903.SZ,20100825,1.123,1.126,1.1,1.104,1.127,-0.023,-2.0408,596605.92,66441.0466
159903.SZ,20100824,1.113,1.138,1.106,1.127,1.113,0.014,1.2579,761639.84,85504.5912
159903.SZ,20100823,1.114,1.126,1.112,1.113,1.116,-0.003,-0.2688,397562.44,44520.5737
159903.SZ,20100820,1.135,1.14,1.115,1.116,1.14,-0.024,-2.1053,639305.14,71902.319
159903.SZ,20100819,1.135,1.151,1.128,1.14,1.135,0.005,0.4405,1096441.27,124705.1545
159903.SZ,20100818,1.138,1.144,1.129,1.135,1.137,-0.002,-0.1759,652531.22,74241.1396
159903.SZ,20100817,1.125,1.142,1.125,1.137,1.123,0.014,1.2467,627908.6,71250.0129
159903.SZ,20100816,1.092,1.129,1.089,1.123,1.096,0.027,2.4635,728892.63,81182.9732
159903.SZ,20100813,1.073,1.098,1.07,1.096,1.076,0.02,1.8587,698069.36,75672.6429
159903.SZ,20100812,1.078,1.099,1.073,1.076,1.087,-0.011,-1.012,464782.77,50450.1434
159903.SZ,20100811,1.076,1.094,1.072,1.087,1.077,0.01,0.9285,494629.34,53634.9462
159903.SZ,20100810,1.105,1.114,1.076,1.077,1.109,-0.032,-2.8855,627048.52,68782.5796
159903.SZ,20100809,1.109,1.114,1.098,1.109,1.109,0.0,0.0,632615.6,70093.8912
159903.SZ,20100806,1.081,1.109,1.072,1.109,1.088,0.021,1.9301,899784.14,97731.0
159903.SZ,20100805,1.096,1.1,1.081,1.088,1.104,-0.016,-1.4493,807032.28,88051.0533
159903.SZ,20100804,1.088,1.104,1.072,1.104,1.093,0.011,1.0064,1296304.98,141226.3673
159903.SZ,20100803,1.125,1.125,1.093,1.093,1.117,-0.024,-2.1486,990882.43,110066.4906
159903.SZ,20100802,1.088,1.118,1.088,1.117,1.09,0.027,2.4771,602770.47,66715.5399
159903.SZ,20100730,1.091,1.096,1.077,1.09,1.096,-0.006,-0.5474,537355.99,58379.1052
159903.SZ,20100729,1.089,1.101,1.082,1.096,1.09,0.006,0.5505,609315.67,66652.748
159903.SZ,20100728,1.059,1.093,1.059,1.09,1.063,0.027,2.54,954180.28,102795.9385
159903.SZ,20100727,1.058,1.07,1.057,1.063,1.064,-0.001,-0.094,401335.97,42732.6511
159903.SZ,20100726,1.064,1.067,1.05,1.064,1.059,0.005,0.4721,489683.64,51948.5749
159903.SZ,20100723,1.056,1.066,1.049,1.059,1.057,0.002,0.1892,994499.27,105252.8739
159903.SZ,20100722,1.04,1.057,1.036,1.057,1.036,0.021,2.027,583874.37,61171.268
159903.SZ,20100721,1.036,1.048,1.032,1.036,1.038,-0.002,-0.1927,729416.71,75810.6043
159903.SZ,20100720,1.015,1.042,1.012,1.038,1.012,0.026,2.5692,945646.82,97845.569
159903.SZ,20100719,0.975,1.021,0.972,1.012,0.986,0.026,2.6369,773044.98,77437.8756
159903.SZ,20100716,0.971,0.987,0.964,0.986,0.973,0.013,1.3361,394637.38,38454.7597
159903.SZ,20100715,0.977,0.998,0.973,0.973,0.983,-0.01,-1.0173,472316.35,46592.4303
159903.SZ,20100714,0.982,0.998,0.976,0.983,0.981,0.002,0.2039,260519.02,25784.5268
159903.SZ,20100713,0.993,0.993,0.975,0.981,0.997,-0.016,-1.6048,338646.73,33249.6226
159903.SZ,20100712,0.973,1.003,0.973,0.997,0.985,0.012,1.2183,461302.36,45935.3242
159903.SZ,20100709,0.945,0.992,0.943,0.985,0.947,0.038,4.0127,331195.26,32203.3723
159903.SZ,20100708,0.951,0.959,0.945,0.947,0.948,-0.001,-0.1055,201163.31,19149.0344
159903.SZ,20100707,0.943,0.95,0.935,0.948,0.936,0.012,1.2821,336564.89,31743.3888
159903.SZ,20100706,0.914,0.944,0.909,0.936,0.917,0.019,2.072,659809.36,61458.6981
159903.SZ,20100705,0.911,0.925,0.9,0.917,0.925,-0.008,-0.8649,264937.53,24236.2355
159903.SZ,20100702,0.92,0.931,0.897,0.925,0.924,0.001,0.1082,472501.14,43449.8575
159903.SZ,20100701,0.942,0.946,0.923,0.924,0.942,-0.018,-1.9108,425579.82,39733.9143
159903.SZ,20100630,0.956,0.956,0.936,0.942,0.956,-0.014,-1.4644,164802.67,15534.4404
159903.SZ,20100629,1.005,1.007,0.956,0.956,1.002,-0.046,-4.5908,452883.95,44215.068
159903.SZ,20100628,1.016,1.019,1.001,1.002,1.014,-0.012,-1.1834,126850.51,12824.0751
159903.SZ,20100625,1.021,1.026,1.008,1.014,1.026,-0.012,-1.1696,174129.38,17711.9575
159903.SZ,20100624,1.019,1.036,1.019,1.026,1.026,0.0,0.0,142642.25,14661.3401
159903.SZ,20100623,1.027,1.039,1.017,1.026,1.036,-0.01,-0.9653,179598.18,18453.417
159903.SZ,20100622,1.033,1.043,1.025,1.036,1.034,0.002,0.1934,201443.03,20863.1542
159903.SZ,20100621,1.009,1.036,0.991,1.034,1.001,0.033,3.2967,309768.1,31437.6157
159903.SZ,20100618,1.018,1.024,0.99,1.001,1.018,-0.017,-1.6699,240599.8,24209.1934
159903.SZ,20100617,1.029,1.039,1.016,1.018,1.026,-0.008,-0.7797,152558.6,15673.0298
159903.SZ,20100611,1.03,1.041,1.023,1.026,1.026,0.0,0.0,376190.32,38860.8203
159903.SZ,20100610,1.03,1.037,1.022,1.026,1.037,-0.011,-1.0608,211196.84,21748.9668
159903.SZ,20100609,1.008,1.039,1.005,1.037,1.005,0.032,3.1841,400031.43,40787.8929
159903.SZ,20100608,1.001,1.011,0.996,1.005,1.002,0.003,0.2994,298205.88,29942.6172
159903.SZ,20100607,1.0,1.017,0.994,1.002,1.019,-0.017,-1.6683,195283.32,19576.8382
159903.SZ,20100604,1.009,1.022,1.007,1.019,1.014,0.005,0.4931,119124.52,12082.2656
159903.SZ,20100603,1.025,1.034,1.013,1.014,1.019,-0.005,-0.4907,263709.99,26986.2659
159903.SZ,20100602,1.008,1.019,0.999,1.019,1.009,0.01,0.9911,211271.17,21316.4604
159903.SZ,20100601,1.017,1.027,1.0,1.009,1.029,-0.02,-1.9436,290244.55,29343.4323
159903.SZ,20100531,1.045,1.057,1.025,1.029,1.051,-0.022,-2.0932,215847.52,22480.6526
159903.SZ,20100528,1.063,1.07,1.045,1.051,1.054,-0.003,-0.2846,238889.39,25262.579
159903.SZ,20100527,1.032,1.058,1.02,1.054,1.035,0.019,1.8357,334247.45,34865.574
159903.SZ,20100526,1.038,1.048,1.03,1.035,1.038,-0.003,-0.289,254129.22,26385.2242
159903.SZ,20100525,1.055,1.055,1.029,1.038,1.064,-0.026,-2.4436,252338.85,26334.8763
159903.SZ,20100524,1.025,1.071,1.025,1.064,1.022,0.042,4.1096,441470.03,46672.6881
159903.SZ,20100521,0.975,1.024,0.968,1.022,0.997,0.025,2.5075,470617.64,47040.8685
159903.SZ,20100520,0.992,1.022,0.99,0.997,0.999,-0.002,-0.2002,326798.22,32915.887
159903.SZ,20100519,0.989,1.015,0.98,0.999,1.0,-0.001,-0.1,291615.5,29035.2467
159903.SZ,20100518,0.976,1.007,0.964,1.0,0.976,0.024,2.459,455620.34,44884.8293
159903.SZ,20100517,1.022,1.022,0.973,0.976,1.032,-0.056,-5.4264,362471.34,36110.165
159903.SZ,20100514,1.031,1.04,1.024,1.032,1.041,-0.009,-0.8646,294152.55,30358.4747
159903.SZ,20100513,1.011,1.042,1.01,1.041,1.012,0.029,2.8656,322142.56,33075.7989
159903.SZ,20100512,1.005,1.021,0.992,1.012,1.009,0.003,0.2973,396328.15,39962.6489
159903.SZ,20100511,1.043,1.048,1.008,1.009,1.025,-0.016,-1.561,595731.55,61118.9877
159903.SZ,20100510,1.017,1.032,1.002,1.025,1.015,0.01,0.9852,577286.65,58862.8134
159903.SZ,20100507,1.035,1.035,1.009,1.015,1.055,-0.04,-3.7915,731066.29,74572.3083
159903.SZ,20100506,1.094,1.094,1.041,1.055,1.099,-0.044,-4.0036,373376.02,39762.7936
159903.SZ,20100505,1.089,1.1,1.065,1.099,1.094,0.005,0.457,315241.89,34221.5056
159903.SZ,20100504,1.097,1.113,1.09,1.094,1.113,-0.019,-1.7071,210263.9,23184.6217
159903.SZ,20100430,1.118,1.126,1.098,1.113,1.119,-0.006,-0.5362,268795.1,29760.6112
159903.SZ,20100429,1.137,1.145,1.118,1.119,1.133,-0.014,-1.2357,238799.81,27095.2286
159903.SZ,20100428,1.12,1.144,1.118,1.133,1.135,-0.002,-0.1762,415706.97,47027.8195
159903.SZ,20100427,1.159,1.159,1.116,1.135,1.159,-0.024,-2.0708,355591.37,40262.9515
159903.SZ,20100426,1.17,1.174,1.156,1.159,1.167,-0.008,-0.6855,226005.34,26410.6717
159903.SZ,20100423,1.168,1.179,1.161,1.167,1.166,0.001,0.0858,368447.52,43216.5193
159903.SZ,20100422,1.17,1.18,1.156,1.166,1.175,-0.009,-0.766,238752.98,27882.0034
159903.SZ,20100421,1.147,1.177,1.147,1.175,1.151,0.024,2.0851,564706.14,65749.1536
159903.SZ,20100420,1.162,1.172,1.138,1.151,1.166,-0.015,-1.2864,609823.5,70144.3941
159903.SZ,20100419,1.227,1.228,1.164,1.166,1.237,-0.071,-5.7397,754782.88,89942.0506
159903.SZ,20100416,1.25,1.251,1.232,1.237,1.249,-0.012,-0.9608,196094.38,24322.1245
159903.SZ,20100415,1.249,1.257,1.242,1.249,1.253,-0.004,-0.3192,266774.22,33333.7345
159903.SZ,20100414,1.248,1.254,1.243,1.253,1.247,0.006,0.4812,279786.54,34987.9998
159903.SZ,20100413,1.236,1.253,1.226,1.247,1.238,0.009,0.727,452920.91,56216.0906
159903.SZ,20100412,1.257,1.26,1.231,1.238,1.255,-0.017,-1.3546,329302.82,40885.9266
159903.SZ,20100409,1.243,1.255,1.239,1.255,1.245,0.01,0.8032,276369.56,34507.0282
159903.SZ,20100408,1.256,1.259,1.237,1.245,1.26,-0.015,-1.1905,240583.22,30037.7271
159903.SZ,20100407,1.267,1.268,1.254,1.26,1.269,-0.009,-0.7092,275027.32,34664.7418
159903.SZ,20100406,1.281,1.284,1.264,1.269,1.276,-0.007,-0.5486,236524.97,30186.5048
159903.SZ,20100402,1.269,1.279,1.269,1.276,1.266,0.01,0.7899,370375.8,47195.5873
159903.SZ,20100401,1.248,1.269,1.248,1.266,1.248,0.018,1.4423,303885.89,38319.268
159903.SZ,20100331,1.259,1.259,1.246,1.248,1.258,-0.01,-0.7949,188400.97,23566.6944
159903.SZ,20100330,1.255,1.26,1.251,1.258,1.255,0.003,0.239,298621.26,37518.8011
159903.SZ,20100329,1.23,1.256,1.228,1.255,1.223,0.032,2.6165,591492.93,73823.8904
159903.SZ,20100326,1.206,1.227,1.203,1.223,1.207,0.016,1.3256,186355.28,22693.588
159903.SZ,20100325,1.227,1.227,1.2,1.207,1.226,-0.019,-1.5498,248404.56,30075.3273
159903.SZ,20100324,1.226,1.237,1.225,1.226,1.227,-0.001,-0.0815,410311.84,50445.8155
159903.SZ,20100323,1.232,1.24,1.227,1.227,1.235,-0.008,-0.6478,221902.49,27381.6742
159903.SZ,20100322,1.238,1.24,1.229,1.235,1.236,-0.001,-0.0809,211101.47,26052.2489
159903.SZ,20100319,1.22,1.236,1.218,1.236,1.223,0.013,1.063,286178.15,35128.3081
159903.SZ,20100318,1.224,1.235,1.218,1.223,1.221,0.002,0.1638,307642.89,37783.7896
159903.SZ,20100317,1.199,1.222,1.196,1.221,1.197,0.024,2.005,419697.76,50793.333
159903.SZ,20100316,1.191,1.199,1.184,1.197,1.192,0.005,0.4195,327844.18,39048.0498
159903.SZ,20100315,1.219,1.219,1.186,1.192,1.219,-0.027,-2.2149,343778.39,41105.9647
159903.SZ,20100312,1.235,1.238,1.215,1.219,1.238,-0.019,-1.5347,358490.14,43983.5917
159903.SZ,20100311,1.238,1.246,1.226,1.238,1.238,0.0,0.0,328482.37,40628.7523
159903.SZ,20100310,1.247,1.255,1.235,1.238,1.252,-0.014,-1.1182,383480.36,47716.4332
159903.SZ,20100309,1.241,1.258,1.229,1.252,1.242,0.01,0.8052,372818.58,46364.9048
159903.SZ,20100308,1.24,1.248,1.233,1.242,1.233,0.009,0.7299,300270.16,37277.0792
159903.SZ,20100305,1.232,1.244,1.227,1.233,1.232,0.001,0.0812,288722.5,35698.4867
159903.SZ,20100304,1.26,1.273,1.229,1.232,1.261,-0.029,-2.2998,420944.54,52826.122
159903.SZ,20100303,1.254,1.261,1.245,1.261,1.257,0.004,0.3182,362234.16,45402.3572
159903.SZ,20100302,1.254,1.268,1.251,1.257,1.257,0.0,0.0,303899.13,38235.5589
159903.SZ,20100301,1.244,1.26,1.244,1.257,1.244,0.013,1.045,227804.15,28555.3668
159903.SZ,20100226,1.246,1.253,1.241,1.244,1.249,-0.005,-0.4003,253974.46,31688.7059
159903.SZ,20100225,1.231,1.25,1.231,1.249,1.231,0.018,1.4622,437582.97,54432.1758
159903.SZ,20100224,1.197,1.231,1.193,1.231,1.205,0.026,2.1577,424061.77,51617.7778
159903.SZ,20100223,1.215,1.218,1.192,1.205,1.221,-0.016,-1.3104,474248.68,56948.1893
159903.SZ,20100222,1.227,1.234,1.22,1.221,1.23,-0.009,-0.7317,341676.85,41867.2791
159903.SZ,20100212,1.24,1.24,1.224,1.23,1.224,0.006,0.4902,147291.59,18113.4227
159903.SZ,20100211,1.218,1.232,1.215,1.224,1.219,0.005,0.4102,228836.73,27995.6342
159903.SZ,20100210,1.203,1.22,1.203,1.219,1.197,0.022,1.8379,233071.04,28215.1367
159903.SZ,20100209,1.196,1.204,1.19,1.197,1.196,0.001,0.0836,204250.53,24422.9187
159903.SZ,20100208,1.189,1.201,1.186,1.196,1.193,0.003,0.2515,316627.4,37787.4594
159903.SZ,20100205,1.181,1.203,1.181,1.193,1.214,-0.021,-1.7298,455135.84,54328.2886
159903.SZ,20100204,1.222,1.229,1.21,1.214,1.232,-0.018,-1.461,444273.74,54190.7795
159903.SZ,20100203,1.191,1.235,1.171,1.232,1.191,0.041,3.4425,736486.43,88249.142
159903.SZ,20100202,1.2,1.219,1.19,1.191,1.2,-0.009,-0.75,1091651.78,131879.14
