代码,日期,MA5,MA10,MA20,MA60,SMA差值5-20,SMA差值5-20(%),SMA差值5-10,多空排列,排列评分
588090,2025-06-27,1.0132,1.0041,1.0105,1.0243,0.0027,0.2672,0.0091,方向分化,0.0
588090,2025-06-26,1.0068,1.0025,1.0105,1.024983,-0.0037,-0.3662,0.0043,方向分化,0.0
588090,2025-06-25,1.0012,1.0012,1.00965,1.025817,-0.00845,-0.8369,0.0,震荡排列,0.0
588090,2025-06-24,0.9958,0.9998,1.0087,1.0264,-0.0129,-1.2789,-0.004,长期温和空头排列,-0.48
588090,2025-06-23,0.993,1.0004,1.0091,1.027317,-0.0161,-1.5955,-0.0074,长期中等空头排列,-0.96
588090,2025-06-20,0.995,1.0044,1.01,1.02875,-0.015,-1.4851,-0.0094,长期温和空头排列,-0.48
588090,2025-06-19,0.9982,1.0083,1.01165,1.030183,-0.01345,-1.3295,-0.0101,长期温和空头排列,-0.48
588090,2025-06-18,1.0012,1.0121,1.01325,1.031933,-0.01205,-1.1892,-0.0109,震荡排列,0.0
588090,2025-06-17,1.0038,1.014,1.0147,1.033783,-0.0109,-1.0742,-0.0102,震荡排列,0.0
588090,2025-06-16,1.0078,1.0161,1.0163,1.035917,-0.0085,-0.8364,-0.0083,震荡排列,0.0
588090,2025-06-13,1.0138,1.0169,1.0174,1.037833,-0.0036,-0.3538,-0.0031,震荡排列,0.0
588090,2025-06-12,1.0184,1.0185,1.01875,1.039817,-0.00035,-0.0344,-0.0001,震荡排列,0.0
588090,2025-06-11,1.023,1.0181,1.02055,1.0414,0.00245,0.2401,0.0049,方向分化,0.0
588090,2025-06-10,1.0242,1.0176,1.02195,1.043333,0.00225,0.2202,0.0066,方向分化,0.0
588090,2025-06-09,1.0244,1.0178,1.02335,1.045317,0.00105,0.1026,0.0066,方向分化,0.0
588090,2025-06-06,1.02,1.0156,1.0236,1.047117,-0.0036,-0.3517,0.0044,方向分化,0.0
588090,2025-06-05,1.0186,1.015,1.0252,1.049,-0.0066,-0.6438,0.0036,方向分化,0.0
588090,2025-06-04,1.0132,1.0144,1.02665,1.0511,-0.01345,-1.3101,-0.0012,震荡排列,0.0
588090,2025-06-03,1.011,1.0154,1.02855,1.052733,-0.01755,-1.7063,-0.0044,长期中等空头排列,-0.96
588090,2025-05-30,1.0112,1.0165,1.0299,1.054383,-0.0187,-1.8157,-0.0053,长期中等空头排列,-0.96
588090,2025-05-29,1.0112,1.0179,1.031,1.0558,-0.0198,-1.9205,-0.0067,长期中等空头排列,-0.96
588090,2025-05-28,1.0114,1.019,1.03165,1.05735,-0.02025,-1.9629,-0.0076,长期中等空头排列,-0.96
588090,2025-05-27,1.0156,1.023,1.0331,1.059933,-0.0175,-1.6939,-0.0074,长期中等空头排列,-0.96
588090,2025-05-26,1.0198,1.0263,1.0344,1.0625,-0.0146,-1.4114,-0.0065,长期温和空头排列,-0.48
588090,2025-05-23,1.0218,1.0289,1.0357,1.06455,-0.0139,-1.3421,-0.0071,长期温和空头排列,-0.48
588090,2025-05-22,1.0246,1.0316,1.0375,1.066617,-0.0129,-1.2434,-0.007,长期温和空头排列,-0.48
588090,2025-05-21,1.0266,1.0354,1.03895,1.068417,-0.01235,-1.1887,-0.0088,长期温和空头排列,-0.48
588090,2025-05-20,1.0304,1.0389,1.0396,1.069083,-0.0092,-0.885,-0.0085,震荡排列,0.0
588090,2025-05-19,1.0328,1.0417,1.0404,1.069717,-0.0076,-0.7305,-0.0089,震荡排列,0.0
588090,2025-05-16,1.036,1.0433,1.0411,1.07,-0.0051,-0.4899,-0.0073,方向分化,0.0
588090,2025-05-15,1.0386,1.0441,1.0416,1.07075,-0.003,-0.288,-0.0055,方向分化,0.0
588090,2025-05-14,1.0442,1.0443,1.04225,1.07115,0.00195,0.1871,-0.0001,震荡排列,0.0
588090,2025-05-13,1.0474,1.0432,1.0421,1.071217,0.0053,0.5086,0.0042,震荡排列,0.0
588090,2025-05-12,1.0506,1.0425,1.041,1.07175,0.0096,0.9222,0.0081,震荡排列,0.0
588090,2025-05-09,1.0506,1.0425,1.03915,1.071967,0.01145,1.1019,0.0081,温和多头排列,0.4
588090,2025-05-08,1.0496,1.0434,1.03555,1.072483,0.01405,1.3568,0.0062,温和多头排列,0.4
588090,2025-05-07,1.0444,1.0425,1.03035,1.07235,0.01405,1.3636,0.0019,震荡排列,0.0
588090,2025-05-06,1.039,1.0403,1.0298,1.07205,0.0092,0.8934,-0.0013,震荡排列,0.0
588090,2025-04-30,1.0344,1.0391,1.0297,1.0713,0.0047,0.4564,-0.0047,方向分化,0.0
588090,2025-04-29,1.0344,1.0389,1.0303,1.070333,0.0041,0.3979,-0.0045,方向分化,0.0
588090,2025-04-28,1.0372,1.0391,1.0314,1.069867,0.0058,0.5623,-0.0019,震荡排列,0.0
588090,2025-04-25,1.0406,1.0402,1.0328,1.0693,0.0078,0.7552,0.0004,震荡排列,0.0
588090,2025-04-24,1.0416,1.041,1.0347,1.068833,0.0069,0.6669,0.0006,震荡排列,0.0
588090,2025-04-23,1.0438,1.0395,1.0361,1.068383,0.0077,0.7432,0.0043,温和多头排列,0.4
588090,2025-04-22,1.0434,1.0358,1.03715,1.067667,0.00625,0.6026,0.0076,震荡排列,0.0
588090,2025-04-21,1.041,1.0277,1.03875,1.066867,0.00225,0.2166,0.0133,方向分化,0.0
588090,2025-04-18,1.0398,1.0182,1.03995,1.065883,-0.00015,-0.0144,0.0216,方向分化,0.0
588090,2025-04-17,1.0404,1.0193,1.04295,1.065383,-0.00255,-0.2445,0.0211,方向分化,0.0
588090,2025-04-16,1.0352,1.0203,1.04625,1.064867,-0.01105,-1.0562,0.0149,方向分化,0.0
588090,2025-04-15,1.0282,1.0217,1.05035,1.063883,-0.02215,-2.1088,0.0065,方向分化,0.0
588090,2025-04-14,1.0144,1.0237,1.0545,1.063,-0.0401,-3.8028,-0.0093,长期强势空头排列,-1.44
588090,2025-04-11,0.9966,1.0254,1.05845,1.062133,-0.06185,-5.8435,-0.0288,长期强势空头排列,-1.58
588090,2025-04-10,0.9982,1.0284,1.06155,1.061367,-0.06335,-5.9677,-0.0302,强势空头排列,-1.32
588090,2025-04-09,1.0054,1.0327,1.06705,1.061017,-0.06165,-5.7776,-0.0273,强势空头排列,-1.32
588090,2025-04-08,1.0152,1.0385,1.07345,1.0604,-0.05825,-5.4264,-0.0233,强势空头排列,-1.32
588090,2025-04-07,1.033,1.0498,1.0822,1.060517,-0.0492,-4.5463,-0.0168,强势空头排列,-1.32
588090,2025-04-03,1.0542,1.0617,1.09145,1.061083,-0.03725,-3.4129,-0.0075,强势空头排列,-1.2
588090,2025-04-02,1.0586,1.0666,1.09685,1.060617,-0.03825,-3.4873,-0.008,强势空头排列,-1.2
588090,2025-04-01,1.06,1.0722,1.09995,1.060583,-0.03995,-3.632,-0.0122,强势空头排列,-1.2
588090,2025-03-31,1.0618,1.079,1.10295,1.060533,-0.04115,-3.7309,-0.0172,强势空头排列,-1.2
588090,2025-03-28,1.0666,1.0853,1.105,1.060617,-0.0384,-3.4751,-0.0187,强势空头排列,-1.2
588090,2025-03-27,1.0692,1.0915,1.1076,1.060433,-0.0384,-3.467,-0.0223,强势空头排列,-1.2
588090,2025-03-26,1.0746,1.0947,1.112,1.06,-0.0374,-3.3633,-0.0201,强势空头排列,-1.2
588090,2025-03-25,1.0844,1.1014,1.117,1.059483,-0.0326,-2.9185,-0.017,中等空头排列,-0.8
588090,2025-03-24,1.0962,1.1084,1.1208,1.059133,-0.0246,-2.1949,-0.0122,中等空头排列,-0.8
588090,2025-03-21,1.104,1.1146,1.1236,1.058217,-0.0196,-1.7444,-0.0106,中等空头排列,-0.8
588090,2025-03-20,1.1138,1.1212,1.12635,1.057183,-0.01255,-1.1142,-0.0074,温和空头排列,-0.4
588090,2025-03-19,1.1148,1.1271,1.1247,1.055533,-0.0099,-0.8802,-0.0123,方向分化,0.0
588090,2025-03-18,1.1184,1.1277,1.1225,1.0538,-0.0041,-0.3653,-0.0093,方向分化,0.0
588090,2025-03-17,1.1206,1.1269,1.11855,1.05215,0.00205,0.1833,-0.0063,方向分化,0.0
588090,2025-03-14,1.1252,1.1247,1.11615,1.0509,0.00905,0.8108,0.0005,震荡排列,0.0
588090,2025-03-13,1.1286,1.1237,1.11275,1.049533,0.01585,1.4244,0.0049,长期温和多头排列,0.48
588090,2025-03-12,1.1394,1.1293,1.11,1.048533,0.0294,2.6486,0.0101,长期中等多头排列,0.96
588090,2025-03-11,1.137,1.1326,1.1072,1.047,0.0298,2.6915,0.0044,长期中等多头排列,0.96
588090,2025-03-10,1.1332,1.1332,1.1033,1.045583,0.0299,2.7101,0.0,震荡排列,0.0
588090,2025-03-07,1.1242,1.1326,1.0997,1.043833,0.0245,2.2279,-0.0084,方向分化,0.0
588090,2025-03-06,1.1188,1.1315,1.09525,1.042033,0.02355,2.1502,-0.0127,方向分化,0.0
588090,2025-03-05,1.1192,1.1223,1.0895,1.040033,0.0297,2.726,-0.0031,方向分化,0.0
588090,2025-03-04,1.1282,1.1173,1.08425,1.038917,0.04395,4.0535,0.0109,长期强势多头排列,1.58
588090,2025-03-03,1.1332,1.1102,1.07775,1.037683,0.05545,5.145,0.023,长期强势多头排列,1.58
588090,2025-02-28,1.141,1.1076,1.0732,1.036333,0.0678,6.3176,0.0334,长期强势多头排列,1.58
588090,2025-02-27,1.1442,1.1018,1.0675,1.034783,0.0767,7.185,0.0424,长期强势多头排列,1.58
588090,2025-02-26,1.1254,1.0907,1.0598,1.031817,0.0656,6.1898,0.0347,长期强势多头排列,1.58
588090,2025-02-25,1.1064,1.0818,1.05205,1.02895,0.05435,5.1661,0.0246,长期强势多头排列,1.58
588090,2025-02-24,1.0872,1.0734,1.04505,1.026667,0.04215,4.0333,0.0138,长期强势多头排列,1.44
588090,2025-02-21,1.0742,1.0668,1.03825,1.02515,0.03595,3.4626,0.0074,长期强势多头排列,1.44
588090,2025-02-20,1.0594,1.059,1.03135,1.023583,0.02805,2.7197,0.0004,震荡排列,0.0
588090,2025-02-19,1.056,1.0567,1.0285,1.023,0.0275,2.6738,-0.0007,震荡排列,0.0
588090,2025-02-18,1.0572,1.0512,1.02585,1.021917,0.03135,3.056,0.006,长期强势多头排列,1.44
588090,2025-02-17,1.0596,1.0453,1.02275,1.021533,0.03685,3.603,0.0143,强势多头排列,1.2
588090,2025-02-14,1.0594,1.0388,1.01835,1.021383,0.04105,4.031,0.0206,强势多头排列,1.2
588090,2025-02-13,1.0586,1.0332,1.0152,1.022067,0.0434,4.275,0.0254,强势多头排列,1.32
588090,2025-02-12,1.0574,1.0289,1.01255,1.022683,0.04485,4.4294,0.0285,强势多头排列,1.32
588090,2025-02-11,1.0452,1.0223,1.0088,1.023283,0.0364,3.6082,0.0229,强势多头排列,1.2
588090,2025-02-10,1.031,1.0167,1.00445,1.023367,0.02655,2.6432,0.0143,中等多头排列,0.8
588090,2025-02-07,1.0182,1.0097,0.99965,1.023267,0.01855,1.8556,0.0085,中等多头排列,0.8
588090,2025-02-06,1.0078,1.0037,0.99655,1.02295,0.01125,1.1289,0.0041,温和多头排列,0.4
588090,2025-02-05,1.0004,1.0003,0.9955,1.022717,0.0049,0.4922,0.0001,震荡排列,0.0
588090,2025-01-27,0.9994,1.0005,0.99755,1.022283,0.00185,0.1855,-0.0011,震荡排列,0.0
588090,2025-01-24,1.0024,1.0002,1.0009,1.022067,0.0015,0.1499,0.0022,震荡排列,0.0
588090,2025-01-23,1.0012,0.9979,1.00365,1.022017,-0.00245,-0.2441,0.0033,方向分化,0.0
588090,2025-01-22,0.9996,0.9972,1.0062,1.0219,-0.0066,-0.6559,0.0024,方向分化,0.0
588090,2025-01-21,1.0002,0.9962,1.0082,1.02195,-0.008,-0.7935,0.004,方向分化,0.0
588090,2025-01-20,1.0016,0.9953,1.0094,1.02215,-0.0078,-0.7727,0.0063,方向分化,0.0
588090,2025-01-17,0.998,0.9922,1.01155,1.022567,-0.01355,-1.3395,0.0058,方向分化,0.0
588090,2025-01-16,0.9946,0.9896,1.0128,1.022717,-0.0182,-1.797,0.005,方向分化,0.0
588090,2025-01-15,0.9948,0.9894,1.01385,1.0231,-0.01905,-1.879,0.0054,方向分化,0.0
588090,2025-01-14,0.9922,0.9907,1.0134,1.023267,-0.0212,-2.092,0.0015,震荡排列,0.0
588090,2025-01-13,0.989,0.9946,1.01305,1.023617,-0.02405,-2.374,-0.0056,长期中等空头排列,-0.96
588090,2025-01-10,0.9864,1.0016,1.01515,1.024283,-0.02875,-2.8321,-0.0152,长期中等空头排列,-0.96
588090,2025-01-09,0.9846,1.0094,1.0182,1.023033,-0.0336,-3.2999,-0.0248,长期强势空头排列,-1.44
588090,2025-01-08,0.984,1.0152,1.02065,1.021567,-0.03665,-3.5908,-0.0312,强势空头排列,-1.2
588090,2025-01-07,0.9892,1.0202,1.02305,1.020467,-0.03385,-3.3087,-0.031,强势空头排列,-1.2
588090,2025-01-06,1.0002,1.0235,1.025,1.019767,-0.0248,-2.4195,-0.0233,震荡排列,0.0
588090,2025-01-03,1.0168,1.0309,1.029,1.019083,-0.0122,-1.1856,-0.0141,震荡排列,0.0
588090,2025-01-02,1.0342,1.036,1.03215,1.019333,0.00205,0.1986,-0.0018,震荡排列,0.0
588090,2024-12-31,1.0464,1.0383,1.0343,1.020133,0.0121,1.1699,0.0081,长期温和多头排列,0.48
588090,2024-12-30,1.0512,1.0361,1.0351,1.021633,0.0161,1.5554,0.0151,震荡排列,0.0
588090,2024-12-27,1.0468,1.0315,1.03495,1.019533,0.01185,1.145,0.0153,方向分化,0.0
588090,2024-12-26,1.045,1.0287,1.0344,1.014883,0.0106,1.0247,0.0163,方向分化,0.0
588090,2024-12-25,1.0378,1.027,1.03215,1.009167,0.00565,0.5474,0.0108,方向分化,0.0
588090,2024-12-24,1.0302,1.0261,1.03065,1.003183,-0.00045,-0.0437,0.0041,方向分化,0.0
588090,2024-12-23,1.021,1.0259,1.02745,0.99725,-0.00645,-0.6278,-0.0049,震荡排列,0.0
588090,2024-12-20,1.0162,1.0265,1.0254,0.991167,-0.0092,-0.8972,-0.0103,震荡排列,0.0
588090,2024-12-19,1.0124,1.0271,1.0234,0.98495,-0.011,-1.0748,-0.0147,方向分化,0.0
588090,2024-12-18,1.0162,1.0283,1.0244,0.979117,-0.0082,-0.8005,-0.0121,方向分化,0.0
588090,2024-12-17,1.022,1.0303,1.02555,0.9734,-0.00355,-0.3462,-0.0083,方向分化,0.0
588090,2024-12-16,1.0308,1.0341,1.0271,0.968,0.0037,0.3602,-0.0033,方向分化,0.0
588090,2024-12-13,1.0368,1.0384,1.02685,0.9626,0.00995,0.969,-0.0016,震荡排列,0.0
588090,2024-12-12,1.0418,1.0401,1.0267,0.957,0.0151,1.4707,0.0017,震荡排列,0.0
588090,2024-12-11,1.0404,1.0373,1.0276,0.951,0.0128,1.2456,0.0031,长期温和多头排列,0.48
588090,2024-12-10,1.0386,1.0352,1.03035,0.944983,0.00825,0.8007,0.0034,长期温和多头排列,0.48
588090,2024-12-09,1.0374,1.029,1.03245,0.939033,0.00495,0.4794,0.0084,方向分化,0.0
588090,2024-12-06,1.04,1.0243,1.03605,0.93335,0.00395,0.3813,0.0157,方向分化,0.0
588090,2024-12-05,1.0384,1.0197,1.03665,0.927467,0.00175,0.1688,0.0187,方向分化,0.0
588090,2024-12-04,1.0342,1.0205,1.038,0.92185,-0.0038,-0.3661,0.0137,方向分化,0.0
588090,2024-12-03,1.0318,1.0208,1.038,0.916233,-0.0062,-0.5973,0.011,方向分化,0.0
588090,2024-12-02,1.0206,1.0201,1.03755,0.910917,-0.01695,-1.6337,0.0005,震荡排列,0.0
588090,2024-11-29,1.0086,1.0153,1.03435,0.90515,-0.02575,-2.4895,-0.0067,中等空头排列,-0.8
588090,2024-11-28,1.001,1.0133,1.0309,0.8994,-0.0299,-2.9004,-0.0123,中等空头排列,-0.8
588090,2024-11-27,1.0068,1.0179,1.03025,0.89415,-0.02345,-2.2761,-0.0111,中等空头排列,-0.8
588090,2024-11-26,1.0098,1.0255,1.02885,0.88895,-0.01905,-1.8516,-0.0157,中等空头排列,-0.8
588090,2024-11-25,1.0196,1.0359,1.0302,0.884433,-0.0106,-1.0289,-0.0163,方向分化,0.0
588090,2024-11-22,1.022,1.0478,1.03165,0.879783,-0.00965,-0.9354,-0.0258,方向分化,0.0
588090,2024-11-21,1.0256,1.0536,1.03275,0.875033,-0.00715,-0.6923,-0.028,方向分化,0.0
588090,2024-11-20,1.029,1.0555,1.03095,0.8696,-0.00195,-0.1891,-0.0265,方向分化,0.0
588090,2024-11-19,1.0412,1.0552,1.0299,0.864483,0.0113,1.0972,-0.014,方向分化,0.0
588090,2024-11-18,1.0522,1.055,1.0293,0.8595,0.0229,2.2248,-0.0028,方向分化,0.0
588090,2024-11-15,1.0736,1.0534,1.03095,0.855017,0.04265,4.137,0.0202,长期强势多头排列,1.58
588090,2024-11-14,1.0816,1.0485,1.031,0.8501,0.0506,4.9079,0.0331,长期强势多头排列,1.58
588090,2024-11-13,1.082,1.0426,1.0233,0.844683,0.0587,5.7363,0.0394,长期强势多头排列,1.58
588090,2024-11-12,1.0692,1.0322,1.0137,0.83865,0.0555,5.475,0.037,长期强势多头排列,1.58
588090,2024-11-11,1.0578,1.0245,1.0059,0.83275,0.0519,5.1596,0.0333,长期强势多头排列,1.58
588090,2024-11-08,1.0332,1.0155,0.99825,0.826517,0.03495,3.5011,0.0177,长期强势多头排列,1.44
588090,2024-11-07,1.0154,1.0119,0.9916,0.821033,0.0238,2.4002,0.0035,长期中等多头排列,0.96
588090,2024-11-06,1.0032,1.0064,0.98785,0.81565,0.01535,1.5539,-0.0032,方向分化,0.0
588090,2024-11-05,0.9952,1.0046,0.9881,0.810617,0.0071,0.7186,-0.0094,方向分化,0.0
588090,2024-11-04,0.9912,1.0036,0.99225,0.806,-0.00105,-0.1058,-0.0124,方向分化,0.0
588090,2024-11-01,0.9978,1.0085,0.9893,0.802317,0.0085,0.8592,-0.0107,方向分化,0.0
588090,2024-10-31,1.0084,1.0135,0.97935,0.79895,0.02905,2.9663,-0.0051,方向分化,0.0
588090,2024-10-30,1.0096,1.004,0.9651,0.7945,0.0445,4.6109,0.0056,长期强势多头排列,1.58
588090,2024-10-29,1.014,0.9952,0.95005,0.790183,0.06395,6.7312,0.0188,长期强势多头排列,1.58
588090,2024-10-28,1.016,0.9873,0.9341,0.785783,0.0819,8.7678,0.0287,长期强势多头排列,1.58
588090,2024-10-25,1.0192,0.981,0.91645,0.781117,0.10275,11.2117,0.0382,长期强势多头排列,1.58
588090,2024-10-24,1.0186,0.9713,0.8987,0.776333,0.1199,13.3415,0.0473,长期强势多头排列,1.58
588090,2024-10-23,0.9984,0.9693,0.882,0.77195,0.1164,13.1973,0.0291,长期强势多头排列,1.58
588090,2024-10-22,0.9764,0.9716,0.86475,0.767983,0.11165,12.9112,0.0048,长期强势多头排列,1.58
588090,2024-10-21,0.9586,0.9809,0.8476,0.763917,0.111,13.0958,-0.0223,方向分化,0.0
588090,2024-10-18,0.9428,0.9701,0.83,0.759333,0.1128,13.5904,-0.0273,方向分化,0.0
588090,2024-10-17,0.924,0.9452,0.8133,0.754867,0.1107,13.6112,-0.0212,方向分化,0.0
588090,2024-10-16,0.9402,0.9262,0.8021,0.75235,0.1381,17.2173,0.014,长期强势多头排列,1.58
588090,2024-10-15,0.9668,0.9049,0.7909,0.749617,0.1759,22.2405,0.0619,长期强势多头排列,1.58
588090,2024-10-14,1.0032,0.8809,0.77875,0.746517,0.22445,28.8218,0.1223,长期强势多头排列,1.58
588090,2024-10-11,0.9974,0.8519,0.76575,0.742967,0.23165,30.2514,0.1455,长期强势多头排列,1.58
588090,2024-10-10,0.9664,0.8261,0.75415,0.739733,0.21225,28.1443,0.1403,长期强势多头排列,1.58
588090,2024-10-09,0.9122,0.7947,0.7397,0.7355,0.1725,23.3203,0.1175,长期强势多头排列,1.58
588090,2024-10-08,0.843,0.7579,0.7226,0.730167,0.1204,16.6621,0.0851,强势多头排列,1.32
588090,2024-09-30,0.7586,0.7143,0.70295,0.723683,0.05565,7.9166,0.0443,强势多头排列,1.32
588090,2024-09-27,0.7064,0.6899,0.6918,0.72015,0.0146,2.1104,0.0165,方向分化,0.0
588090,2024-09-26,0.6858,0.6814,0.68795,0.719367,-0.00215,-0.3125,0.0044,方向分化,0.0
588090,2024-09-25,0.6772,0.678,0.6871,0.719483,-0.0099,-1.4408,-0.0008,震荡排列,0.0
588090,2024-09-24,0.6728,0.6769,0.68795,0.720217,-0.01515,-2.2022,-0.0041,长期中等空头排列,-0.96
588090,2024-09-23,0.67,0.6766,0.689,0.721,-0.019,-2.7576,-0.0066,长期中等空头排列,-0.96
588090,2024-09-20,0.6734,0.6796,0.69125,0.722233,-0.01785,-2.5823,-0.0062,长期中等空头排列,-0.96
588090,2024-09-19,0.677,0.6822,0.69365,0.72365,-0.01665,-2.4003,-0.0052,长期中等空头排列,-0.96
588090,2024-09-18,0.6788,0.6847,0.69585,0.7248,-0.01705,-2.4502,-0.0059,长期中等空头排列,-0.96
588090,2024-09-13,0.681,0.6873,0.6988,0.726417,-0.0178,-2.5472,-0.0063,长期中等空头排列,-0.96
588090,2024-09-12,0.6832,0.6916,0.7016,0.728217,-0.0184,-2.6226,-0.0084,长期中等空头排列,-0.96
588090,2024-09-11,0.6858,0.6937,0.7041,0.729883,-0.0183,-2.5991,-0.0079,长期中等空头排列,-0.96
588090,2024-09-10,0.6874,0.6945,0.706,0.731383,-0.0186,-2.6346,-0.0071,长期中等空头排列,-0.96
588090,2024-09-09,0.6906,0.6962,0.70865,0.733033,-0.01805,-2.5471,-0.0056,长期中等空头排列,-0.96
588090,2024-09-06,0.6936,0.699,0.71135,0.734733,-0.01775,-2.4953,-0.0054,长期中等空头排列,-0.96
588090,2024-09-05,0.7,0.7014,0.7136,0.736283,-0.0136,-1.9058,-0.0014,震荡排列,0.0
588090,2024-09-04,0.7016,0.7029,0.71555,0.737783,-0.01395,-1.9495,-0.0013,震荡排列,0.0
588090,2024-09-03,0.7016,0.7051,0.71735,0.739217,-0.01575,-2.1956,-0.0035,长期中等空头排列,-0.96
588090,2024-09-02,0.7018,0.707,0.7194,0.740617,-0.0176,-2.4465,-0.0052,长期中等空头排列,-0.96
588090,2024-08-30,0.7044,0.7103,0.72115,0.741783,-0.01675,-2.3227,-0.0059,长期中等空头排列,-0.96
588090,2024-08-29,0.7028,0.7116,0.7228,0.742617,-0.02,-2.767,-0.0088,长期中等空头排列,-0.96
588090,2024-08-28,0.7042,0.7145,0.72585,0.743833,-0.02165,-2.9827,-0.0103,长期强势空头排列,-1.44
588090,2024-08-27,0.7086,0.7175,0.72955,0.7452,-0.02095,-2.8716,-0.0089,长期中等空头排列,-0.96
588090,2024-08-26,0.7122,0.7211,0.7313,0.74645,-0.0191,-2.6118,-0.0089,长期中等空头排列,-0.96
588090,2024-08-23,0.7162,0.7237,0.73255,0.74745,-0.01635,-2.2319,-0.0075,长期中等空头排列,-0.96
588090,2024-08-22,0.7204,0.7258,0.73425,0.7484,-0.01385,-1.8863,-0.0054,长期中等空头排列,-0.96
588090,2024-08-21,0.7248,0.7282,0.73565,0.749217,-0.01085,-1.4749,-0.0034,长期温和空头排列,-0.48
588090,2024-08-20,0.7264,0.7296,0.73665,0.7499,-0.01025,-1.3914,-0.0032,长期温和空头排列,-0.48
588090,2024-08-19,0.73,0.7318,0.738,0.750633,-0.008,-1.084,-0.0018,方向分化,0.0
588090,2024-08-16,0.7312,0.732,0.7404,0.751017,-0.0092,-1.2426,-0.0008,震荡排列,0.0
588090,2024-08-15,0.7312,0.734,0.74255,0.7516,-0.01135,-1.5285,-0.0028,长期温和空头排列,-0.48
588090,2024-08-14,0.7316,0.7372,0.7439,0.752367,-0.0123,-1.6534,-0.0056,长期中等空头排列,-0.96
588090,2024-08-13,0.7328,0.7416,0.7453,0.75315,-0.0125,-1.6772,-0.0088,长期中等空头排列,-0.96
588090,2024-08-12,0.7336,0.7415,0.7463,0.753833,-0.0127,-1.7017,-0.0079,长期中等空头排列,-0.96
588090,2024-08-09,0.7328,0.7414,0.7466,0.7546,-0.0138,-1.8484,-0.0086,长期中等空头排列,-0.96
588090,2024-08-08,0.7368,0.7427,0.7472,0.75525,-0.0104,-1.3919,-0.0059,长期温和空头排列,-0.48
588090,2024-08-07,0.7428,0.7431,0.7476,0.7559,-0.0048,-0.6421,-0.0003,震荡排列,0.0
588090,2024-08-06,0.7504,0.7437,0.7477,0.756767,0.0027,0.3611,0.0067,方向分化,0.0
588090,2024-08-05,0.7494,0.7442,0.7474,0.757583,0.002,0.2676,0.0052,方向分化,0.0
588090,2024-08-02,0.75,0.7488,0.74675,0.75865,0.00325,0.4352,0.0012,震荡排列,0.0
588090,2024-08-01,0.7486,0.7511,0.7453,0.759533,0.0033,0.4428,-0.0025,方向分化,0.0
588090,2024-07-31,0.7434,0.7506,0.7428,0.759883,0.0006,0.0808,-0.0072,方向分化,0.0
588090,2024-07-30,0.737,0.749,0.7406,0.7603,-0.0036,-0.4861,-0.012,方向分化,0.0
588090,2024-07-29,0.739,0.7511,0.74005,0.761433,-0.00105,-0.1419,-0.0121,方向分化,0.0
588090,2024-07-26,0.7476,0.7518,0.74015,0.762417,0.00745,1.0066,-0.0042,方向分化,0.0
588090,2024-07-25,0.7536,0.7517,0.73975,0.763367,0.01385,1.8723,0.0019,中等多头排列,0.8
588090,2024-07-24,0.7578,0.7521,0.7398,0.764017,0.018,2.4331,0.0057,中等多头排列,0.8
588090,2024-07-23,0.761,0.7517,0.74065,0.764367,0.02035,2.7476,0.0093,中等多头排列,0.8
588090,2024-07-22,0.7632,0.7506,0.74055,0.764667,0.02265,3.0585,0.0126,强势多头排列,1.2
588090,2024-07-19,0.756,0.7447,0.74005,0.76425,0.01595,2.1553,0.0113,中等多头排列,0.8
588090,2024-07-18,0.7498,0.7395,0.7405,0.763917,0.0093,1.2559,0.0103,震荡排列,0.0
588090,2024-07-17,0.7464,0.735,0.74165,0.763833,0.00475,0.6405,0.0114,方向分化,0.0
588090,2024-07-16,0.7424,0.7322,0.74285,0.764117,-0.00045,-0.0606,0.0102,方向分化,0.0
588090,2024-07-15,0.738,0.729,0.74415,0.764417,-0.00615,-0.8264,0.009,方向分化,0.0
588090,2024-07-12,0.7334,0.7285,0.74625,0.7647,-0.01285,-1.7219,0.0049,方向分化,0.0
588090,2024-07-11,0.7292,0.7278,0.74805,0.765217,-0.01885,-2.5199,0.0014,震荡排列,0.0
588090,2024-07-10,0.7236,0.7275,0.7502,0.76555,-0.0266,-3.5457,-0.0039,长期强势空头排列,-1.44
588090,2024-07-09,0.722,0.7296,0.7526,0.766033,-0.0306,-4.0659,-0.0076,长期强势空头排列,-1.58
588090,2024-07-08,0.72,0.7305,0.75505,0.76645,-0.03505,-4.6421,-0.0105,长期强势空头排列,-1.58
588090,2024-07-05,0.7236,0.7354,0.75745,0.767417,-0.03385,-4.4689,-0.0118,长期强势空头排列,-1.58
588090,2024-07-04,0.7264,0.7415,0.75975,0.76815,-0.03335,-4.3896,-0.0151,长期强势空头排列,-1.58
588090,2024-07-03,0.7314,0.7483,0.76285,0.769283,-0.03145,-4.1227,-0.0169,长期强势空头排列,-1.58
588090,2024-07-02,0.7372,0.7535,0.76545,0.770417,-0.02825,-3.6906,-0.0163,长期强势空头排列,-1.44
588090,2024-07-01,0.741,0.7593,0.768,0.771733,-0.027,-3.5156,-0.0183,长期强势空头排列,-1.44
588090,2024-06-28,0.7472,0.764,0.76965,0.772633,-0.02245,-2.9169,-0.0168,长期中等空头排列,-0.96
588090,2024-06-27,0.7566,0.7683,0.7712,0.7735,-0.0146,-1.8932,-0.0117,长期中等空头排列,-0.96
588090,2024-06-26,0.7652,0.7729,0.7722,0.77415,-0.007,-0.9065,-0.0077,震荡排列,0.0
588090,2024-06-25,0.7698,0.7756,0.7724,0.774867,-0.0026,-0.3366,-0.0058,方向分化,0.0
588090,2024-06-24,0.7776,0.7796,0.77335,0.77595,0.00425,0.5496,-0.002,方向分化,0.0
588090,2024-06-21,0.7808,0.7795,0.7726,0.77685,0.0082,1.0614,0.0013,震荡排列,0.0
588090,2024-06-20,0.78,0.778,0.77175,0.777667,0.00825,1.069,0.002,温和多头排列,0.4
588090,2024-06-19,0.7806,0.7774,0.77155,0.778633,0.00905,1.173,0.0032,温和多头排列,0.4
588090,2024-06-18,0.7814,0.7774,0.7713,0.779633,0.0101,1.3095,0.004,温和多头排列,0.4
588090,2024-06-17,0.7816,0.7767,0.77105,0.780817,0.01055,1.3683,0.0049,温和多头排列,0.4
588090,2024-06-14,0.7782,0.7753,0.77095,0.781733,0.00725,0.9404,0.0029,温和多头排列,0.4
588090,2024-06-13,0.776,0.7741,0.7705,0.7826,0.0055,0.7138,0.0019,方向分化,0.0
588090,2024-06-12,0.7742,0.7715,0.7699,0.783533,0.0043,0.5585,0.0027,方向分化,0.0
588090,2024-06-11,0.7734,0.7692,0.77,0.784583,0.0034,0.4416,0.0042,震荡排列,0.0
588090,2024-06-07,0.7718,0.7671,0.7703,0.785617,0.0015,0.1947,0.0047,方向分化,0.0
588090,2024-06-06,0.7724,0.7657,0.77175,0.7867,0.00065,0.0842,0.0067,方向分化,0.0
588090,2024-06-05,0.7722,0.7655,0.77355,0.787567,-0.00135,-0.1745,0.0067,方向分化,0.0
588090,2024-06-04,0.7688,0.7657,0.774,0.788583,-0.0052,-0.6718,0.0031,方向分化,0.0
588090,2024-06-03,0.765,0.7652,0.77485,0.789717,-0.00985,-1.2712,-0.0002,震荡排列,0.0
588090,2024-05-31,0.7624,0.7654,0.77625,0.790917,-0.01385,-1.7842,-0.003,长期中等空头排列,-0.96
588090,2024-05-30,0.759,0.7666,0.77745,0.792167,-0.01845,-2.3731,-0.0076,长期中等空头排列,-0.96
588090,2024-05-29,0.7588,0.7669,0.77915,0.793267,-0.02035,-2.6118,-0.0081,长期中等空头排列,-0.96
588090,2024-05-28,0.7626,0.7683,0.78005,0.793883,-0.01745,-2.237,-0.0057,长期中等空头排列,-0.96
588090,2024-05-27,0.7654,0.7708,0.78005,0.79495,-0.01465,-1.8781,-0.0054,长期中等空头排列,-0.96
588090,2024-05-24,0.7684,0.7735,0.7801,0.795483,-0.0117,-1.4998,-0.0051,长期温和空头排列,-0.48
588090,2024-05-23,0.7742,0.7778,0.7801,0.796133,-0.0059,-0.7563,-0.0036,长期温和空头排列,-0.48
588090,2024-05-22,0.775,0.7816,0.7795,0.796483,-0.0045,-0.5773,-0.0066,方向分化,0.0
588090,2024-05-21,0.774,0.7823,0.7783,0.796533,-0.0043,-0.5525,-0.0083,方向分化,0.0
588090,2024-05-20,0.7762,0.7845,0.7782,0.796667,-0.002,-0.257,-0.0083,方向分化,0.0
588090,2024-05-17,0.7786,0.7871,0.77805,0.79685,0.00055,0.0707,-0.0085,方向分化,0.0
588090,2024-05-16,0.7814,0.7883,0.7769,0.7968,0.0045,0.5792,-0.0069,方向分化,0.0
588090,2024-05-15,0.7882,0.7914,0.7771,0.79675,0.0111,1.4284,-0.0032,方向分化,0.0
588090,2024-05-14,0.7906,0.7918,0.77655,0.796283,0.01405,1.8093,-0.0012,震荡排列,0.0
588090,2024-05-13,0.7928,0.7893,0.7755,0.794917,0.0173,2.2308,0.0035,中等多头排列,0.8
588090,2024-05-10,0.7956,0.7867,0.774,0.793383,0.0216,2.7907,0.0089,中等多头排列,0.8
588090,2024-05-09,0.7952,0.7824,0.77305,0.79205,0.02215,2.8653,0.0128,中等多头排列,0.8
588090,2024-05-08,0.7946,0.7774,0.77115,0.790467,0.02345,3.0409,0.0172,强势多头排列,1.2
588090,2024-05-07,0.793,0.7743,0.771,0.789433,0.022,2.8534,0.0187,中等多头排列,0.8
588090,2024-05-06,0.7858,0.7719,0.77095,0.7887,0.01485,1.9262,0.0139,震荡排列,0.0
588090,2024-04-30,0.7778,0.769,0.77095,0.788233,0.00685,0.8885,0.0088,方向分化,0.0
588090,2024-04-29,0.7696,0.7655,0.7708,0.788267,-0.0012,-0.1557,0.0041,方向分化,0.0
588090,2024-04-26,0.7602,0.7628,0.77015,0.78785,-0.00995,-1.292,-0.0026,长期温和空头排列,-0.48
588090,2024-04-25,0.7556,0.7613,0.7702,0.7878,-0.0146,-1.8956,-0.0057,长期中等空头排列,-0.96
588090,2024-04-24,0.758,0.7617,0.77215,0.787917,-0.01415,-1.8325,-0.0037,长期中等空头排列,-0.96
588090,2024-04-23,0.7602,0.7613,0.7744,0.788417,-0.0142,-1.8337,-0.0011,震荡排列,0.0
588090,2024-04-22,0.7614,0.7637,0.77785,0.789133,-0.01645,-2.1148,-0.0023,长期中等空头排列,-0.96
588090,2024-04-19,0.7654,0.7649,0.78175,0.789633,-0.01635,-2.0915,0.0005,震荡排列,0.0
588090,2024-04-18,0.767,0.7677,0.78605,0.79045,-0.01905,-2.4235,-0.0007,震荡排列,0.0
588090,2024-04-17,0.7654,0.77,0.7894,0.790933,-0.024,-3.0403,-0.0046,强势空头排列,-1.2
588090,2024-04-16,0.7624,0.7729,0.79335,0.79145,-0.03095,-3.9012,-0.0105,强势空头排列,-1.2
588090,2024-04-15,0.766,0.7761,0.79735,0.792467,-0.03135,-3.9318,-0.0101,强势空头排列,-1.2
588090,2024-04-12,0.7644,0.7775,0.8002,0.792967,-0.0358,-4.4739,-0.0131,强势空头排列,-1.32
588090,2024-04-11,0.7684,0.7791,0.80415,0.793767,-0.03575,-4.4457,-0.0107,强势空头排列,-1.32
588090,2024-04-10,0.7746,0.7826,0.80825,0.794567,-0.03365,-4.1633,-0.008,强势空头排列,-1.32
588090,2024-04-09,0.7834,0.7875,0.81255,0.79585,-0.02915,-3.5875,-0.0041,强势空头排列,-1.2
588090,2024-04-08,0.7862,0.792,0.8153,0.79715,-0.0291,-3.5692,-0.0058,强势空头排列,-1.2
588090,2024-04-03,0.7906,0.7986,0.818,0.798683,-0.0274,-3.3496,-0.008,强势空头排列,-1.2
588090,2024-04-02,0.7898,0.8044,0.82075,0.800133,-0.03095,-3.7709,-0.0146,强势空头排列,-1.2
588090,2024-04-01,0.7906,0.8088,0.82335,0.8016,-0.03275,-3.9777,-0.0182,强势空头排列,-1.32
588090,2024-03-29,0.7916,0.8138,0.82555,0.802883,-0.03395,-4.1124,-0.0222,强势空头排列,-1.32
588090,2024-03-28,0.7978,0.8186,0.82825,0.80405,-0.03045,-3.6764,-0.0208,强势空头排列,-1.2
588090,2024-03-27,0.8066,0.8229,0.8305,0.805133,-0.0239,-2.8778,-0.0163,中等空头排列,-0.8
588090,2024-03-26,0.819,0.8292,0.8314,0.8066,-0.0124,-1.4915,-0.0102,温和空头排列,-0.4
588090,2024-03-25,0.827,0.8339,0.83265,0.807867,-0.00565,-0.6786,-0.0069,震荡排列,0.0
588090,2024-03-22,0.836,0.8376,0.83195,0.809033,0.00405,0.4868,-0.0016,震荡排列,0.0
588090,2024-03-21,0.8394,0.8386,0.83045,0.8098,0.00895,1.0777,0.0008,震荡排列,0.0
588090,2024-03-20,0.8392,0.8374,0.8282,0.810517,0.011,1.3282,0.0018,方向分化,0.0
588090,2024-03-19,0.8394,0.8371,0.82525,0.811017,0.01415,1.7146,0.0023,长期中等多头排列,0.96
588090,2024-03-18,0.8408,0.8379,0.8224,0.8117,0.0184,2.2374,0.0029,长期中等多头排列,0.96
588090,2024-03-15,0.8392,0.8373,0.81915,0.812283,0.02005,2.4477,0.0019,方向分化,0.0
588090,2024-03-14,0.8378,0.8379,0.81615,0.81325,0.02165,2.6527,-0.0001,震荡排列,0.0
588090,2024-03-13,0.8356,0.8381,0.81295,0.8144,0.02265,2.7861,-0.0025,方向分化,0.0
588090,2024-03-12,0.8348,0.8336,0.80815,0.8155,0.02665,3.2977,0.0012,震荡排列,0.0
588090,2024-03-11,0.835,0.8314,0.801,0.816333,0.034,4.2447,0.0036,强势多头排列,1.32
588090,2024-03-08,0.8354,0.8263,0.7936,0.816883,0.0418,5.2671,0.0091,强势多头排列,1.32
588090,2024-03-07,0.838,0.8223,0.7878,0.817717,0.0502,6.3722,0.0157,强势多头排列,1.32
588090,2024-03-06,0.8406,0.819,0.78225,0.81865,0.05835,7.4593,0.0216,强势多头排列,1.32
588090,2024-03-05,0.8324,0.8134,0.77655,0.819583,0.05585,7.1921,0.019,强势多头排列,1.32
588090,2024-03-04,0.8278,0.8069,0.7718,0.820483,0.056,7.2558,0.0209,强势多头排列,1.32
588090,2024-03-01,0.8172,0.801,0.7682,0.8213,0.049,6.3785,0.0162,强势多头排列,1.32
588090,2024-02-29,0.8066,0.7944,0.76575,0.822133,0.04085,5.3346,0.0122,强势多头排列,1.32
588090,2024-02-28,0.7974,0.7878,0.7629,0.823283,0.0345,4.5222,0.0096,强势多头排列,1.32
588090,2024-02-27,0.7944,0.7827,0.7618,0.824983,0.0326,4.2793,0.0117,强势多头排列,1.32
588090,2024-02-26,0.786,0.7706,0.75895,0.8262,0.02705,3.5641,0.0154,强势多头排列,1.2
588090,2024-02-23,0.7848,0.7609,0.7589,0.8281,0.0259,3.4128,0.0239,强势多头排列,1.2
588090,2024-02-22,0.7822,0.7533,0.7591,0.829983,0.0231,3.0431,0.0289,方向分化,0.0
588090,2024-02-21,0.7782,0.7455,0.75895,0.832117,0.01925,2.5364,0.0327,方向分化,0.0
588090,2024-02-20,0.771,0.7397,0.76005,0.834483,0.01095,1.4407,0.0313,方向分化,0.0
588090,2024-02-19,0.7552,0.7367,0.761,0.836817,-0.0058,-0.7622,0.0185,方向分化,0.0
588090,2024-02-08,0.737,0.7354,0.76185,0.838967,-0.02485,-3.2618,0.0016,方向分化,0.0
588090,2024-02-07,0.7244,0.7371,0.7639,0.841567,-0.0395,-5.1708,-0.0127,长期强势空头排列,-1.58
588090,2024-02-06,0.7128,0.738,0.76575,0.84435,-0.05295,-6.9148,-0.0252,长期强势空头排列,-1.58
588090,2024-02-05,0.7084,0.7409,0.769,0.847383,-0.0606,-7.8804,-0.0325,长期强势空头排列,-1.58
588090,2024-02-02,0.7182,0.7473,0.77445,0.851033,-0.05625,-7.2632,-0.0291,长期强势空头排列,-1.58
588090,2024-02-01,0.7338,0.7569,0.7814,0.854833,-0.0476,-6.0916,-0.0231,长期强势空头排列,-1.58
588090,2024-01-31,0.7498,0.7649,0.78835,0.85845,-0.03855,-4.89,-0.0151,长期强势空头排列,-1.58
588090,2024-01-30,0.7632,0.7724,0.7958,0.861967,-0.0326,-4.0965,-0.0092,长期强势空头排列,-1.58
588090,2024-01-29,0.7734,0.7804,0.8031,0.86525,-0.0297,-3.6982,-0.007,长期强势空头排列,-1.44
588090,2024-01-26,0.7764,0.7853,0.80965,0.867833,-0.03325,-4.1067,-0.0089,长期强势空头排列,-1.58
588090,2024-01-25,0.78,0.7883,0.8149,0.869783,-0.0349,-4.2827,-0.0083,长期强势空头排列,-1.58
588090,2024-01-24,0.78,0.7907,0.81815,0.871567,-0.03815,-4.663,-0.0107,长期强势空头排列,-1.58
588090,2024-01-23,0.7816,0.7935,0.822,0.873683,-0.0404,-4.9148,-0.0119,长期强势空头排列,-1.58
588090,2024-01-22,0.7874,0.7971,0.8266,0.8759,-0.0392,-4.7423,-0.0097,长期强势空头排列,-1.58
588090,2024-01-19,0.7942,0.8016,0.832,0.878017,-0.0378,-4.5433,-0.0074,长期强势空头排列,-1.58
588090,2024-01-18,0.7966,0.8059,0.83625,0.87945,-0.03965,-4.7414,-0.0093,长期强势空头排列,-1.58
588090,2024-01-17,0.8014,0.8118,0.83985,0.88085,-0.03845,-4.5782,-0.0104,长期强势空头排列,-1.58
588090,2024-01-16,0.8054,0.8192,0.8444,0.88245,-0.039,-4.6187,-0.0138,长期强势空头排列,-1.58
588090,2024-01-15,0.8068,0.8258,0.84775,0.883517,-0.04095,-4.8304,-0.019,长期强势空头排列,-1.58
588090,2024-01-12,0.809,0.834,0.8517,0.885033,-0.0427,-5.0135,-0.025,长期强势空头排列,-1.58
588090,2024-01-11,0.8152,0.8415,0.85585,0.886633,-0.04065,-4.7497,-0.0263,长期强势空头排列,-1.58
588090,2024-01-10,0.8222,0.8456,0.8597,0.888017,-0.0375,-4.362,-0.0234,长期强势空头排列,-1.58
588090,2024-01-09,0.833,0.8505,0.8645,0.8898,-0.0315,-3.6437,-0.0175,长期强势空头排列,-1.44
588090,2024-01-08,0.8448,0.8561,0.86935,0.891367,-0.02455,-2.8239,-0.0113,长期中等空头排列,-0.96
588090,2024-01-05,0.859,0.8624,0.87355,0.893233,-0.01455,-1.6656,-0.0034,长期中等空头排列,-0.96
588090,2024-01-04,0.8678,0.8666,0.87565,0.894833,-0.00785,-0.8965,0.0012,震荡排列,0.0
588090,2024-01-03,0.869,0.8679,0.877,0.896017,-0.008,-0.9122,0.0011,震荡排列,0.0
588090,2024-01-02,0.868,0.8696,0.8779,0.896933,-0.0099,-1.1277,-0.0016,震荡排列,0.0
588090,2023-12-29,0.8674,0.8697,0.8791,0.897733,-0.0117,-1.3309,-0.0023,长期温和空头排列,-0.48
588090,2023-12-28,0.8658,0.8694,0.88,0.89835,-0.0142,-1.6136,-0.0036,长期中等空头排列,-0.96
588090,2023-12-27,0.8654,0.8702,0.8808,0.898883,-0.0154,-1.7484,-0.0048,长期中等空头排列,-0.96
588090,2023-12-26,0.8668,0.8738,0.8825,0.8997,-0.0157,-1.779,-0.007,长期中等空头排列,-0.96
588090,2023-12-25,0.8712,0.8785,0.88495,0.90055,-0.01375,-1.5538,-0.0073,长期温和空头排列,-0.48
588090,2023-12-22,0.872,0.8826,0.88655,0.90135,-0.01455,-1.6412,-0.0106,长期中等空头排列,-0.96
588090,2023-12-21,0.873,0.8847,0.88765,0.901633,-0.01465,-1.6504,-0.0117,长期中等空头排列,-0.96
588090,2023-12-20,0.875,0.8847,0.88915,0.901967,-0.01415,-1.5914,-0.0097,长期温和空头排列,-0.48
588090,2023-12-19,0.8808,0.8861,0.891,0.902617,-0.0102,-1.1448,-0.0053,长期温和空头排列,-0.48
588090,2023-12-18,0.8858,0.8862,0.893,0.903217,-0.0072,-0.8063,-0.0004,震荡排列,0.0
588090,2023-12-15,0.8932,0.8885,0.89565,0.903983,-0.00245,-0.2735,0.0047,方向分化,0.0
588090,2023-12-14,0.8964,0.8906,0.89775,0.904533,-0.00135,-0.1504,0.0058,方向分化,0.0
588090,2023-12-13,0.8944,0.8914,0.8992,0.905067,-0.0048,-0.5338,0.003,方向分化,0.0
588090,2023-12-12,0.8914,0.8912,0.9011,0.905717,-0.0097,-1.0765,0.0002,震荡排列,0.0
588090,2023-12-11,0.8866,0.8914,0.9028,0.906367,-0.0162,-1.7944,-0.0048,长期中等空头排列,-0.96
588090,2023-12-08,0.8838,0.8905,0.9038,0.9068,-0.02,-2.2129,-0.0067,长期中等空头排列,-0.96
588090,2023-12-07,0.8848,0.8906,0.9051,0.907417,-0.0203,-2.2428,-0.0058,长期中等空头排列,-0.96
588090,2023-12-06,0.8884,0.8936,0.90745,0.908933,-0.01905,-2.0993,-0.0052,中等空头排列,-0.8
588090,2023-12-05,0.891,0.8959,0.91,0.910367,-0.019,-2.0879,-0.0049,中等空头排列,-0.8
588090,2023-12-04,0.8962,0.8998,0.9122,0.912017,-0.016,-1.754,-0.0036,中等空头排列,-0.8
588090,2023-12-01,0.8972,0.9028,0.91355,0.913283,-0.01635,-1.7897,-0.0056,中等空头排列,-0.8
588090,2023-11-30,0.8964,0.9049,0.91385,0.914567,-0.01745,-1.9095,-0.0085,中等空头排列,-0.8
588090,2023-11-29,0.8988,0.907,0.91365,0.915883,-0.01485,-1.6253,-0.0082,中等空头排列,-0.8
588090,2023-11-28,0.9008,0.911,0.91405,0.9169,-0.01325,-1.4496,-0.0102,长期温和空头排列,-0.48
588090,2023-11-27,0.9034,0.9142,0.9141,0.917067,-0.0107,-1.1706,-0.0108,震荡排列,0.0
588090,2023-11-24,0.9084,0.9171,0.91455,0.91715,-0.00615,-0.6725,-0.0087,方向分化,0.0
588090,2023-11-23,0.9134,0.9196,0.9144,0.91755,-0.001,-0.1094,-0.0062,方向分化,0.0
588090,2023-11-22,0.9152,0.9213,0.91295,0.917617,0.00225,0.2465,-0.0061,方向分化,0.0
588090,2023-11-21,0.9212,0.9241,0.9117,0.918167,0.0095,1.042,-0.0029,方向分化,0.0
588090,2023-11-20,0.925,0.9246,0.90995,0.9183,0.01505,1.6539,0.0004,震荡排列,0.0
588090,2023-11-17,0.9258,0.9243,0.90715,0.91855,0.01865,2.0559,0.0015,震荡排列,0.0
588090,2023-11-16,0.9258,0.9228,0.90565,0.91895,0.02015,2.2249,0.003,中等多头排列,0.8
588090,2023-11-15,0.9274,0.9203,0.90485,0.91925,0.02255,2.4921,0.0071,中等多头排列,0.8
588090,2023-11-14,0.927,0.9171,0.90325,0.919533,0.02375,2.6294,0.0099,中等多头排列,0.8
588090,2023-11-13,0.9242,0.914,0.9021,0.92005,0.0221,2.4498,0.0102,中等多头排列,0.8
588090,2023-11-10,0.9228,0.912,0.90095,0.920817,0.02185,2.4252,0.0108,中等多头排列,0.8
588090,2023-11-09,0.9198,0.9092,0.90105,0.92205,0.01875,2.0809,0.0106,中等多头排列,0.8
588090,2023-11-08,0.9132,0.9046,0.9014,0.92315,0.0118,1.3091,0.0086,温和多头排列,0.4
588090,2023-11-07,0.9072,0.8993,0.90105,0.924333,0.00615,0.6825,0.0079,震荡排列,0.0
588090,2023-11-06,0.9038,0.8953,0.9007,0.925717,0.0031,0.3442,0.0085,方向分化,0.0
588090,2023-11-03,0.9012,0.89,0.90055,0.927217,0.00065,0.0722,0.0112,方向分化,0.0
588090,2023-11-02,0.8986,0.8885,0.9012,0.928867,-0.0026,-0.2885,0.0101,方向分化,0.0
588090,2023-11-01,0.896,0.8894,0.9022,0.930717,-0.0062,-0.6872,0.0066,方向分化,0.0
588090,2023-10-31,0.8914,0.8894,0.90255,0.93245,-0.01115,-1.2354,0.002,方向分化,0.0
588090,2023-10-30,0.8868,0.8902,0.9026,0.93415,-0.0158,-1.7505,-0.0034,长期中等空头排列,-0.96
588090,2023-10-27,0.8788,0.8899,0.90295,0.935667,-0.02415,-2.6746,-0.0111,长期中等空头排列,-0.96
588090,2023-10-26,0.8784,0.8929,0.90285,0.93725,-0.02445,-2.7081,-0.0145,长期中等空头排列,-0.96
588090,2023-10-25,0.8828,0.8982,0.9038,0.939217,-0.021,-2.3235,-0.0154,长期中等空头排列,-0.96
588090,2023-10-24,0.8874,0.9028,0.90515,0.94125,-0.01775,-1.961,-0.0154,长期中等空头排列,-0.96
588090,2023-10-23,0.8936,0.9061,0.9067,0.942983,-0.0131,-1.4448,-0.0125,震荡排列,0.0
588090,2023-10-20,0.901,0.9111,0.90915,0.945033,-0.00815,-0.8964,-0.0101,方向分化,0.0
588090,2023-10-19,0.9074,0.9139,0.9102,0.946783,-0.0028,-0.3076,-0.0065,方向分化,0.0
588090,2023-10-18,0.9136,0.915,0.91115,0.9486,0.00245,0.2689,-0.0014,震荡排列,0.0
588090,2023-10-17,0.9182,0.9157,0.9128,0.95055,0.0054,0.5916,0.0025,温和多头排列,0.4
588090,2023-10-16,0.9186,0.915,0.9142,0.952367,0.0044,0.4813,0.0036,震荡排列,0.0
588090,2023-10-13,0.9212,0.916,0.91565,0.954417,0.00555,0.6061,0.0052,震荡排列,0.0
588090,2023-10-12,0.9204,0.9128,0.9161,0.956217,0.0043,0.4694,0.0076,方向分化,0.0
588090,2023-10-11,0.9164,0.9094,0.91795,0.9577,-0.00155,-0.1689,0.007,方向分化,0.0
588090,2023-10-10,0.9132,0.9075,0.92005,0.959583,-0.00685,-0.7445,0.0057,方向分化,0.0
588090,2023-10-09,0.9114,0.9073,0.92315,0.961483,-0.01175,-1.2728,0.0041,方向分化,0.0
588090,2023-09-28,0.9108,0.9072,0.92575,0.963333,-0.01495,-1.6149,0.0036,方向分化,0.0
588090,2023-09-27,0.9052,0.9065,0.92865,0.96535,-0.02345,-2.5252,-0.0013,震荡排列,0.0
588090,2023-09-26,0.9024,0.9073,0.9318,0.9675,-0.0294,-3.1552,-0.0049,长期强势空头排列,-1.44
588090,2023-09-25,0.9018,0.9099,0.9341,0.9699,-0.0323,-3.4579,-0.0081,长期强势空头排列,-1.44
588090,2023-09-22,0.9032,0.9134,0.9345,0.972233,-0.0313,-3.3494,-0.0102,长期强势空头排列,-1.44
588090,2023-09-21,0.9036,0.9153,0.93395,0.974317,-0.03035,-3.2496,-0.0117,长期强势空头排列,-1.44
588090,2023-09-20,0.9078,0.9194,0.9354,0.976767,-0.0276,-2.9506,-0.0116,长期中等空头排列,-0.96
588090,2023-09-19,0.9122,0.9265,0.9361,0.9792,-0.0239,-2.5531,-0.0143,长期中等空头排列,-0.96
588090,2023-09-18,0.918,0.9326,0.93765,0.9816,-0.01965,-2.0957,-0.0146,长期中等空头排列,-0.96
588090,2023-09-15,0.9236,0.939,0.93825,0.9839,-0.01465,-1.5614,-0.0154,震荡排列,0.0
588090,2023-09-14,0.927,0.9443,0.93935,0.986233,-0.01235,-1.3147,-0.0173,方向分化,0.0
588090,2023-09-13,0.931,0.9508,0.941,0.9892,-0.01,-1.0627,-0.0198,方向分化,0.0
588090,2023-09-12,0.9408,0.9563,0.94175,0.992,-0.00095,-0.1009,-0.0155,方向分化,0.0
588090,2023-09-11,0.9472,0.9583,0.94255,0.99455,0.00465,0.4933,-0.0111,方向分化,0.0
588090,2023-09-08,0.9544,0.9556,0.94385,0.99675,0.01055,1.1178,-0.0012,震荡排列,0.0
588090,2023-09-07,0.9616,0.9526,0.94585,0.999033,0.01575,1.6652,0.009,中等多头排列,0.8
588090,2023-09-06,0.9706,0.9514,0.949,1.0014,0.0216,2.2761,0.0192,中等多头排列,0.8
588090,2023-09-05,0.9718,0.9457,0.9501,1.002917,0.0217,2.284,0.0261,方向分化,0.0
588090,2023-09-04,0.9694,0.9427,0.9519,1.004617,0.0175,1.8384,0.0267,方向分化,0.0
588090,2023-09-01,0.9568,0.9375,0.9533,1.005783,0.0035,0.3671,0.0193,方向分化,0.0
588090,2023-08-31,0.9436,0.9344,0.95535,1.0072,-0.01175,-1.2299,0.0092,方向分化,0.0
588090,2023-08-30,0.9322,0.9312,0.95675,1.008617,-0.02455,-2.566,0.001,震荡排列,0.0
588090,2023-08-29,0.9196,0.9272,0.95815,1.010533,-0.03855,-4.0234,-0.0076,长期强势空头排列,-1.58
588090,2023-08-28,0.916,0.9268,0.9607,1.012833,-0.0447,-4.6529,-0.0108,长期强势空头排列,-1.58
588090,2023-08-25,0.9182,0.9321,0.96535,1.01585,-0.04715,-4.8842,-0.0139,长期强势空头排列,-1.58
588090,2023-08-24,0.9252,0.9391,0.9701,1.018983,-0.0449,-4.6284,-0.0139,长期强势空头排列,-1.58
588090,2023-08-23,0.9302,0.9466,0.9735,1.021667,-0.0433,-4.4479,-0.0164,长期强势空头排列,-1.58
588090,2023-08-22,0.9348,0.9545,0.97775,1.024183,-0.04295,-4.3927,-0.0197,长期强势空头排列,-1.58
588090,2023-08-21,0.9376,0.9611,0.98095,1.026483,-0.04335,-4.4192,-0.0235,长期强势空头排列,-1.58
588090,2023-08-18,0.946,0.9691,0.984,1.02865,-0.038,-3.8618,-0.0231,长期强势空头排列,-1.44
588090,2023-08-17,0.953,0.9763,0.9866,1.030433,-0.0336,-3.4056,-0.0233,长期强势空头排列,-1.44
588090,2023-08-16,0.963,0.9823,0.98915,1.0322,-0.02615,-2.6437,-0.0193,长期中等空头排列,-0.96
588090,2023-08-15,0.9742,0.9891,0.9929,1.034467,-0.0187,-1.8834,-0.0149,长期中等空头排列,-0.96
588090,2023-08-14,0.9846,0.9946,0.9963,1.036583,-0.0117,-1.1743,-0.01,震荡排列,0.0
588090,2023-08-11,0.9922,0.9986,0.99905,1.0383,-0.00685,-0.6857,-0.0064,震荡排列,0.0
588090,2023-08-10,0.9996,1.0011,1.00175,1.0398,-0.00215,-0.2146,-0.0015,震荡排列,0.0
588090,2023-08-09,1.0016,1.0004,1.00355,1.040917,-0.00195,-0.1943,0.0012,震荡排列,0.0
588090,2023-08-08,1.004,1.001,1.00505,1.042067,-0.00105,-0.1045,0.003,方向分化,0.0
588090,2023-08-07,1.0046,1.0008,1.0068,1.042883,-0.0022,-0.2185,0.0038,方向分化,0.0
588090,2023-08-04,1.005,0.9989,1.008,1.043867,-0.003,-0.2976,0.0061,方向分化,0.0
588090,2023-08-03,1.0026,0.9969,1.0089,1.0447,-0.0063,-0.6244,0.0057,方向分化,0.0
588090,2023-08-02,0.9992,0.996,1.01065,1.045767,-0.01145,-1.1329,0.0032,方向分化,0.0
588090,2023-08-01,0.998,0.9967,1.01255,1.0473,-0.01455,-1.437,0.0013,震荡排列,0.0
588090,2023-07-31,0.997,0.998,1.0149,1.04865,-0.0179,-1.7637,-0.001,震荡排列,0.0
588090,2023-07-28,0.9928,0.9995,1.01685,1.050283,-0.02405,-2.3651,-0.0067,长期中等空头排列,-0.96
588090,2023-07-27,0.9912,1.0024,1.0189,1.052383,-0.0277,-2.7186,-0.0112,长期中等空头排列,-0.96
588090,2023-07-26,0.9928,1.0067,1.0214,1.054333,-0.0286,-2.8001,-0.0139,长期中等空头排列,-0.96
588090,2023-07-25,0.9954,1.0091,1.02375,1.05615,-0.02835,-2.7692,-0.0137,长期中等空头排列,-0.96
588090,2023-07-24,0.999,1.0128,1.0262,1.05805,-0.0272,-2.6506,-0.0138,长期中等空头排列,-0.96
588090,2023-07-21,1.0062,1.0171,1.02945,1.06055,-0.02325,-2.2585,-0.0109,长期中等空头排列,-0.96
588090,2023-07-20,1.0136,1.0209,1.03275,1.063267,-0.01915,-1.8543,-0.0073,长期中等空头排列,-0.96
588090,2023-07-19,1.0206,1.0253,1.03745,1.0667,-0.01685,-1.6242,-0.0047,长期中等空头排列,-0.96
588090,2023-07-18,1.0228,1.0284,1.04135,1.069383,-0.01855,-1.7813,-0.0056,长期中等空头排列,-0.96
588090,2023-07-17,1.0266,1.0318,1.0448,1.071817,-0.0182,-1.742,-0.0052,长期中等空头排列,-0.96
588090,2023-07-14,1.028,1.0342,1.04735,1.074433,-0.01935,-1.8475,-0.0062,长期中等空头排列,-0.96
588090,2023-07-13,1.0282,1.0354,1.0495,1.076867,-0.0213,-2.0295,-0.0072,长期中等空头排列,-0.96
588090,2023-07-12,1.03,1.0361,1.05165,1.0786,-0.02165,-2.0587,-0.0061,长期中等空头排列,-0.96
588090,2023-07-11,1.034,1.0384,1.0536,1.081,-0.0196,-1.8603,-0.0044,长期中等空头排列,-0.96
588090,2023-07-10,1.037,1.0396,1.05515,1.083,-0.01815,-1.7201,-0.0026,长期中等空头排列,-0.96
588090,2023-07-07,1.0404,1.0418,1.05605,1.08525,-0.01565,-1.4819,-0.0014,震荡排列,0.0
588090,2023-07-06,1.0426,1.0446,1.05735,1.088083,-0.01475,-1.395,-0.002,震荡排列,0.0
588090,2023-07-05,1.0422,1.0496,1.05845,1.0905,-0.01625,-1.5353,-0.0074,长期温和空头排列,-0.48
588090,2023-07-04,1.0428,1.0543,1.0609,1.092533,-0.0181,-1.7061,-0.0115,长期中等空头排列,-0.96
588090,2023-07-03,1.0422,1.0578,1.0629,1.094367,-0.0207,-1.9475,-0.0156,长期中等空头排列,-0.96
588090,2023-06-30,1.0432,1.0605,1.06535,1.0956,-0.02215,-2.0791,-0.0173,长期中等空头排列,-0.96
588090,2023-06-29,1.0466,1.0636,1.06795,1.096617,-0.02135,-1.9992,-0.017,长期中等空头排列,-0.96
588090,2023-06-28,1.057,1.0672,1.0701,1.09755,-0.0131,-1.2242,-0.0102,长期温和空头排列,-0.48
588090,2023-06-27,1.0658,1.0688,1.07105,1.098017,-0.00525,-0.4902,-0.003,方向分化,0.0
588090,2023-06-26,1.0734,1.0707,1.0723,1.09875,0.0011,0.1026,0.0027,震荡排列,0.0
588090,2023-06-21,1.0778,1.0703,1.0725,1.099517,0.0053,0.4942,0.0075,方向分化,0.0
588090,2023-06-20,1.0806,1.0701,1.07195,1.100083,0.00865,0.8069,0.0105,震荡排列,0.0
588090,2023-06-19,1.0774,1.0673,1.07,1.0997,0.0074,0.6916,0.0101,方向分化,0.0
588090,2023-06-16,1.0718,1.0675,1.06915,1.099283,0.00265,0.2479,0.0043,震荡排列,0.0
588090,2023-06-15,1.068,1.068,1.06865,1.098833,-0.00065,-0.0608,0.0,震荡排列,0.0
588090,2023-06-14,1.0628,1.0702,1.0685,1.098417,-0.0057,-0.5335,-0.0074,震荡排列,0.0
588090,2023-06-13,1.0596,1.0723,1.06815,1.09765,-0.00855,-0.8004,-0.0127,方向分化,0.0
588090,2023-06-12,1.0572,1.073,1.06755,1.097083,-0.01035,-0.9695,-0.0158,方向分化,0.0
588090,2023-06-09,1.0632,1.0733,1.06755,1.096867,-0.00435,-0.4075,-0.0101,方向分化,0.0
588090,2023-06-08,1.068,1.0739,1.0667,1.096267,0.0013,0.1219,-0.0059,方向分化,0.0
588090,2023-06-07,1.0776,1.0747,1.06755,1.09595,0.01005,0.9414,0.0029,温和多头排列,0.4
588090,2023-06-06,1.085,1.0738,1.06785,1.095583,0.01715,1.606,0.0112,中等多头排列,0.8
588090,2023-06-05,1.0888,1.0727,1.0682,1.095,0.0206,1.9285,0.0161,中等多头排列,0.8
588090,2023-06-02,1.0834,1.0708,1.06845,1.093917,0.01495,1.3992,0.0126,方向分化,0.0
588090,2023-06-01,1.0798,1.0693,1.06815,1.093117,0.01165,1.0907,0.0105,震荡排列,0.0
588090,2023-05-31,1.0718,1.0668,1.06865,1.092117,0.00315,0.2948,0.005,震荡排列,0.0
588090,2023-05-30,1.0626,1.064,1.0703,1.090967,-0.0077,-0.7194,-0.0014,震荡排列,0.0
588090,2023-05-29,1.0566,1.0621,1.0715,1.090083,-0.0149,-1.3906,-0.0055,长期温和空头排列,-0.48
588090,2023-05-26,1.0582,1.0618,1.07365,1.089433,-0.01545,-1.439,-0.0036,长期温和空头排列,-0.48
588090,2023-05-25,1.0588,1.0595,1.07565,1.088517,-0.01685,-1.5665,-0.0007,震荡排列,0.0
588090,2023-05-24,1.0618,1.0604,1.0797,1.088033,-0.0179,-1.6579,0.0014,震荡排列,0.0
588090,2023-05-23,1.0654,1.0619,1.0851,1.087717,-0.0197,-1.8155,0.0035,方向分化,0.0
588090,2023-05-22,1.0676,1.0637,1.09265,1.087283,-0.02505,-2.2926,0.0039,方向分化,0.0
588090,2023-05-19,1.0654,1.0661,1.09765,1.086617,-0.03225,-2.9381,-0.0007,震荡排列,0.0
588090,2023-05-18,1.0602,1.067,1.102,1.0859,-0.0418,-3.7931,-0.0068,强势空头排列,-1.2
588090,2023-05-17,1.059,1.0705,1.10745,1.085117,-0.04845,-4.3749,-0.0115,强势空头排列,-1.32
588090,2023-05-16,1.0584,1.0766,1.11295,1.0847,-0.05455,-4.9014,-0.0182,强势空头排列,-1.32
588090,2023-05-15,1.0598,1.0809,1.1166,1.08465,-0.0568,-5.0869,-0.0211,强势空头排列,-1.32
588090,2023-05-12,1.0668,1.0855,1.12185,1.084617,-0.05505,-4.9071,-0.0187,强势空头排列,-1.32
588090,2023-05-11,1.0738,1.0918,1.12715,1.084767,-0.05335,-4.7332,-0.018,强势空头排列,-1.32
588090,2023-05-10,1.082,1.099,1.13215,1.084733,-0.05015,-4.4296,-0.017,强势空头排列,-1.32
588090,2023-05-09,1.0948,1.1083,1.13905,1.084933,-0.04425,-3.8848,-0.0135,强势空头排列,-1.2
588090,2023-05-08,1.102,1.1216,1.14485,1.084533,-0.04285,-3.7428,-0.0196,强势空头排列,-1.2
588090,2023-05-05,1.1042,1.1292,1.14825,1.08385,-0.04405,-3.8363,-0.025,强势空头排列,-1.2
588090,2023-05-04,1.1098,1.137,1.15205,1.083417,-0.04225,-3.6674,-0.0272,强势空头排列,-1.2
588090,2023-04-28,1.116,1.1444,1.1528,1.082833,-0.0368,-3.1922,-0.0284,强势空头排列,-1.2
588090,2023-04-27,1.1218,1.1493,1.1516,1.08185,-0.0298,-2.5877,-0.0275,震荡排列,0.0
588090,2023-04-26,1.1412,1.1523,1.15105,1.081133,-0.00985,-0.8557,-0.0111,震荡排列,0.0
588090,2023-04-25,1.1542,1.1582,1.14935,1.08025,0.00485,0.422,-0.004,方向分化,0.0
588090,2023-04-24,1.1642,1.1625,1.1483,1.079433,0.0159,1.3847,0.0017,震荡排列,0.0
588090,2023-04-21,1.1728,1.1653,1.14635,1.078267,0.02645,2.3073,0.0075,长期中等多头排列,0.96
588090,2023-04-20,1.1768,1.1698,1.1432,1.0767,0.0336,2.9391,0.007,长期中等多头排列,0.96
588090,2023-04-19,1.1634,1.1681,1.13645,1.074033,0.02695,2.3714,-0.0047,方向分化,0.0
588090,2023-04-18,1.1622,1.1673,1.13105,1.071817,0.03115,2.7541,-0.0051,方向分化,0.0
588090,2023-04-17,1.1608,1.1671,1.12585,1.069533,0.03495,3.1043,-0.0063,方向分化,0.0
588090,2023-04-14,1.1578,1.1612,1.1193,1.066733,0.0385,3.4396,-0.0034,方向分化,0.0
588090,2023-04-13,1.1628,1.1539,1.11185,1.063967,0.05095,4.5825,0.0089,长期强势多头排列,1.58
588090,2023-04-12,1.1728,1.1498,1.1071,1.061833,0.0657,5.9344,0.023,长期强势多头排列,1.58
588090,2023-04-11,1.1724,1.1405,1.1012,1.059467,0.0712,6.4657,0.0319,长期强势多头排列,1.58
588090,2023-04-10,1.1734,1.1341,1.09495,1.057217,0.07845,7.1647,0.0393,长期强势多头排列,1.58
588090,2023-04-07,1.1646,1.1274,1.08815,1.054917,0.07645,7.0257,0.0372,长期强势多头排列,1.58
588090,2023-04-06,1.145,1.1166,1.07985,1.0519,0.06515,6.0332,0.0284,长期强势多头排列,1.58
588090,2023-04-04,1.1268,1.1048,1.07195,1.04895,0.05485,5.1168,0.022,长期强势多头排列,1.58
588090,2023-04-03,1.1086,1.0948,1.06505,1.046483,0.04355,4.089,0.0138,长期强势多头排列,1.58
588090,2023-03-31,1.0948,1.0846,1.05915,1.043733,0.03565,3.3659,0.0102,长期强势多头排列,1.44
588090,2023-03-30,1.0902,1.0774,1.0549,1.041667,0.0353,3.3463,0.0128,长期强势多头排列,1.44
588090,2023-03-29,1.0882,1.0698,1.051,1.039817,0.0372,3.5395,0.0184,长期强势多头排列,1.44
588090,2023-03-28,1.0828,1.0644,1.0477,1.038217,0.0351,3.3502,0.0184,长期强势多头排列,1.44
588090,2023-03-27,1.081,1.0619,1.0453,1.036767,0.0357,3.4153,0.0191,长期强势多头排列,1.44
588090,2023-03-24,1.0744,1.0558,1.0416,1.034433,0.0328,3.149,0.0186,长期强势多头排列,1.44
588090,2023-03-23,1.0646,1.0489,1.03805,1.03225,0.02655,2.5577,0.0157,长期中等多头排列,0.96
588090,2023-03-22,1.0514,1.0431,1.03485,1.030267,0.01655,1.5993,0.0083,长期温和多头排列,0.48
588090,2023-03-21,1.046,1.0391,1.03275,1.028933,0.01325,1.283,0.0069,长期温和多头排列,0.48
588090,2023-03-20,1.0428,1.0353,1.03115,1.027733,0.01165,1.1298,0.0075,长期温和多头排列,0.48
588090,2023-03-17,1.0372,1.0337,1.02985,1.0269,0.00735,0.7137,0.0035,长期温和多头排列,0.48
588090,2023-03-16,1.0332,1.0324,1.0286,1.026517,0.0046,0.4472,0.0008,震荡排列,0.0
588090,2023-03-15,1.0348,1.0322,1.0293,1.0264,0.0055,0.5343,0.0026,长期温和多头排列,0.48
588090,2023-03-14,1.0322,1.031,1.03025,1.026117,0.00195,0.1893,0.0012,震荡排列,0.0
588090,2023-03-13,1.0278,1.0287,1.0308,1.026,-0.003,-0.291,-0.0009,震荡排列,0.0
588090,2023-03-10,1.0302,1.0274,1.0322,1.026133,-0.002,-0.1938,0.0028,方向分化,0.0
588090,2023-03-09,1.0316,1.0272,1.0339,1.026267,-0.0023,-0.2225,0.0044,方向分化,0.0
588090,2023-03-08,1.0296,1.0266,1.0359,1.026383,-0.0063,-0.6082,0.003,方向分化,0.0
588090,2023-03-07,1.0298,1.0264,1.0368,1.02665,-0.007,-0.6752,0.0034,方向分化,0.0
588090,2023-03-06,1.0296,1.027,1.03825,1.02695,-0.00865,-0.8331,0.0026,方向分化,0.0
588090,2023-03-03,1.0246,1.026,1.03905,1.027033,-0.01445,-1.3907,-0.0014,震荡排列,0.0
588090,2023-03-02,1.0228,1.0248,1.0408,1.027267,-0.018,-1.7294,-0.002,震荡排列,0.0
588090,2023-03-01,1.0236,1.0264,1.04295,1.027467,-0.01935,-1.8553,-0.0028,中等空头排列,-0.8
588090,2023-02-28,1.023,1.0295,1.04465,1.027683,-0.02165,-2.0725,-0.0065,中等空头排列,-0.8
588090,2023-02-27,1.0244,1.0329,1.0461,1.027833,-0.0217,-2.0744,-0.0085,中等空头排列,-0.8
588090,2023-02-24,1.0274,1.037,1.0484,1.02815,-0.021,-2.0031,-0.0096,中等空头排列,-0.8
588090,2023-02-23,1.0268,1.0406,1.0504,1.028633,-0.0236,-2.2468,-0.0138,中等空头排列,-0.8
588090,2023-02-22,1.0292,1.0452,1.05205,1.02915,-0.02285,-2.172,-0.016,中等空头排列,-0.8
588090,2023-02-21,1.036,1.0472,1.0529,1.029667,-0.0169,-1.6051,-0.0112,中等空头排列,-0.8
588090,2023-02-20,1.0414,1.0495,1.05325,1.030367,-0.01185,-1.1251,-0.0081,温和空头排列,-0.4
588090,2023-02-17,1.0466,1.0521,1.0529,1.030983,-0.0063,-0.5983,-0.0055,震荡排列,0.0
588090,2023-02-16,1.0544,1.0568,1.0523,1.031967,0.0021,0.1996,-0.0024,方向分化,0.0
588090,2023-02-15,1.0612,1.0595,1.05075,1.032533,0.01045,0.9945,0.0017,震荡排列,0.0
588090,2023-02-14,1.0584,1.0598,1.04815,1.033083,0.01025,0.9779,-0.0014,震荡排列,0.0
588090,2023-02-13,1.0576,1.0593,1.0464,1.033167,0.0112,1.0703,-0.0017,震荡排列,0.0
588090,2023-02-10,1.0576,1.0598,1.0445,1.0332,0.0131,1.2542,-0.0022,方向分化,0.0
588090,2023-02-09,1.0592,1.0602,1.0427,1.033267,0.0165,1.5824,-0.001,震荡排列,0.0
588090,2023-02-08,1.0578,1.0589,1.03995,1.033333,0.01785,1.7164,-0.0011,震荡排列,0.0
588090,2023-02-07,1.0612,1.0586,1.0381,1.034117,0.0231,2.2252,0.0026,方向分化,0.0
588090,2023-02-06,1.061,1.057,1.03615,1.034883,0.02485,2.3983,0.004,中等多头排列,0.8
588090,2023-02-03,1.062,1.0537,1.033,1.035783,0.029,2.8074,0.0083,中等多头排列,0.8
588090,2023-02-02,1.0612,1.0478,1.0293,1.03615,0.0319,3.0992,0.0134,强势多头排列,1.2
588090,2023-02-01,1.06,1.042,1.0255,1.036383,0.0345,3.3642,0.018,强势多头排列,1.2
588090,2023-01-31,1.056,1.0365,1.0223,1.036433,0.0337,3.2965,0.0195,强势多头排列,1.2
588090,2023-01-30,1.053,1.0335,1.0189,1.036417,0.0341,3.3467,0.0195,强势多头排列,1.2
588090,2023-01-20,1.0454,1.0292,1.0133,1.0359,0.0321,3.1679,0.0162,强势多头排列,1.2
588090,2023-01-19,1.0344,1.0252,1.0083,1.035517,0.0261,2.5885,0.0092,中等多头排列,0.8
588090,2023-01-18,1.024,1.021,1.0039,1.035283,0.0201,2.0022,0.003,中等多头排列,0.8
588090,2023-01-17,1.017,1.0176,1.00115,1.034733,0.01585,1.5832,-0.0006,震荡排列,0.0
588090,2023-01-16,1.014,1.0153,0.9988,1.034233,0.0152,1.5218,-0.0013,震荡排列,0.0
588090,2023-01-13,1.013,1.0123,0.99795,1.033883,0.01505,1.5081,0.0007,震荡排列,0.0
588090,2023-01-12,1.016,1.0108,0.99865,1.0338,0.01735,1.7373,0.0052,中等多头排列,0.8
588090,2023-01-11,1.018,1.009,0.99915,1.03345,0.01885,1.8866,0.009,中等多头排列,0.8
588090,2023-01-10,1.0182,1.0081,0.99995,1.0333,0.01825,1.8251,0.0101,中等多头排列,0.8
588090,2023-01-09,1.0166,1.0043,1.0008,1.0329,0.0158,1.5787,0.0123,温和多头排列,0.4
588090,2023-01-06,1.0116,0.9974,1.0017,1.032433,0.0099,0.9883,0.0142,方向分化,0.0
588090,2023-01-05,1.0056,0.9914,1.0022,1.031383,0.0034,0.3393,0.0142,方向分化,0.0
588090,2023-01-04,1.0,0.9868,1.0033,1.030417,-0.0033,-0.3289,0.0132,方向分化,0.0
588090,2023-01-03,0.998,0.9847,1.00505,1.02905,-0.00705,-0.7015,0.0133,方向分化,0.0
588090,2022-12-30,0.992,0.9823,1.00645,1.027717,-0.01445,-1.4357,0.0097,方向分化,0.0
588090,2022-12-29,0.9832,0.9836,1.00905,1.027333,-0.02585,-2.5618,-0.0004,震荡排列,0.0
588090,2022-12-28,0.9772,0.9865,1.0117,1.027367,-0.0345,-3.4101,-0.0093,长期强势空头排列,-1.44
588090,2022-12-27,0.9736,0.9893,1.01395,1.027417,-0.04035,-3.9795,-0.0157,长期强势空头排列,-1.58
588090,2022-12-26,0.9714,0.9918,1.0161,1.02765,-0.0447,-4.3992,-0.0204,长期强势空头排列,-1.58
588090,2022-12-23,0.9726,0.9973,1.0185,1.027883,-0.0459,-4.5066,-0.0247,长期强势空头排列,-1.58
588090,2022-12-22,0.984,1.006,1.02275,1.028667,-0.03875,-3.7888,-0.022,长期强势空头排列,-1.44
588090,2022-12-21,0.9958,1.013,1.0272,1.029467,-0.0314,-3.0569,-0.0172,强势空头排列,-1.2
588090,2022-12-20,1.005,1.0198,1.0315,1.030033,-0.0265,-2.5691,-0.0148,中等空头排列,-0.8
588090,2022-12-19,1.0122,1.0254,1.03495,1.030617,-0.02275,-2.1982,-0.0132,中等空头排列,-0.8
588090,2022-12-16,1.022,1.0306,1.03905,1.031017,-0.01705,-1.6409,-0.0086,中等空头排列,-0.8
588090,2022-12-15,1.028,1.0345,1.0421,1.031433,-0.0141,-1.353,-0.0065,温和空头排列,-0.4
588090,2022-12-14,1.0302,1.0369,1.04495,1.0317,-0.01475,-1.4116,-0.0067,温和空头排列,-0.4
588090,2022-12-13,1.0346,1.0386,1.0477,1.032567,-0.0131,-1.2504,-0.004,温和空头排列,-0.4
588090,2022-12-12,1.0386,1.0404,1.05115,1.033367,-0.01255,-1.1939,-0.0018,震荡排列,0.0
588090,2022-12-09,1.0392,1.0397,1.0523,1.034,-0.0131,-1.2449,-0.0005,震荡排列,0.0
588090,2022-12-08,1.041,1.0395,1.0534,1.034717,-0.0124,-1.1771,0.0015,震荡排列,0.0
588090,2022-12-07,1.0436,1.0414,1.0549,1.035683,-0.0113,-1.0712,0.0022,方向分化,0.0
588090,2022-12-06,1.0426,1.0432,1.05675,1.03635,-0.01415,-1.339,-0.0006,震荡排列,0.0
588090,2022-12-05,1.0422,1.0445,1.0592,1.036717,-0.017,-1.605,-0.0023,方向分化,0.0
588090,2022-12-02,1.0402,1.0475,1.06205,1.037233,-0.02185,-2.0573,-0.0073,中等空头排列,-0.8
588090,2022-12-01,1.038,1.0497,1.0653,1.037567,-0.0273,-2.5627,-0.0117,中等空头排列,-0.8
588090,2022-11-30,1.0392,1.053,1.06745,1.037883,-0.02825,-2.6465,-0.0138,中等空头排列,-0.8
588090,2022-11-29,1.0438,1.0568,1.0697,1.038867,-0.0259,-2.4212,-0.013,中等空头排列,-0.8
588090,2022-11-28,1.0468,1.0619,1.0709,1.039817,-0.0241,-2.2504,-0.0151,中等空头排列,-0.8
588090,2022-11-25,1.0548,1.0649,1.07185,1.04075,-0.01705,-1.5907,-0.0101,温和空头排列,-0.4
588090,2022-11-24,1.0614,1.0673,1.07165,1.041817,-0.01025,-0.9565,-0.0059,温和空头排列,-0.4
588090,2022-11-23,1.0668,1.0684,1.07105,1.042783,-0.00425,-0.3968,-0.0016,震荡排列,0.0
588090,2022-11-22,1.0698,1.0703,1.07045,1.04435,-0.00065,-0.0607,-0.0005,震荡排列,0.0
588090,2022-11-21,1.077,1.0739,1.0681,1.045933,0.0089,0.8333,0.0031,长期温和多头排列,0.48
588090,2022-11-18,1.075,1.0766,1.06485,1.047267,0.01015,0.9532,-0.0016,震荡排列,0.0
588090,2022-11-17,1.0732,1.0809,1.0616,1.049283,0.0116,1.0927,-0.0077,方向分化,0.0
588090,2022-11-16,1.07,1.0819,1.0578,1.0509,0.0122,1.1533,-0.0119,方向分化,0.0
588090,2022-11-15,1.0708,1.0826,1.0535,1.052717,0.0173,1.6421,-0.0118,方向分化,0.0
588090,2022-11-14,1.0708,1.0799,1.0488,1.0543,0.022,2.0976,-0.0091,方向分化,0.0
588090,2022-11-11,1.0782,1.0788,1.0456,1.0565,0.0326,3.1178,-0.0006,震荡排列,0.0
588090,2022-11-10,1.0886,1.076,1.0422,1.059083,0.0464,4.4521,0.0126,强势多头排列,1.32
588090,2022-11-09,1.0938,1.0737,1.03705,1.061367,0.05675,5.4723,0.0201,强势多头排列,1.32
588090,2022-11-08,1.0944,1.0706,1.0312,1.063567,0.0632,6.1288,0.0238,强势多头排列,1.32
588090,2022-11-07,1.089,1.0623,1.0229,1.065317,0.0661,6.462,0.0267,强势多头排列,1.32
588090,2022-11-04,1.0794,1.0531,1.01465,1.06715,0.06475,6.3815,0.0263,强势多头排列,1.32
588090,2022-11-03,1.0634,1.0423,1.00765,1.067867,0.05575,5.5327,0.0211,强势多头排列,1.32
588090,2022-11-02,1.0536,1.0337,1.00295,1.068733,0.05065,5.0501,0.0199,强势多头排列,1.32
588090,2022-11-01,1.0468,1.0244,0.9986,1.069667,0.0482,4.8268,0.0224,强势多头排列,1.32
588090,2022-10-31,1.0356,1.0177,0.99595,1.071017,0.03965,3.9811,0.0179,强势多头排列,1.2
588090,2022-10-28,1.0268,1.0124,0.9933,1.072333,0.0335,3.3726,0.0144,强势多头排列,1.2
588090,2022-10-27,1.0212,1.0084,0.9916,1.0743,0.0296,2.9851,0.0128,中等多头排列,0.8
588090,2022-10-26,1.0138,1.0004,0.99015,1.075883,0.02365,2.3885,0.0134,中等多头排列,0.8
588090,2022-10-25,1.002,0.9918,0.98815,1.077183,0.01385,1.4016,0.0102,温和多头排列,0.4
588090,2022-10-24,0.9998,0.9835,0.9888,1.07895,0.011,1.1125,0.0163,方向分化,0.0
588090,2022-10-21,0.998,0.9762,0.98915,1.0809,0.00885,0.8947,0.0218,方向分化,0.0
588090,2022-10-20,0.9956,0.973,0.9906,1.08305,0.005,0.5047,0.0226,方向分化,0.0
588090,2022-10-19,0.987,0.9722,0.99235,1.085017,-0.00535,-0.5391,0.0148,方向分化,0.0
588090,2022-10-18,0.9816,0.9728,0.9965,1.086917,-0.0149,-1.4952,0.0088,方向分化,0.0
588090,2022-10-17,0.9672,0.9742,1.00015,1.08885,-0.03295,-3.2945,-0.007,长期强势空头排列,-1.44
588090,2022-10-14,0.9544,0.9742,1.0041,1.090733,-0.0497,-4.9497,-0.0198,长期强势空头排列,-1.58
588090,2022-10-13,0.9504,0.9748,1.00855,1.092783,-0.05815,-5.7657,-0.0244,长期强势空头排列,-1.58
588090,2022-10-12,0.9574,0.9799,1.0151,1.094933,-0.0577,-5.6842,-0.0225,长期强势空头排列,-1.58
588090,2022-10-11,0.964,0.9845,1.0211,1.09715,-0.0571,-5.592,-0.0205,长期强势空头排列,-1.58
588090,2022-10-10,0.9812,0.9941,1.02805,1.10045,-0.04685,-4.5572,-0.0129,长期强势空头排列,-1.58
588090,2022-09-30,0.994,1.0021,1.035,1.103933,-0.041,-3.9614,-0.0081,长期强势空头排列,-1.44
588090,2022-09-29,0.9992,1.0082,1.03975,1.10695,-0.04055,-3.9,-0.009,长期强势空头排列,-1.44
588090,2022-09-28,1.0024,1.0125,1.04325,1.109417,-0.04085,-3.9156,-0.0101,长期强势空头排列,-1.44
588090,2022-09-27,1.005,1.0202,1.0483,1.111767,-0.0433,-4.1305,-0.0152,长期强势空头排列,-1.58
588090,2022-09-26,1.007,1.0261,1.0526,1.113817,-0.0456,-4.3321,-0.0191,长期强势空头排列,-1.58
588090,2022-09-23,1.0102,1.034,1.0571,1.116133,-0.0469,-4.4367,-0.0238,长期强势空头排列,-1.58
588090,2022-09-22,1.0172,1.0423,1.0622,1.118567,-0.045,-4.2365,-0.0251,长期强势空头排列,-1.58
588090,2022-09-21,1.0226,1.0503,1.06715,1.12055,-0.04455,-4.1747,-0.0277,长期强势空头排列,-1.58
588090,2022-09-20,1.0354,1.0577,1.07445,1.1231,-0.03905,-3.6344,-0.0223,长期强势空头排列,-1.44
588090,2022-09-19,1.0452,1.062,1.0809,1.125117,-0.0357,-3.3028,-0.0168,长期强势空头排列,-1.44
588090,2022-09-16,1.0578,1.0679,1.0878,1.127283,-0.03,-2.7579,-0.0101,长期中等空头排列,-0.96
588090,2022-09-15,1.0674,1.0713,1.09565,1.128767,-0.02825,-2.5784,-0.0039,长期中等空头排列,-0.96
588090,2022-09-14,1.078,1.074,1.10255,1.12985,-0.02455,-2.2267,0.004,方向分化,0.0
588090,2022-09-13,1.08,1.0764,1.10815,1.1308,-0.02815,-2.5403,0.0036,方向分化,0.0
588090,2022-09-09,1.0788,1.0791,1.11395,1.13185,-0.03515,-3.1554,-0.0003,震荡排列,0.0
588090,2022-09-08,1.078,1.0802,1.1198,1.13285,-0.0418,-3.7328,-0.0022,方向分化,0.0
588090,2022-09-07,1.0752,1.0821,1.1265,1.133517,-0.0513,-4.5539,-0.0069,长期强势空头排列,-1.58
588090,2022-09-06,1.07,1.084,1.13195,1.133683,-0.06195,-5.4729,-0.014,强势空头排列,-1.32
588090,2022-09-05,1.0728,1.0912,1.1384,1.134283,-0.0656,-5.7625,-0.0184,强势空头排列,-1.32
588090,2022-09-02,1.0794,1.0998,1.145,1.135333,-0.0656,-5.7293,-0.0204,强势空头排列,-1.32
588090,2022-09-01,1.0824,1.1077,1.1518,1.136517,-0.0694,-6.0254,-0.0253,强势空头排列,-1.32
588090,2022-08-31,1.089,1.12,1.1562,1.1374,-0.0672,-5.8121,-0.031,强势空头排列,-1.32
588090,2022-08-30,1.098,1.1311,1.16,1.138883,-0.062,-5.3448,-0.0331,强势空头排列,-1.32
588090,2022-08-29,1.1096,1.1399,1.1621,1.139883,-0.0525,-4.5177,-0.0303,强势空头排列,-1.32
588090,2022-08-26,1.1202,1.1488,1.1645,1.140983,-0.0443,-3.8042,-0.0286,强势空头排列,-1.2
588090,2022-08-25,1.133,1.1594,1.1666,1.14155,-0.0336,-2.8802,-0.0264,中等空头排列,-0.8
588090,2022-08-24,1.151,1.1709,1.1691,1.141,-0.0181,-1.5482,-0.0199,震荡排列,0.0
588090,2022-08-23,1.1642,1.1799,1.17035,1.140333,-0.00615,-0.5255,-0.0157,方向分化,0.0
588090,2022-08-22,1.1702,1.1856,1.16895,1.138467,0.00125,0.1069,-0.0154,方向分化,0.0
588090,2022-08-19,1.1774,1.1902,1.16715,1.136517,0.01025,0.8782,-0.0128,方向分化,0.0
588090,2022-08-18,1.1858,1.1959,1.16575,1.134667,0.02005,1.7199,-0.0101,方向分化,0.0
588090,2022-08-17,1.1908,1.1924,1.1629,1.132183,0.0279,2.3992,-0.0016,震荡排列,0.0
588090,2022-08-16,1.1956,1.1889,1.16015,1.129883,0.03545,3.0556,0.0067,长期强势多头排列,1.44
588090,2022-08-15,1.201,1.1843,1.1561,1.128283,0.0449,3.8837,0.0167,长期强势多头排列,1.44
588090,2022-08-12,1.203,1.1802,1.15245,1.126633,0.05055,4.3863,0.0228,长期强势多头排列,1.58
588090,2022-08-11,1.206,1.1738,1.1483,1.124667,0.0577,5.0248,0.0322,长期强势多头排列,1.58
588090,2022-08-10,1.194,1.1673,1.1433,1.1219,0.0507,4.4345,0.0267,长期强势多头排列,1.58
588090,2022-08-09,1.1822,1.1608,1.13775,1.119333,0.04445,3.9068,0.0214,长期强势多头排列,1.44
588090,2022-08-08,1.1676,1.1523,1.13195,1.1164,0.03565,3.1494,0.0153,长期强势多头排列,1.44
588090,2022-08-05,1.1574,1.1441,1.1283,1.114033,0.0291,2.5791,0.0133,长期中等多头排列,0.96
588090,2022-08-04,1.1416,1.1356,1.125,1.111383,0.0166,1.4756,0.006,长期温和多头排列,0.48
588090,2022-08-03,1.1406,1.1334,1.1249,1.1094,0.0157,1.3957,0.0072,长期温和多头排列,0.48
588090,2022-08-02,1.1394,1.1314,1.125,1.10715,0.0144,1.28,0.008,长期温和多头排列,0.48
588090,2022-08-01,1.137,1.1279,1.1249,1.104683,0.0121,1.0757,0.0091,长期温和多头排列,0.48
588090,2022-07-29,1.1308,1.1247,1.12435,1.101933,0.00645,0.5737,0.0061,震荡排列,0.0
588090,2022-07-28,1.1296,1.1228,1.1247,1.0996,0.0049,0.4357,0.0068,震荡排列,0.0
588090,2022-07-27,1.1262,1.1193,1.1244,1.096833,0.0018,0.1601,0.0069,方向分化,0.0
588090,2022-07-26,1.1234,1.1147,1.12415,1.09355,-0.00075,-0.0667,0.0087,方向分化,0.0
588090,2022-07-25,1.1188,1.1116,1.1259,1.0905,-0.0071,-0.6306,0.0072,方向分化,0.0
588090,2022-07-22,1.1186,1.1125,1.1273,1.087017,-0.0087,-0.7718,0.0061,方向分化,0.0
588090,2022-07-21,1.116,1.1144,1.1283,1.083667,-0.0123,-1.0901,0.0016,震荡排列,0.0
588090,2022-07-20,1.1124,1.1164,1.12775,1.081067,-0.01535,-1.3611,-0.004,温和空头排列,-0.4
588090,2022-07-19,1.106,1.1186,1.12685,1.07895,-0.02085,-1.8503,-0.0126,中等空头排列,-0.8
588090,2022-07-18,1.1044,1.1219,1.12815,1.077433,-0.02375,-2.1052,-0.0175,中等空头排列,-0.8
588090,2022-07-15,1.1064,1.124,1.12915,1.075983,-0.02275,-2.0148,-0.0176,中等空头排列,-0.8
588090,2022-07-14,1.1128,1.1266,1.13045,1.07485,-0.01765,-1.5613,-0.0138,温和空头排列,-0.4
588090,2022-07-13,1.1204,1.1295,1.13075,1.0731,-0.01035,-0.9153,-0.0091,震荡排列,0.0
588090,2022-07-12,1.1312,1.1336,1.13135,1.0718,-0.00015,-0.0133,-0.0024,震荡排列,0.0
588090,2022-07-11,1.1394,1.1402,1.1325,1.070283,0.0069,0.6093,-0.0008,震荡排列,0.0
588090,2022-07-08,1.1416,1.1421,1.1327,1.06885,0.0089,0.7857,-0.0005,震荡排列,0.0
588090,2022-07-07,1.1404,1.1422,1.13275,1.067033,0.00765,0.6753,-0.0018,震荡排列,0.0
588090,2022-07-06,1.1386,1.1391,1.1311,1.065583,0.0075,0.6631,-0.0005,震荡排列,0.0
588090,2022-07-05,1.136,1.1351,1.13165,1.06445,0.00435,0.3844,0.0009,震荡排列,0.0
588090,2022-07-04,1.141,1.1344,1.13265,1.063917,0.00835,0.7372,0.0066,震荡排列,0.0
588090,2022-07-01,1.1426,1.1343,1.1341,1.0639,0.0085,0.7495,0.0083,震荡排列,0.0
588090,2022-06-30,1.144,1.1343,1.13335,1.0638,0.01065,0.9397,0.0097,震荡排列,0.0
588090,2022-06-29,1.1396,1.132,1.1295,1.0639,0.0101,0.8942,0.0076,方向分化,0.0
588090,2022-06-28,1.1342,1.1291,1.1265,1.063717,0.0077,0.6835,0.0051,方向分化,0.0
588090,2022-06-27,1.1278,1.1248,1.12055,1.0634,0.00725,0.647,0.003,长期温和多头排列,0.48
588090,2022-06-24,1.126,1.1233,1.1151,1.0635,0.0109,0.9775,0.0027,方向分化,0.0
588090,2022-06-23,1.1246,1.1233,1.10995,1.064017,0.01465,1.3199,0.0013,震荡排列,0.0
588090,2022-06-22,1.1244,1.1231,1.1059,1.065083,0.0185,1.6728,0.0013,震荡排列,0.0
588090,2022-06-21,1.124,1.1282,1.10265,1.066367,0.02135,1.9362,-0.0042,方向分化,0.0
588090,2022-06-20,1.1218,1.1309,1.1006,1.0675,0.0212,1.9262,-0.0091,方向分化,0.0
588090,2022-06-17,1.1206,1.1339,1.0983,1.068433,0.0223,2.0304,-0.0133,方向分化,0.0
588090,2022-06-16,1.122,1.1324,1.09525,1.069217,0.02675,2.4424,-0.0104,方向分化,0.0
588090,2022-06-15,1.1218,1.127,1.09165,1.069933,0.03015,2.7619,-0.0052,方向分化,0.0
588090,2022-06-14,1.1324,1.1239,1.0889,1.070533,0.0435,3.9949,0.0085,长期强势多头排列,1.44
588090,2022-06-13,1.14,1.1163,1.08475,1.0715,0.05525,5.0933,0.0237,长期强势多头排列,1.58
588090,2022-06-10,1.1472,1.1069,1.0811,1.072883,0.0661,6.1141,0.0403,长期强势多头排列,1.58
588090,2022-06-09,1.1428,1.0966,1.0764,1.073783,0.0664,6.1687,0.0462,强势多头排列,1.32
588090,2022-06-08,1.1322,1.0887,1.0722,1.074633,0.06,5.596,0.0435,强势多头排列,1.32
588090,2022-06-07,1.1154,1.0771,1.0648,1.075117,0.0506,4.7521,0.0383,强势多头排列,1.32
588090,2022-06-06,1.0926,1.0703,1.0565,1.07625,0.0361,3.4169,0.0223,强势多头排列,1.2
588090,2022-06-02,1.0666,1.0627,1.04735,1.077717,0.01925,1.838,0.0039,中等多头排列,0.8
588090,2022-06-01,1.0504,1.0581,1.04075,1.080017,0.00965,0.9272,-0.0077,方向分化,0.0
588090,2022-05-31,1.0452,1.0563,1.0366,1.083483,0.0086,0.8296,-0.0111,方向分化,0.0
588090,2022-05-30,1.0388,1.0539,1.03,1.087067,0.0088,0.8544,-0.0151,方向分化,0.0
588090,2022-05-27,1.048,1.0532,1.02505,1.0913,0.02295,2.2389,-0.0052,方向分化,0.0
588090,2022-05-26,1.0588,1.0553,1.01865,1.09555,0.04015,3.9415,0.0035,强势多头排列,1.2
588090,2022-05-25,1.0658,1.0562,1.01275,1.099267,0.05305,5.2382,0.0096,强势多头排列,1.32
588090,2022-05-24,1.0674,1.0557,1.00955,1.103183,0.05785,5.7303,0.0117,强势多头排列,1.32
588090,2022-05-23,1.069,1.0525,1.00735,1.1064,0.06165,6.12,0.0165,强势多头排列,1.32
588090,2022-05-20,1.0584,1.0427,1.00355,1.10895,0.05485,5.4656,0.0157,强势多头排列,1.32
588090,2022-05-19,1.0518,1.032,1.0005,1.1117,0.0513,5.1274,0.0198,强势多头排列,1.32
588090,2022-05-18,1.0466,1.0234,0.99885,1.114683,0.04775,4.7805,0.0232,强势多头排列,1.32
588090,2022-05-17,1.044,1.0169,0.9969,1.117867,0.0471,4.7246,0.0271,强势多头排列,1.32
588090,2022-05-16,1.036,1.0061,0.99515,1.121233,0.04085,4.1049,0.0299,强势多头排列,1.32
588090,2022-05-13,1.027,0.9969,0.9936,1.12435,0.0334,3.3615,0.0301,强势多头排列,1.2
588090,2022-05-12,1.0122,0.982,0.99275,1.12705,0.01945,1.9592,0.0302,方向分化,0.0
588090,2022-05-11,1.0002,0.9693,0.99195,1.13015,0.00825,0.8317,0.0309,方向分化,0.0
588090,2022-05-10,0.9898,0.9634,0.99345,1.13385,-0.00365,-0.3674,0.0264,方向分化,0.0
588090,2022-05-09,0.9762,0.9622,0.9969,1.137933,-0.0207,-2.0764,0.014,方向分化,0.0
588090,2022-05-06,0.9668,0.9644,1.0026,1.142933,-0.0358,-3.5707,0.0024,方向分化,0.0
588090,2022-05-05,0.9518,0.969,1.01025,1.147967,-0.05845,-5.7857,-0.0172,长期强势空头排列,-1.58
588090,2022-04-29,0.9384,0.9743,1.0173,1.152967,-0.0789,-7.7558,-0.0359,长期强势空头排列,-1.58
588090,2022-04-28,0.937,0.9769,1.0256,1.1586,-0.0886,-8.6388,-0.0399,长期强势空头排列,-1.58
588090,2022-04-27,0.9482,0.9842,1.03465,1.16505,-0.08645,-8.3555,-0.036,长期强势空头排列,-1.58
588090,2022-04-26,0.962,0.9903,1.0446,1.17205,-0.0826,-7.9073,-0.0283,长期强势空头排列,-1.58
588090,2022-04-25,0.9862,1.0035,1.05675,1.179333,-0.07055,-6.6761,-0.0173,长期强势空头排列,-1.58
588090,2022-04-22,1.0102,1.0146,1.06935,1.186617,-0.05915,-5.5314,-0.0044,长期强势空头排列,-1.58
588090,2022-04-21,1.0168,1.0235,1.0798,1.193217,-0.063,-5.8344,-0.0067,长期强势空头排列,-1.58
588090,2022-04-20,1.0202,1.0316,1.0891,1.199817,-0.0689,-6.3263,-0.0114,长期强势空头排列,-1.58
588090,2022-04-19,1.0186,1.0408,1.09835,1.20615,-0.07975,-7.2609,-0.0222,长期强势空头排列,-1.58
588090,2022-04-18,1.0208,1.0515,1.1065,1.211767,-0.0857,-7.7451,-0.0307,长期强势空头排列,-1.58
588090,2022-04-15,1.019,1.0603,1.11355,1.216833,-0.09455,-8.4909,-0.0413,长期强势空头排列,-1.58
588090,2022-04-14,1.0302,1.0743,1.12125,1.222683,-0.09105,-8.1204,-0.0441,长期强势空头排列,-1.58
588090,2022-04-13,1.043,1.0851,1.12755,1.228267,-0.08455,-7.4986,-0.0421,长期强势空头排列,-1.58
588090,2022-04-12,1.063,1.0989,1.13615,1.234433,-0.07315,-6.4384,-0.0359,长期强势空头排列,-1.58
588090,2022-04-11,1.0822,1.11,1.1448,1.2398,-0.0626,-5.4682,-0.0278,长期强势空头排列,-1.58
588090,2022-04-08,1.1016,1.1241,1.153,1.2455,-0.0514,-4.4579,-0.0225,长期强势空头排列,-1.58
588090,2022-04-07,1.1184,1.1361,1.15825,1.2508,-0.03985,-3.4405,-0.0177,长期强势空头排列,-1.44
588090,2022-04-06,1.1272,1.1466,1.16365,1.256483,-0.03645,-3.1324,-0.0194,长期强势空头排列,-1.44
588090,2022-04-01,1.1348,1.1559,1.16965,1.2623,-0.03485,-2.9795,-0.0211,长期强势空头排列,-1.44
588090,2022-03-31,1.1378,1.1615,1.17555,1.267217,-0.03775,-3.2113,-0.0237,长期强势空头排列,-1.44
588090,2022-03-30,1.1466,1.1668,1.182,1.271833,-0.0354,-2.9949,-0.0202,长期强势空头排列,-1.44
588090,2022-03-29,1.1538,1.1682,1.18825,1.276283,-0.03445,-2.8992,-0.0144,长期中等空头排列,-0.96
588090,2022-03-28,1.166,1.17,1.19655,1.281117,-0.03055,-2.5532,-0.004,长期中等空头排列,-0.96
588090,2022-03-25,1.177,1.1734,1.20425,1.2857,-0.02725,-2.2628,0.0036,方向分化,0.0
588090,2022-03-24,1.1852,1.1796,1.21125,1.290383,-0.02605,-2.1507,0.0056,方向分化,0.0
588090,2022-03-23,1.187,1.1819,1.2157,1.294567,-0.0287,-2.3608,0.0051,方向分化,0.0
588090,2022-03-22,1.1826,1.1804,1.2202,1.298583,-0.0376,-3.0815,0.0022,震荡排列,0.0
588090,2022-03-21,1.174,1.1807,1.22275,1.302567,-0.04875,-3.9869,-0.0067,长期强势空头排列,-1.58
588090,2022-03-18,1.1698,1.1834,1.22495,1.30685,-0.05515,-4.5022,-0.0136,长期强势空头排列,-1.58
588090,2022-03-17,1.174,1.1896,1.2281,1.311683,-0.0541,-4.4052,-0.0156,长期强势空头排列,-1.58
588090,2022-03-16,1.1768,1.1972,1.23165,1.316533,-0.05485,-4.4534,-0.0204,长期强势空头排列,-1.58
588090,2022-03-15,1.1782,1.2083,1.23545,1.322017,-0.05725,-4.6339,-0.0301,长期强势空头排列,-1.58
588090,2022-03-14,1.1874,1.2231,1.241,1.327967,-0.0536,-4.3191,-0.0357,长期强势空头排列,-1.58
588090,2022-03-11,1.197,1.2351,1.2433,1.333333,-0.0463,-3.724,-0.0381,长期强势空头排列,-1.44
588090,2022-03-10,1.2052,1.2429,1.2436,1.337917,-0.0384,-3.0878,-0.0377,震荡排列,0.0
588090,2022-03-09,1.2176,1.2495,1.2455,1.34235,-0.0279,-2.2401,-0.0319,方向分化,0.0
588090,2022-03-08,1.2384,1.26,1.24985,1.34695,-0.01145,-0.9161,-0.0216,方向分化,0.0
588090,2022-03-07,1.2588,1.2648,1.25325,1.3516,0.00555,0.4428,-0.006,方向分化,0.0
588090,2022-03-04,1.2732,1.2665,1.25655,1.35625,0.01665,1.3251,0.0067,温和多头排列,0.4
588090,2022-03-03,1.2806,1.2666,1.2581,1.360133,0.0225,1.7884,0.014,中等多头排列,0.8
588090,2022-03-02,1.2814,1.2661,1.2596,1.364333,0.0218,1.7307,0.0153,中等多头排列,0.8
588090,2022-03-01,1.2816,1.2626,1.26195,1.368517,0.01965,1.5571,0.019,震荡排列,0.0
588090,2022-02-28,1.2708,1.2589,1.26395,1.372583,0.00685,0.542,0.0119,方向分化,0.0
588090,2022-02-25,1.2598,1.2515,1.2673,1.376233,-0.0075,-0.5918,0.0083,方向分化,0.0
588090,2022-02-24,1.2526,1.2443,1.27,1.38015,-0.0174,-1.3701,0.0083,方向分化,0.0
588090,2022-02-23,1.2508,1.2415,1.2748,1.38455,-0.024,-1.8826,0.0093,方向分化,0.0
588090,2022-02-22,1.2436,1.2397,1.27965,1.388767,-0.03605,-2.8172,0.0039,方向分化,0.0
588090,2022-02-21,1.247,1.2417,1.2876,1.393817,-0.0406,-3.1532,0.0053,方向分化,0.0
588090,2022-02-18,1.2432,1.2466,1.29515,1.39815,-0.05195,-4.0111,-0.0034,长期强势空头排列,-1.58
588090,2022-02-17,1.236,1.2496,1.3007,1.401883,-0.0647,-4.9742,-0.0136,长期强势空头排列,-1.58
588090,2022-02-16,1.2322,1.2531,1.3053,1.405767,-0.0731,-5.6002,-0.0209,长期强势空头排列,-1.58
588090,2022-02-15,1.2358,1.2613,1.31135,1.40965,-0.07555,-5.7612,-0.0255,长期强势空头排列,-1.58
588090,2022-02-14,1.2364,1.269,1.31625,1.413583,-0.07985,-6.0665,-0.0326,长期强势空头排列,-1.58
588090,2022-02-11,1.25,1.2831,1.32385,1.4182,-0.07385,-5.5784,-0.0331,长期强势空头排列,-1.58
588090,2022-02-10,1.2632,1.2957,1.331,1.42275,-0.0678,-5.0939,-0.0325,长期强势空头排列,-1.58
588090,2022-02-09,1.274,1.3081,1.338,1.426733,-0.064,-4.7833,-0.0341,长期强势空头排列,-1.58
588090,2022-02-08,1.2868,1.3196,1.3443,1.430317,-0.0575,-4.2773,-0.0328,长期强势空头排列,-1.58
588090,2022-02-07,1.3016,1.3335,1.35255,1.433717,-0.05095,-3.767,-0.0319,长期强势空头排列,-1.44
588090,2022-01-28,1.3162,1.3437,1.3607,1.43655,-0.0445,-3.2704,-0.0275,长期强势空头排列,-1.44
588090,2022-01-27,1.3282,1.3518,1.368,1.439567,-0.0398,-2.9094,-0.0236,长期中等空头排列,-0.96
588090,2022-01-26,1.3422,1.3575,1.3739,1.442233,-0.0317,-2.3073,-0.0153,长期中等空头排列,-0.96
588090,2022-01-25,1.3524,1.3614,1.37865,1.444517,-0.02625,-1.904,-0.009,长期中等空头排列,-0.96
588090,2022-01-24,1.3654,1.3635,1.38285,1.446717,-0.01745,-1.2619,0.0019,震荡排列,0.0
588090,2022-01-21,1.3712,1.3646,1.38555,1.448217,-0.01435,-1.0357,0.0066,方向分化,0.0
588090,2022-01-20,1.3754,1.3663,1.3899,1.449317,-0.0145,-1.0432,0.0091,方向分化,0.0
588090,2022-01-19,1.3728,1.3679,1.3932,1.450167,-0.0204,-1.4643,0.0049,方向分化,0.0
588090,2022-01-18,1.3704,1.369,1.3959,1.45105,-0.0255,-1.8268,0.0014,震荡排列,0.0
588090,2022-01-17,1.3616,1.3716,1.39735,1.4517,-0.03575,-2.5584,-0.01,长期中等空头排列,-0.96
588090,2022-01-14,1.358,1.3777,1.40045,1.452233,-0.04245,-3.0312,-0.0197,长期强势空头排列,-1.44
588090,2022-01-13,1.3572,1.3842,1.40625,1.45305,-0.04905,-3.488,-0.027,长期强势空头排列,-1.44
588090,2022-01-12,1.363,1.3903,1.41265,1.454317,-0.04965,-3.5147,-0.0273,长期强势空头排列,-1.44
588090,2022-01-11,1.3676,1.3959,1.41925,1.455267,-0.05165,-3.6392,-0.0283,长期强势空头排列,-1.44
588090,2022-01-10,1.3816,1.4022,1.42665,1.456183,-0.04505,-3.1577,-0.0206,长期强势空头排列,-1.44
588090,2022-01-07,1.3974,1.4065,1.43285,1.45695,-0.03545,-2.4741,-0.0091,长期中等空头排列,-0.96
588090,2022-01-06,1.4112,1.4135,1.43915,1.4576,-0.02795,-1.9421,-0.0023,震荡排列,0.0
588090,2022-01-05,1.4176,1.4185,1.44355,1.45785,-0.02595,-1.7977,-0.0009,震荡排列,0.0
588090,2022-01-04,1.4242,1.4228,1.4467,1.4577,-0.0225,-1.5553,0.0014,震荡排列,0.0
588090,2021-12-31,1.4228,1.4231,1.449,1.457533,-0.0262,-1.8081,-0.0003,震荡排列,0.0
588090,2021-12-30,1.4156,1.4232,1.4515,1.457033,-0.0359,-2.4733,-0.0076,长期中等空头排列,-0.96
588090,2021-12-29,1.4158,1.4283,1.4543,1.456917,-0.0385,-2.6473,-0.0125,中等空头排列,-0.8
588090,2021-12-28,1.4194,1.435,1.4595,1.45675,-0.0401,-2.7475,-0.0156,中等空头排列,-0.8
588090,2021-12-27,1.4214,1.4426,1.46495,1.456583,-0.04355,-2.9728,-0.0212,中等空头排列,-0.8
588090,2021-12-24,1.4234,1.4511,1.47095,1.456783,-0.04755,-3.2326,-0.0277,强势空头排列,-1.2
588090,2021-12-23,1.4308,1.4592,1.47585,1.45705,-0.04505,-3.0525,-0.0284,强势空头排列,-1.2
588090,2021-12-22,1.4408,1.4648,1.48055,1.456867,-0.03975,-2.6848,-0.024,中等空头排列,-0.8
588090,2021-12-21,1.4506,1.4686,1.48565,1.456583,-0.03505,-2.3592,-0.018,中等空头排列,-0.8
588090,2021-12-20,1.4638,1.4706,1.49075,1.456317,-0.02695,-1.8078,-0.0068,中等空头排列,-0.8
588090,2021-12-17,1.4788,1.4749,1.4965,1.45605,-0.0177,-1.1828,0.0039,方向分化,0.0
588090,2021-12-16,1.4876,1.4798,1.49885,1.455783,-0.01125,-0.7506,0.0078,方向分化,0.0
588090,2021-12-15,1.4888,1.4803,1.4987,1.455367,-0.0099,-0.6606,0.0085,方向分化,0.0
588090,2021-12-14,1.4866,1.484,1.49935,1.45475,-0.01275,-0.8504,0.0026,震荡排列,0.0
588090,2021-12-13,1.4774,1.4873,1.49835,1.454583,-0.02095,-1.3982,-0.0099,温和空头排列,-0.4
588090,2021-12-10,1.471,1.4908,1.49785,1.4539,-0.02685,-1.7926,-0.0198,中等空头排列,-0.8
588090,2021-12-09,1.472,1.4925,1.4979,1.453433,-0.0259,-1.7291,-0.0205,中等空头排列,-0.8
588090,2021-12-08,1.4718,1.4963,1.4981,1.453533,-0.0263,-1.7556,-0.0245,震荡排列,0.0
588090,2021-12-07,1.4814,1.5027,1.49865,1.453933,-0.01725,-1.151,-0.0213,方向分化,0.0
588090,2021-12-06,1.4972,1.5109,1.49995,1.454083,-0.00275,-0.1833,-0.0137,方向分化,0.0
588090,2021-12-03,1.5106,1.5181,1.4996,1.453933,0.011,0.7335,-0.0075,方向分化,0.0
588090,2021-12-02,1.513,1.5179,1.49745,1.453583,0.01555,1.0384,-0.0049,方向分化,0.0
588090,2021-12-01,1.5208,1.5171,1.4964,1.4537,0.0244,1.6306,0.0037,方向分化,0.0
588090,2021-11-30,1.524,1.5147,1.4933,1.453867,0.0307,2.0558,0.0093,长期中等多头排列,0.96
588090,2021-11-29,1.5246,1.5094,1.48995,1.454017,0.03465,2.3256,0.0152,长期中等多头排列,0.96
588090,2021-11-26,1.5256,1.5049,1.48635,1.45445,0.03925,2.6407,0.0207,长期中等多头排列,0.96
588090,2021-11-25,1.5228,1.5033,1.48325,1.455933,0.03955,2.6664,0.0195,长期中等多头排列,0.96
588090,2021-11-24,1.5134,1.4999,1.4775,1.45775,0.0359,2.4298,0.0135,长期中等多头排列,0.96
588090,2021-11-23,1.5054,1.4946,1.47165,1.459317,0.03375,2.2933,0.0108,长期中等多头排列,0.96
588090,2021-11-22,1.4942,1.489,1.4665,1.460283,0.0277,1.8889,0.0052,长期中等多头排列,0.96
588090,2021-11-19,1.4842,1.4811,1.46125,1.46135,0.02295,1.5706,0.0031,方向分化,0.0
588090,2021-11-18,1.4838,1.477,1.4574,1.46235,0.0264,1.8114,0.0068,中等多头排列,0.8
588090,2021-11-17,1.4864,1.4757,1.4542,1.46385,0.0322,2.2143,0.0107,中等多头排列,0.8
588090,2021-11-16,1.4838,1.4719,1.45095,1.465867,0.03285,2.264,0.0119,中等多头排列,0.8
588090,2021-11-15,1.4838,1.4705,1.4482,1.468217,0.0356,2.4582,0.0133,中等多头排列,0.8
588090,2021-11-12,1.478,1.4678,1.44405,1.470883,0.03395,2.351,0.0102,中等多头排列,0.8
588090,2021-11-11,1.4702,1.4632,1.4401,1.4732,0.0301,2.0901,0.007,中等多头排列,0.8
588090,2021-11-10,1.465,1.4551,1.43555,1.475783,0.02945,2.0515,0.0099,中等多头排列,0.8
588090,2021-11-09,1.46,1.4487,1.43135,1.478367,0.02865,2.0016,0.0113,中等多头排列,0.8
588090,2021-11-08,1.4572,1.444,1.42645,1.481267,0.03075,2.1557,0.0132,中等多头排列,0.8
588090,2021-11-05,1.4576,1.4414,1.424,1.484667,0.0336,2.3596,0.0162,中等多头排列,0.8
588090,2021-11-04,1.4562,1.4378,1.42215,1.488083,0.03405,2.3943,0.0184,中等多头排列,0.8
588090,2021-11-03,1.4452,1.4327,1.42005,1.490733,0.02515,1.7711,0.0125,中等多头排列,0.8
588090,2021-11-02,1.4374,1.43,1.41745,1.4941,0.01995,1.4075,0.0074,温和多头排列,0.4
588090,2021-11-01,1.4308,1.4259,1.41485,1.497317,0.01595,1.1273,0.0049,温和多头排列,0.4
588090,2021-10-29,1.4252,1.4203,1.41305,1.5004,0.01215,0.8598,0.0049,温和多头排列,0.4
588090,2021-10-28,1.4194,1.417,1.41205,1.502417,0.00735,0.5205,0.0024,震荡排列,0.0
588090,2021-10-27,1.4202,1.416,1.41255,1.50565,0.00765,0.5416,0.0042,方向分化,0.0
588090,2021-10-26,1.4226,1.414,1.41245,1.5091,0.01015,0.7186,0.0086,震荡排列,0.0
588090,2021-10-25,1.421,1.4089,1.4117,1.512333,0.0093,0.6588,0.0121,震荡排列,0.0
588090,2021-10-22,1.4154,1.4066,1.4104,1.515767,0.005,0.3545,0.0088,方向分化,0.0
588090,2021-10-21,1.4146,1.4065,1.4111,1.51905,0.0035,0.248,0.0081,方向分化,0.0
588090,2021-10-20,1.4118,1.4074,1.4132,1.521783,-0.0014,-0.0991,0.0044,方向分化,0.0
588090,2021-10-19,1.4054,1.4049,1.41395,1.524167,-0.00855,-0.6047,0.0005,震荡排列,0.0
588090,2021-10-18,1.3968,1.4038,1.4172,1.52685,-0.0204,-1.4395,-0.007,长期温和空头排列,-0.48
588090,2021-10-15,1.3978,1.4058,1.4198,1.530367,-0.022,-1.5495,-0.008,长期温和空头排列,-0.48
588090,2021-10-14,1.3984,1.4071,1.4223,1.533617,-0.0239,-1.6804,-0.0087,长期中等空头排列,-0.96
588090,2021-10-13,1.403,1.4091,1.42695,1.537667,-0.02395,-1.6784,-0.0061,长期中等空头排列,-0.96
588090,2021-10-12,1.4044,1.4109,1.4318,1.54205,-0.0274,-1.9137,-0.0065,长期中等空头排列,-0.96
588090,2021-10-11,1.4108,1.4145,1.43585,1.546583,-0.02505,-1.7446,-0.0037,长期中等空头排列,-0.96
588090,2021-10-08,1.4138,1.4142,1.4382,1.55085,-0.0244,-1.6966,-0.0004,震荡排列,0.0
588090,2021-09-30,1.4158,1.4157,1.44115,1.554133,-0.02535,-1.759,0.0001,震荡排列,0.0
588090,2021-09-29,1.4152,1.419,1.44465,1.5568,-0.02945,-2.0386,-0.0038,长期中等空头排列,-0.96
588090,2021-09-28,1.4174,1.423,1.45085,1.560667,-0.03345,-2.3055,-0.0056,长期中等空头排列,-0.96
588090,2021-09-27,1.4182,1.4306,1.45725,1.563683,-0.03905,-2.6797,-0.0124,长期中等空头排列,-0.96
588090,2021-09-24,1.4146,1.4338,1.46395,1.5671,-0.04935,-3.371,-0.0192,长期强势空头排列,-1.44
588090,2021-09-23,1.4156,1.4375,1.4725,1.570617,-0.0569,-3.8642,-0.0219,长期强势空头排列,-1.44
588090,2021-09-22,1.4228,1.4448,1.4832,1.57385,-0.0604,-4.0723,-0.022,长期强势空头排列,-1.58
588090,2021-09-17,1.4286,1.4527,1.49385,1.577233,-0.06525,-4.3679,-0.0241,长期强势空头排列,-1.58
588090,2021-09-16,1.443,1.4572,1.50265,1.580167,-0.05965,-3.9697,-0.0142,长期强势空头排列,-1.44
588090,2021-09-15,1.453,1.4622,1.5124,1.582617,-0.0594,-3.9275,-0.0092,长期强势空头排列,-1.44
588090,2021-09-14,1.4594,1.4666,1.51855,1.58505,-0.05915,-3.8952,-0.0072,长期强势空头排列,-1.44
588090,2021-09-13,1.4668,1.4703,1.52415,1.587,-0.05735,-3.7628,-0.0035,方向分化,0.0
588090,2021-09-10,1.4768,1.4787,1.5327,1.589283,-0.0559,-3.6472,-0.0019,震荡排列,0.0
588090,2021-09-09,1.4714,1.4839,1.53925,1.590233,-0.06785,-4.408,-0.0125,长期强势空头排列,-1.58
588090,2021-09-08,1.4714,1.4941,1.5488,1.591333,-0.0774,-4.9974,-0.0227,长期强势空头排列,-1.58
588090,2021-09-07,1.4738,1.5075,1.5572,1.591033,-0.0834,-5.3558,-0.0337,长期强势空头排列,-1.58
588090,2021-09-06,1.4738,1.5216,1.56485,1.591067,-0.09105,-5.8184,-0.0478,长期强势空头排列,-1.58
588090,2021-09-03,1.4806,1.535,1.57195,1.591017,-0.09135,-5.8113,-0.0544,长期强势空头排列,-1.58
588090,2021-09-02,1.4964,1.5481,1.5815,1.591633,-0.0851,-5.381,-0.0517,长期强势空头排列,-1.58
588090,2021-09-01,1.5168,1.5626,1.5918,1.591917,-0.075,-4.7116,-0.0458,强势空头排列,-1.32
588090,2021-08-31,1.5412,1.5705,1.60095,1.591683,-0.05975,-3.7322,-0.0293,强势空头排列,-1.2
588090,2021-08-30,1.5694,1.578,1.6075,1.591417,-0.0381,-2.3701,-0.0086,中等空头排列,-0.8
588090,2021-08-27,1.5894,1.5867,1.614,1.590617,-0.0246,-1.5242,0.0027,震荡排列,0.0
588090,2021-08-26,1.5998,1.5946,1.61985,1.58925,-0.02005,-1.2378,0.0052,方向分化,0.0
588090,2021-08-25,1.6084,1.6035,1.6242,1.587783,-0.0158,-0.9728,0.0049,方向分化,0.0
588090,2021-08-24,1.5998,1.6069,1.6227,1.58615,-0.0229,-1.4112,-0.0071,温和空头排列,-0.4
588090,2021-08-23,1.5866,1.6081,1.6212,1.5837,-0.0346,-2.1342,-0.0215,中等空头排列,-0.8
588090,2021-08-20,1.584,1.6089,1.621,1.580433,-0.037,-2.2825,-0.0249,中等空头排列,-0.8
588090,2021-08-19,1.5894,1.6149,1.62265,1.5779,-0.03325,-2.0491,-0.0255,中等空头排列,-0.8
588090,2021-08-18,1.5986,1.621,1.6245,1.57465,-0.0259,-1.5943,-0.0224,方向分化,0.0
588090,2021-08-17,1.614,1.6314,1.6275,1.57215,-0.0135,-0.8295,-0.0174,方向分化,0.0
588090,2021-08-16,1.6296,1.637,1.628,1.568867,0.0016,0.0983,-0.0074,方向分化,0.0
588090,2021-08-13,1.6338,1.6413,1.62585,1.564617,0.00795,0.489,-0.0075,方向分化,0.0
588090,2021-08-12,1.6404,1.6451,1.6241,1.5605,0.0163,1.0036,-0.0047,方向分化,0.0
588090,2021-08-11,1.6434,1.6449,1.6225,1.555817,0.0209,1.2881,-0.0015,震荡排列,0.0
588090,2021-08-10,1.6488,1.6385,1.62135,1.551233,0.02745,1.693,0.0103,长期中等多头排列,0.96
588090,2021-08-09,1.6444,1.6343,1.6212,1.546617,0.0232,1.431,0.0101,长期温和多头排列,0.48
588090,2021-08-06,1.6488,1.6331,1.6224,1.54175,0.0264,1.6272,0.0157,长期中等多头排列,0.96
588090,2021-08-05,1.6498,1.6304,1.6224,1.53615,0.0274,1.6889,0.0194,长期中等多头排列,0.96
588090,2021-08-04,1.6464,1.628,1.62255,1.530317,0.02385,1.4699,0.0184,长期温和多头排列,0.48
588090,2021-08-03,1.6282,1.6236,1.6203,1.5242,0.0079,0.4876,0.0046,方向分化,0.0
588090,2021-08-02,1.6242,1.619,1.61825,1.518717,0.00595,0.3677,0.0052,震荡排列,0.0
588090,2021-07-30,1.6174,1.6104,1.61715,1.512917,0.00025,0.0155,0.007,方向分化,0.0
588090,2021-07-29,1.611,1.6031,1.61395,1.507833,-0.00295,-0.1828,0.0079,方向分化,0.0
588090,2021-07-28,1.6096,1.6001,1.61315,1.503133,-0.00355,-0.2201,0.0095,方向分化,0.0
588090,2021-07-27,1.619,1.6042,1.61665,1.49965,0.00235,0.1454,0.0148,方向分化,0.0
588090,2021-07-26,1.6138,1.6081,1.61715,1.495667,-0.00335,-0.2072,0.0057,方向分化,0.0
588090,2021-07-23,1.6034,1.6117,1.61685,1.491183,-0.01345,-0.8319,-0.0083,温和空头排列,-0.4
588090,2021-07-22,1.5952,1.6144,1.6152,1.4867,-0.02,-1.2382,-0.0192,震荡排列,0.0
588090,2021-07-21,1.5906,1.6171,1.61095,1.481917,-0.02035,-1.2632,-0.0265,方向分化,0.0
588090,2021-07-20,1.5894,1.617,1.6091,1.477333,-0.0197,-1.2243,-0.0276,方向分化,0.0
588090,2021-07-19,1.6024,1.6175,1.60885,1.47315,-0.00645,-0.4009,-0.0151,方向分化,0.0
588090,2021-07-16,1.62,1.6239,1.6093,1.4692,0.0107,0.6649,-0.0039,方向分化,0.0
588090,2021-07-15,1.6336,1.6248,1.60735,1.465167,0.02625,1.6331,0.0088,长期中等多头排列,0.96
588090,2021-07-14,1.6436,1.6262,1.6027,1.46015,0.0409,2.5519,0.0174,长期中等多头排列,0.96
588090,2021-07-13,1.6446,1.6291,1.59455,1.454983,0.05005,3.1388,0.0155,长期强势多头排列,1.44
588090,2021-07-12,1.6326,1.6262,1.58715,1.449183,0.04545,2.8636,0.0064,长期中等多头排列,0.96
588090,2021-07-09,1.6278,1.622,1.5787,1.44295,0.0491,3.1102,0.0058,长期强势多头排列,1.44
588090,2021-07-08,1.616,1.616,1.571,1.43685,0.045,2.8644,0.0,震荡排列,0.0
588090,2021-07-07,1.6088,1.6048,1.5614,1.430967,0.0474,3.0357,0.004,方向分化,0.0
588090,2021-07-06,1.6136,1.6012,1.5538,1.426183,0.0598,3.8486,0.0124,长期强势多头排列,1.44
588090,2021-07-05,1.6198,1.6002,1.5485,1.422133,0.0713,4.6045,0.0196,长期强势多头排列,1.58
588090,2021-07-02,1.6162,1.5947,1.5407,1.417217,0.0755,4.9004,0.0215,长期强势多头排列,1.58
588090,2021-07-01,1.616,1.5899,1.53395,1.41305,0.08205,5.3489,0.0261,长期强势多头排列,1.58
588090,2021-06-30,1.6008,1.5792,1.526,1.407717,0.0748,4.9017,0.0216,长期强势多头排列,1.58
588090,2021-06-29,1.5888,1.56,1.5191,1.401783,0.0697,4.5882,0.0288,长期强势多头排列,1.58
588090,2021-06-28,1.5806,1.5481,1.51275,1.39635,0.06785,4.4852,0.0325,长期强势多头排列,1.58
588090,2021-06-25,1.5732,1.5354,1.50345,1.390933,0.06975,4.6393,0.0378,长期强势多头排列,1.58
588090,2021-06-24,1.5638,1.526,1.49585,1.386033,0.06795,4.5426,0.0378,长期强势多头排列,1.58
588090,2021-06-23,1.5576,1.518,1.4885,1.381183,0.0691,4.6423,0.0396,长期强势多头排列,1.58
588090,2021-06-22,1.5312,1.5064,1.47985,1.375817,0.05135,3.4699,0.0248,长期强势多头排列,1.44
588090,2021-06-21,1.5156,1.4968,1.46975,1.370883,0.04585,3.1196,0.0188,长期强势多头排列,1.44
588090,2021-06-18,1.4976,1.4867,1.4587,1.365967,0.0389,2.6668,0.0109,长期中等多头排列,0.96
588090,2021-06-17,1.4882,1.478,1.45005,1.361417,0.03815,2.6309,0.0102,长期中等多头排列,0.96
588090,2021-06-16,1.4784,1.4728,1.44225,1.3574,0.03615,2.5065,0.0056,长期中等多头排列,0.96
588090,2021-06-15,1.4816,1.4782,1.4378,1.354467,0.0438,3.0463,0.0034,方向分化,0.0
588090,2021-06-11,1.478,1.4774,1.4315,1.350517,0.0465,3.2483,0.0006,震荡排列,0.0
588090,2021-06-10,1.4758,1.4715,1.42415,1.346767,0.05165,3.6267,0.0043,长期强势多头排列,1.44
588090,2021-06-09,1.4678,1.4657,1.41505,1.34355,0.05275,3.7278,0.0021,震荡排列,0.0
588090,2021-06-08,1.4672,1.459,1.407,1.340817,0.0602,4.2786,0.0082,长期强势多头排列,1.58
588090,2021-06-07,1.4748,1.4533,1.3985,1.337633,0.0763,5.4558,0.0215,长期强势多头排列,1.58
588090,2021-06-04,1.4768,1.4427,1.3894,1.334283,0.0874,6.2905,0.0341,长期强势多头排列,1.58
588090,2021-06-03,1.4672,1.4307,1.3809,1.331733,0.0863,6.2495,0.0365,长期强势多头排列,1.58
588090,2021-06-02,1.4636,1.4221,1.3756,1.330417,0.088,6.3972,0.0415,长期强势多头排列,1.58
588090,2021-06-01,1.4508,1.4117,1.37025,1.328767,0.08055,5.8785,0.0391,长期强势多头排列,1.58
588090,2021-05-31,1.4318,1.3974,1.3632,1.327083,0.0686,5.0323,0.0344,长期强势多头排列,1.58
588090,2021-05-28,1.4086,1.3856,1.3571,1.3256,0.0515,3.7949,0.023,长期强势多头排列,1.44
588090,2021-05-27,1.3942,1.3768,1.35325,1.3252,0.04095,3.026,0.0174,长期强势多头排列,1.44
588090,2021-05-26,1.3806,1.3644,1.34905,1.324133,0.03155,2.3387,0.0162,长期中等多头排列,0.96
588090,2021-05-25,1.3726,1.355,1.3463,1.324017,0.0263,1.9535,0.0176,长期中等多头排列,0.96
588090,2021-05-24,1.363,1.3437,1.34305,1.324083,0.01995,1.4854,0.0193,震荡排列,0.0
588090,2021-05-21,1.3626,1.3361,1.34085,1.325217,0.02175,1.6221,0.0265,方向分化,0.0
588090,2021-05-20,1.3594,1.3311,1.3396,1.326583,0.0198,1.4781,0.0283,方向分化,0.0
588090,2021-05-19,1.3482,1.3291,1.3381,1.32835,0.0101,0.7548,0.0191,方向分化,0.0
588090,2021-05-18,1.3374,1.3288,1.3355,1.33025,0.0019,0.1423,0.0086,方向分化,0.0
588090,2021-05-17,1.3244,1.329,1.3326,1.332283,-0.0082,-0.6153,-0.0046,温和空头排列,-0.4
588090,2021-05-14,1.3096,1.3286,1.3289,1.3341,-0.0193,-1.4523,-0.019,震荡排列,0.0
588090,2021-05-13,1.3028,1.3297,1.326,1.335583,-0.0232,-1.7496,-0.0269,方向分化,0.0
588090,2021-05-12,1.31,1.3337,1.3245,1.337317,-0.0145,-1.0948,-0.0237,方向分化,0.0
588090,2021-05-11,1.3202,1.3376,1.3245,1.33945,-0.0043,-0.3247,-0.0174,方向分化,0.0
588090,2021-05-10,1.3336,1.3424,1.32625,1.34215,0.00735,0.5542,-0.0088,方向分化,0.0
588090,2021-05-07,1.3476,1.3456,1.3285,1.345333,0.0191,1.4377,0.002,震荡排列,0.0
588090,2021-05-06,1.3566,1.3481,1.33005,1.348117,0.02655,1.9962,0.0085,中等多头排列,0.8
588090,2021-04-30,1.3574,1.3471,1.3296,1.350117,0.0278,2.0909,0.0103,中等多头排列,0.8
588090,2021-04-29,1.355,1.3422,1.3269,1.351933,0.0281,2.1177,0.0128,中等多头排列,0.8
588090,2021-04-28,1.3512,1.3362,1.32305,1.354333,0.02815,2.1277,0.015,中等多头排列,0.8
588090,2021-04-27,1.3436,1.3292,1.3192,1.357017,0.0244,1.8496,0.0144,中等多头排列,0.8
588090,2021-04-26,1.3396,1.3223,1.3161,1.3603,0.0235,1.7856,0.0173,中等多头排列,0.8
588090,2021-04-23,1.3368,1.3153,1.3132,1.363333,0.0236,1.7971,0.0215,震荡排列,0.0
588090,2021-04-22,1.3294,1.3114,1.30875,1.36635,0.02065,1.5778,0.018,方向分化,0.0
588090,2021-04-21,1.3212,1.3101,1.30455,1.369383,0.01665,1.2763,0.0111,温和多头排列,0.4
588090,2021-04-20,1.3148,1.3114,1.30205,1.372217,0.01275,0.9792,0.0034,温和多头排列,0.4
588090,2021-04-19,1.305,1.312,1.2996,1.375517,0.0054,0.4155,-0.007,方向分化,0.0
588090,2021-04-16,1.2938,1.3121,1.2961,1.3781,-0.0023,-0.1775,-0.0183,方向分化,0.0
588090,2021-04-15,1.2934,1.3116,1.29445,1.381117,-0.00105,-0.0811,-0.0182,方向分化,0.0
588090,2021-04-14,1.299,1.3099,1.293,1.38365,0.006,0.464,-0.0109,方向分化,0.0
588090,2021-04-13,1.308,1.3092,1.29115,1.38625,0.01685,1.305,-0.0012,震荡排列,0.0
588090,2021-04-12,1.319,1.3099,1.29015,1.388833,0.02885,2.2362,0.0091,中等多头排列,0.8
588090,2021-04-09,1.3304,1.3111,1.2911,1.391233,0.0393,3.0439,0.0193,强势多头排列,1.2
588090,2021-04-08,1.3298,1.3061,1.29095,1.393233,0.03885,3.0094,0.0237,中等多头排列,0.8
588090,2021-04-07,1.3208,1.299,1.28815,1.3954,0.03265,2.5346,0.0218,中等多头排列,0.8
588090,2021-04-06,1.3104,1.2927,1.28495,1.3976,0.02545,1.9806,0.0177,中等多头排列,0.8
588090,2021-04-02,1.3008,1.2872,1.28425,1.399817,0.01655,1.2887,0.0136,方向分化,0.0
588090,2021-04-01,1.2918,1.2801,1.28605,1.4014,0.00575,0.4471,0.0117,方向分化,0.0
588090,2021-03-31,1.2824,1.2773,1.28915,1.403033,-0.00675,-0.5236,0.0051,方向分化,0.0
588090,2021-03-30,1.2772,1.2761,1.295,1.404667,-0.0178,-1.3745,0.0011,震荡排列,0.0
588090,2021-03-29,1.275,1.2731,1.3005,1.4063,-0.0255,-1.9608,0.0019,震荡排列,0.0
588090,2021-03-26,1.2736,1.2704,1.30625,1.408117,-0.03265,-2.4995,0.0032,方向分化,0.0
588090,2021-03-25,1.2684,1.2711,1.31015,1.409817,-0.04175,-3.1867,-0.0027,方向分化,0.0
588090,2021-03-24,1.2722,1.2758,1.317,1.412467,-0.0448,-3.4017,-0.0036,长期强势空头排列,-1.44
588090,2021-03-23,1.275,1.2773,1.32465,1.4149,-0.04965,-3.7482,-0.0023,震荡排列,0.0
588090,2021-03-22,1.2712,1.2772,1.33275,1.4175,-0.06155,-4.6183,-0.006,长期强势空头排列,-1.58
588090,2021-03-19,1.2672,1.2813,1.34055,1.419567,-0.07335,-5.4716,-0.0141,长期强势空头排列,-1.58
588090,2021-03-18,1.2738,1.292,1.35085,1.4219,-0.07705,-5.7038,-0.0182,长期强势空头排列,-1.58
588090,2021-03-17,1.2794,1.301,1.3608,1.423733,-0.0814,-5.9818,-0.0216,长期强势空头排列,-1.58
588090,2021-03-16,1.2796,1.3139,1.37125,1.425983,-0.09165,-6.6837,-0.0343,长期强势空头排列,-1.58
588090,2021-03-15,1.2832,1.3279,1.38225,1.428667,-0.09905,-7.1659,-0.0447,长期强势空头排列,-1.58
588090,2021-03-12,1.2954,1.3421,1.3906,1.431033,-0.0952,-6.846,-0.0467,长期强势空头排列,-1.58
588090,2021-03-11,1.3102,1.3492,1.39635,1.4325,-0.08615,-6.1697,-0.039,长期强势空头排列,-1.58
588090,2021-03-10,1.3226,1.3582,1.4029,1.4338,-0.0803,-5.7239,-0.0356,长期强势空头排列,-1.58
588090,2021-03-09,1.3482,1.372,1.41205,1.43605,-0.06385,-4.5218,-0.0238,长期强势空头排列,-1.58
588090,2021-03-08,1.3726,1.3883,1.42255,1.438333,-0.04995,-3.5113,-0.0157,长期强势空头排列,-1.44
588090,2021-03-05,1.3888,1.3998,1.43005,1.4398,-0.04125,-2.8845,-0.011,长期中等空头排列,-0.96
588090,2021-03-04,1.3882,1.4097,1.4347,1.440517,-0.0465,-3.2411,-0.0215,长期强势空头排列,-1.44
588090,2021-03-03,1.3938,1.4206,1.43975,1.441283,-0.04595,-3.1915,-0.0268,强势空头排列,-1.2
588090,2021-03-02,1.3958,1.4286,1.44495,1.441417,-0.04915,-3.4015,-0.0328,强势空头排列,-1.2
588090,2021-03-01,1.404,1.4366,1.45135,1.441417,-0.04735,-3.2625,-0.0326,强势空头排列,-1.2
588090,2021-02-26,1.4108,1.4391,1.45855,1.441283,-0.04775,-3.2738,-0.0283,强势空头排列,-1.2
588090,2021-02-25,1.4312,1.4435,1.46665,1.441583,-0.03545,-2.4171,-0.0123,中等空头排列,-0.8
588090,2021-02-24,1.4474,1.4476,1.4733,1.441533,-0.0259,-1.758,-0.0002,震荡排列,0.0
588090,2021-02-23,1.4614,1.4521,1.47895,1.44165,-0.01755,-1.1867,0.0093,方向分化,0.0
588090,2021-02-22,1.4692,1.4568,1.48185,1.4414,-0.01265,-0.8537,0.0124,方向分化,0.0
588090,2021-02-19,1.4674,1.4603,1.4864,1.4414,-0.019,-1.2783,0.0071,方向分化,0.0
588090,2021-02-18,1.4558,1.4597,1.48735,1.440833,-0.03155,-2.1212,-0.0039,中等空头排列,-0.8
588090,2021-02-10,1.4478,1.4589,1.4881,1.43995,-0.0403,-2.7082,-0.0111,中等空头排列,-0.8
588090,2021-02-09,1.4428,1.4613,1.4867,1.439183,-0.0439,-2.9528,-0.0185,中等空头排列,-0.8
588090,2021-02-08,1.4444,1.4661,1.48535,1.438783,-0.04095,-2.7569,-0.0217,中等空头排列,-0.8
588090,2021-02-05,1.4532,1.478,1.48575,,-0.03255,-2.1908,-0.0248,中等空头排列,-0.8
588090,2021-02-04,1.4636,1.4898,1.48625,,-0.02265,-1.524,-0.0262,方向分化,0.0
588090,2021-02-03,1.47,1.499,1.48585,,-0.01585,-1.0667,-0.029,方向分化,0.0
588090,2021-02-02,1.4798,1.5058,1.486,,-0.0062,-0.4172,-0.026,方向分化,0.0
588090,2021-02-01,1.4878,1.5069,1.4853,,0.0025,0.1683,-0.0191,方向分化,0.0
588090,2021-01-29,1.5028,1.5125,1.48515,,0.01765,1.1884,-0.0097,方向分化,0.0
588090,2021-01-28,1.516,1.515,1.48345,,0.03255,2.1942,0.001,震荡排列,0.0
588090,2021-01-27,1.528,1.5173,1.4802,,0.0478,3.2293,0.0107,强势多头排列,1.2
588090,2021-01-26,1.5318,1.5121,1.47405,,0.05775,3.9178,0.0197,强势多头排列,1.2
588090,2021-01-25,1.526,1.5046,1.46705,,0.05895,4.0183,0.0214,强势多头排列,1.2
588090,2021-01-22,1.5222,1.4935,1.45955,,0.06265,4.2924,0.0287,强势多头排列,1.32
588090,2021-01-21,1.514,1.4827,1.45265,,0.06135,4.2233,0.0313,强势多头排列,1.32
588090,2021-01-20,1.5066,1.4727,1.4471,,0.0595,4.1117,0.0339,强势多头排列,1.32
588090,2021-01-19,1.4924,1.4662,1.4411,,0.0513,3.5598,0.0262,强势多头排列,1.2
588090,2021-01-18,1.4832,1.4637,1.4379,,0.0453,3.1504,0.0195,强势多头排列,1.2
588090,2021-01-15,1.4648,1.4578,1.43175,,0.03305,2.3084,0.007,中等多头排列,0.8
588090,2021-01-14,1.4514,1.4519,1.4275,,0.0239,1.6743,-0.0005,震荡排列,0.0
588090,2021-01-13,1.4388,1.4431,1.4223,,0.0165,1.1601,-0.0043,方向分化,0.0
588090,2021-01-12,1.44,1.436,1.42,,0.02,1.4085,0.004,温和多头排列,0.4
588090,2021-01-11,1.4442,1.4295,1.4184,,0.0258,1.819,0.0147,中等多头排列,0.8
588090,2021-01-08,1.4508,1.4256,1.41675,,0.03405,2.4034,0.0252,中等多头排列,0.8
588090,2021-01-07,1.4524,1.4226,1.4149,,0.0375,2.6504,0.0298,中等多头排列,0.8
588090,2021-01-06,1.4474,1.4215,1.41265,,0.03475,2.4599,0.0259,中等多头排列,0.8
588090,2021-01-05,1.432,1.416,1.4101,,0.0219,1.5531,0.016,温和多头排列,0.4
588090,2021-01-04,1.4148,1.4121,1.40715,,0.00765,0.5437,0.0027,震荡排列,0.0
588090,2020-12-31,1.4004,1.4057,1.4042,,-0.0038,-0.2706,-0.0053,震荡排列,0.0
588090,2020-12-30,1.3928,1.4031,1.4034,,-0.0106,-0.7553,-0.0103,震荡排列,0.0
588090,2020-12-29,1.3956,1.4015,1.4039,,-0.0083,-0.5912,-0.0059,震荡排列,0.0
588090,2020-12-28,1.4,1.404,1.40525,,-0.00525,-0.3736,-0.004,震荡排列,0.0
588090,2020-12-25,1.4094,1.4073,1.40585,,0.00355,0.2525,0.0021,震荡排列,0.0
588090,2020-12-24,1.411,1.4079,1.40575,,0.00525,0.3735,0.0031,震荡排列,0.0
588090,2020-12-23,1.4134,1.4072,1.40545,,0.00795,0.5657,0.0062,震荡排列,0.0
588090,2020-12-22,1.4074,1.4038,1.4042,,0.0032,0.2279,0.0036,震荡排列,0.0
588090,2020-12-21,1.408,1.4042,1.4049,,0.0031,0.2207,0.0038,震荡排列,0.0
588090,2020-12-18,1.4052,1.4022,1.40445,,0.00075,0.0534,0.003,震荡排列,0.0
588090,2020-12-17,1.4048,1.4027,1.40605,,-0.00125,-0.0889,0.0021,震荡排列,0.0
588090,2020-12-16,1.401,1.4037,1.40765,,-0.00665,-0.4724,-0.0027,震荡排列,0.0
588090,2020-12-15,1.4002,1.4063,1.40945,,-0.00925,-0.6563,-0.0061,方向分化,0.0
588090,2020-12-14,1.4004,1.4065,1.41085,,-0.01045,-0.7407,-0.0061,温和空头排列,-0.4
588090,2020-12-11,1.3992,1.4044,1.4126,,-0.0134,-0.9486,-0.0052,温和空头排列,-0.4
588090,2020-12-10,1.4006,1.4036,,,,,-0.003,,0.0
588090,2020-12-09,1.4064,1.4037,,,,,0.0027,,0.0
588090,2020-12-08,1.4124,1.4046,,,,,0.0078,,0.0
588090,2020-12-07,1.4126,1.4056,,,,,0.007,,0.0
588090,2020-12-04,1.4096,1.4067,,,,,0.0029,,0.0
588090,2020-12-03,1.4066,1.4094,,,,,-0.0028,,0.0
588090,2020-12-02,1.401,1.4116,,,,,-0.0106,,0.0
588090,2020-12-01,1.3968,1.4126,,,,,-0.0158,,0.0
588090,2020-11-30,1.3986,1.4152,,,,,-0.0166,,0.0
588090,2020-11-27,1.4038,1.4208,,,,,-0.017,,0.0
588090,2020-11-26,1.4122,,,,,,,,0.0
588090,2020-11-25,1.4222,,,,,,,,0.0
588090,2020-11-24,1.4284,,,,,,,,0.0
588090,2020-11-23,1.4318,,,,,,,,0.0
588090,2020-11-20,1.4378,,,,,,,,0.0
588090,2020-11-19,,,,,,,,,0.0
588090,2020-11-18,,,,,,,,,0.0
588090,2020-11-17,,,,,,,,,0.0
588090,2020-11-16,,,,,,,,,0.0
