日期,代码,名称,开盘价,最高价,最低价,收盘价,上日收盘,涨跌,涨幅%,成交量(手数),成交额(千元),复权因子
20211108,159001.SZ,易方达保证金货币A,100.0,100.001,99.999,100.0,100.001,-0.001,-0.001,53211.06,532108.209,1.0
20211108,159003.SZ,招商保证金快线A,99.966,99.969,99.965,99.967,99.968,-0.001,-0.001,2139.62,21389.034,1.0
20211108,159005.SZ,汇添富收益快钱货币A,100.001,100.001,99.999,99.999,100.001,-0.002,-0.002,3742.59,37425.9,1.0
20211108,159601.SZ,华夏MSCI中国A50互联互通ETF,0.99,1.001,0.987,0.993,0.994,-0.001,-0.1006,36356892.38,3616966.867,1.0
20211108,159602.SZ,南方MSCI中国A50互联互通ETF,0.989,1.0,0.986,0.993,0.994,-0.001,-0.1006,15400662.58,1529940.851,1.0
20211108,159703.SZ,天弘中证新材料主题ETF,1.254,1.289,1.253,1.287,1.261,0.026,2.0619,92354.03,11816.4,1.0
20211108,159708.SZ,红利ETF,0.879,0.881,0.873,0.877,0.879,-0.002,-0.2275,115156.52,10084.94,1.0
20211108,159709.SZ,物联网ETF工银,0.992,0.992,0.98,0.989,0.992,-0.003,-0.3024,15245.28,1502.862,1.0
20211108,159713.SZ,富国中证稀土产业ETF,0.977,1.008,0.971,1.004,0.977,0.027,2.7636,888428.61,88662.406,1.0
20211108,159715.SZ,易方达中证稀土产业ETF,0.85,0.877,0.84,0.874,0.85,0.024,2.8235,452405.22,39277.385,1.0
20211108,159716.SZ,华宝深创100ETF,0.992,1.001,0.988,0.999,0.994,0.005,0.503,68645.36,6831.289,1.0
20211108,159717.SZ,ESGETF,1.001,1.007,1.001,1.003,1.004,-0.001,-0.0996,13739.3,1379.409,1.0
20211108,159720.SZ,智能车TK,1.121,1.144,1.109,1.137,1.109,0.028,2.5248,319377.64,36065.638,1.0
20211108,159721.SZ,深创龙头ETF,0.982,0.994,0.981,0.992,0.987,0.005,0.5066,53607.05,5290.193,1.0
20211108,159723.SZ,汇添富中证沪港深科技龙头ETF,0.985,0.993,0.966,0.976,0.985,-0.009,-0.9137,13316.25,1291.76,1.0
20211108,159725.SZ,线上消费ETF,0.887,0.895,0.872,0.879,0.886,-0.007,-0.7901,16516.0,1453.093,1.0
20211108,159729.SZ,汇添富中证沪港深互联网ETF,0.868,0.868,0.86,0.863,0.868,-0.005,-0.576,24625.25,2124.582,1.0
20211108,159732.SZ,华夏国证消费电子主题ETF,1.0,1.004,0.977,0.99,1.0,-0.01,-1.0,83103.62,8182.728,1.0
20211108,159735.SZ,港股消费,0.868,0.868,0.856,0.859,0.868,-0.009,-1.0369,36325.0,3131.455,1.0
20211108,159736.SZ,天弘中证食品饮料ETF,1.091,1.092,1.078,1.081,1.091,-0.01,-0.9166,241913.45,26178.461,1.0
20211108,159740.SZ,大成恒生科技ETF(QDII),0.775,0.775,0.767,0.767,0.779,-0.012,-1.5404,343300.0,26432.163,1.0
20211108,159741.SZ,嘉实恒生科技ETF(QDII),0.765,0.772,0.759,0.76,0.772,-0.012,-1.5544,169112.0,12874.091,1.0
20211108,159742.SZ,博时恒生科技ETF(QDII),0.781,0.781,0.77,0.771,0.784,-0.013,-1.6582,346371.0,26801.64,1.0
20211108,159745.SZ,国泰中证全指建筑材料ETF,0.852,0.855,0.845,0.851,0.85,0.001,0.1176,374676.0,31830.571,1.0
20211108,159747.SZ,南方中证香港科技ETF(QDII),0.829,0.829,0.805,0.807,0.826,-0.019,-2.3002,195539.02,15823.96,1.0
20211108,159752.SZ,申万菱信中证内地新能源主题ETF,1.152,1.178,1.139,1.175,1.152,0.023,1.9965,60324.0,7043.873,1.0
20211108,159755.SZ,广发国证新能源车电池ETF,1.364,1.431,1.363,1.43,1.36,0.07,5.1471,1339648.99,188866.866,1.0
20211108,159757.SZ,景顺长城国证新能源车电池ETF,1.077,1.122,1.07,1.118,1.068,0.05,4.6816,418382.75,46138.392,1.0
20211108,159763.SZ,建信中证新材料主题ETF,1.005,1.022,1.005,1.017,1.005,0.012,1.194,18854.73,1915.601,1.0
20211108,159766.SZ,富国中证旅游主题ETF,0.96,1.008,0.96,0.992,0.943,0.049,5.1962,461911.56,45789.527,1.0
20211108,159767.SZ,兴银国证新能源车电池ETF,1.086,1.126,1.075,1.122,1.072,0.05,4.6642,171829.84,19126.087,1.0
20211108,159770.SZ,机器人ETF,0.997,1.011,0.996,1.007,1.001,0.006,0.5994,1474931.92,148115.969,1.0
20211108,159773.SZ,创业板科技ETF,1.035,1.042,1.026,1.039,1.033,0.006,0.5808,124364.0,12865.973,1.0
20211108,159777.SZ,国联安创业板科技ETF,1.021,1.034,1.017,1.026,1.021,0.005,0.4897,20013.45,2054.36,1.0
20211108,159780.SZ,南方中证科创创业50ETF,0.878,0.883,0.872,0.88,0.879,0.001,0.1138,2846105.36,249771.401,1.0
20211108,159781.SZ,易方达中证科创创业50ETF,0.871,0.876,0.865,0.872,0.873,-0.001,-0.1145,5447883.88,474130.832,1.0
20211108,159782.SZ,双创50,0.871,0.876,0.865,0.873,0.874,-0.001,-0.1144,215683.72,18755.038,1.0
20211108,159783.SZ,华夏中证科创创业50ETF,0.882,0.887,0.877,0.885,0.884,0.001,0.1131,4292596.71,379008.597,1.0
20211108,159786.SZ,VRETF,1.039,1.042,1.027,1.04,1.038,0.002,0.1927,160174.72,16594.415,1.0
20211108,159790.SZ,华夏中证内地低碳经济主题ETF,1.093,1.12,1.09,1.115,1.092,0.023,2.1062,1522283.24,168911.03,1.0
20211108,159792.SZ,富国中证港股通互联网ETF,0.959,0.962,0.948,0.95,0.965,-0.015,-1.5544,319513.0,30437.405,1.0
20211108,159801.SZ,广发国证半导体芯片ETF,1.628,1.645,1.596,1.624,1.646,-0.022,-1.3366,292569.02,47203.725,1.0
20211108,159804.SZ,国寿安保创精选88ETF,1.347,1.363,1.339,1.361,1.353,0.008,0.5913,1568.0,212.242,1.0
20211108,159805.SZ,传媒ETF,0.993,1.005,0.982,0.998,0.992,0.006,0.6048,143498.56,14286.874,1.0
20211108,159806.SZ,国泰中证新能源汽车ETF,3.299,3.449,3.299,3.436,3.299,0.137,4.1528,288586.01,97930.45,1.0
20211108,159807.SZ,易方达中证科技50ETF,0.809,0.809,0.797,0.803,0.805,-0.002,-0.2484,362129.26,28996.741,1.999
20211108,159808.SZ,融通创业板ETF,1.256,1.27,1.253,1.266,1.257,0.009,0.716,6552.15,828.229,1.0
20211108,159810.SZ,浦银安盛创业板ETF,1.32,1.338,1.319,1.333,1.325,0.008,0.6038,41137.0,5463.128,1.0
20211108,159811.SZ,博时5G50ETF,1.191,1.191,1.17,1.178,1.191,-0.013,-1.0915,137554.0,16191.959,1.0
20211108,159812.SZ,前海开源黄金ETF,3.701,3.706,3.698,3.698,3.66,0.038,1.0383,1053.0,389.838,1.0
20211108,159813.SZ,芯片,1.047,1.047,1.023,1.042,1.057,-0.015,-1.4191,551206.99,56999.033,1.5
20211108,159814.SZ,西部利得创业板大盘ETF,0.663,0.67,0.66,0.667,0.662,0.005,0.7553,210552.49,14057.063,2.06
20211108,159816.SZ,0-4地债,101.783,101.94,101.783,101.8,101.799,0.001,0.001,1484.0,15126.298,1.013
20211108,159819.SZ,易方达中证人工智能主题ETF,0.973,0.973,0.961,0.965,0.972,-0.007,-0.7202,383062.23,36993.52,1.0
20211108,159820.SZ,天弘中证500ETF,1.1,1.105,1.094,1.101,1.098,0.003,0.2732,67836.0,7458.525,1.0
20211108,159821.SZ,中银证券创业板ETF,1.224,1.25,1.213,1.235,1.224,0.011,0.8987,831.0,103.109,1.0
20211108,159822.SZ,新经济,0.842,0.842,0.826,0.832,0.84,-0.008,-0.9524,132690.03,11014.543,1.0
20211108,159824.SZ,博时新能源汽车ETF,1.643,1.707,1.635,1.701,1.634,0.067,4.1004,310369.07,52273.927,1.0
20211108,159825.SZ,富国中证农业主题ETF,1.01,1.016,1.003,1.009,1.011,-0.002,-0.1978,1201022.25,121184.483,1.0
20211108,159827.SZ,农业50,1.056,1.062,1.047,1.048,1.055,-0.007,-0.6635,107083.0,11254.117,1.0
20211108,159828.SZ,国泰中证医疗ETF,0.87,0.87,0.847,0.851,0.87,-0.019,-2.1839,1121210.74,95626.99,1.0
20211108,159830.SZ,天弘上海金ETF,3.67,3.69,3.67,3.68,3.644,0.036,0.9879,8028.87,2959.684,1.0
20211108,159835.SZ,建信中证创新药产业ETF,0.975,0.975,0.943,0.95,0.975,-0.025,-2.5641,33513.0,3197.705,1.0
20211108,159836.SZ,天弘创业板300ETF,1.122,1.133,1.117,1.129,1.123,0.006,0.5343,10727.0,1204.704,1.0
20211108,159837.SZ,易方达中证生物科技主题ETF,0.822,0.823,0.79,0.795,0.824,-0.029,-3.5194,2064002.05,165042.399,1.0
20211108,159838.SZ,博时医药50ETF,0.905,0.905,0.878,0.885,0.903,-0.018,-1.9934,76644.02,6764.49,1.0
20211108,159839.SZ,汇添富国证生物医药ETF,0.802,0.802,0.772,0.778,0.802,-0.024,-2.9925,503470.0,39305.416,1.0
20211108,159840.SZ,锂电池ETF,1.066,1.119,1.066,1.115,1.066,0.049,4.5966,619365.28,68210.437,1.0
20211108,159841.SZ,天弘中证全指证券公司ETF,0.989,1.006,0.988,1.001,0.992,0.009,0.9073,1075027.01,107113.126,1.0
20211108,159842.SZ,券商ETF,1.04,1.053,1.035,1.047,1.038,0.009,0.8671,330044.02,34456.246,1.0
20211108,159843.SZ,招商国证食品饮料ETF,0.927,0.93,0.917,0.921,0.927,-0.006,-0.6472,165634.0,15265.012,1.0
20211108,159845.SZ,华夏中证1000ETF,0.772,0.775,0.767,0.775,0.772,0.003,0.3886,415245.62,32020.348,1.0
20211108,159847.SZ,易方达中证医疗ETF,0.774,0.779,0.757,0.759,0.777,-0.018,-2.3166,346832.01,26451.373,1.0
20211108,159848.SZ,国联安证券ETF,0.875,0.888,0.871,0.884,0.875,0.009,1.0286,100899.0,8878.627,1.0
20211108,159849.SZ,招商中证生物科技主题ETF,0.863,0.863,0.831,0.837,0.867,-0.03,-3.4602,126173.0,10612.93,1.0
20211108,159850.SZ,华夏恒生中国企业ETF(QDII),0.762,0.762,0.755,0.759,0.763,-0.004,-0.5242,293599.12,22267.768,1.0
20211108,159851.SZ,华宝中证金融科技主题ETF,1.108,1.108,1.084,1.089,1.102,-0.013,-1.1797,19260.0,2093.297,1.0
20211108,159852.SZ,嘉实中证软件服务ETF,1.073,1.074,1.06,1.068,1.071,-0.003,-0.2801,240302.0,25631.809,1.0
20211108,159855.SZ,影视ETF,0.92,0.932,0.913,0.926,0.92,0.006,0.6522,83182.89,7677.191,1.0
20211108,159856.SZ,互联网龙头ETF,0.736,0.736,0.728,0.73,0.736,-0.006,-0.8152,59971.1,4382.71,1.0
20211108,159857.SZ,天弘中证光伏产业ETF,1.458,1.492,1.455,1.483,1.474,0.009,0.6106,818567.01,120894.014,1.0
20211108,159858.SZ,南方中证创新药产业ETF,0.955,0.957,0.927,0.934,0.958,-0.024,-2.5052,152153.02,14231.207,1.0
20211108,159859.SZ,天弘国证生物医药ETF,0.83,0.835,0.806,0.814,0.838,-0.024,-2.864,365191.01,29877.417,1.0
20211108,159861.SZ,国泰中证环保产业50ETF,1.652,1.696,1.645,1.686,1.652,0.034,2.0581,218848.0,36743.574,1.0
20211108,159862.SZ,食品ETF,1.005,1.013,0.996,1.002,1.012,-0.01,-0.9881,1246408.44,125254.02,1.0
20211108,159863.SZ,光伏产业,1.136,1.152,1.12,1.145,1.137,0.008,0.7036,144247.5,16468.828,1.5
20211108,159864.SZ,国泰中证光伏产业ETF,1.063,1.081,1.058,1.075,1.066,0.009,0.8443,423458.52,45344.629,1.0
20211108,159865.SZ,国泰中证畜牧养殖ETF,0.858,0.863,0.849,0.855,0.859,-0.004,-0.4657,781159.02,66848.243,1.0
20211108,159866.SZ,日经ETF,0.943,0.943,0.936,0.937,0.944,-0.007,-0.7415,1847.0,173.62,1.0
20211108,159867.SZ,畜牧ETF,0.841,0.849,0.833,0.838,0.84,-0.002,-0.2381,535712.02,44874.035,1.0
20211108,159869.SZ,华夏中证动漫游戏ETF,1.008,1.03,0.996,1.017,1.004,0.013,1.2948,411953.97,41854.283,1.0
20211108,159870.SZ,化工ETF,0.995,1.007,0.992,1.005,0.998,0.007,0.7014,364291.09,36432.877,1.0
20211108,159871.SZ,有色金属,1.282,1.335,1.282,1.334,1.283,0.051,3.9751,93570.0,12293.783,1.0
20211108,159872.SZ,车联网,1.03,1.038,1.024,1.035,1.03,0.005,0.4854,74313.08,7669.201,1.0
20211108,159873.SZ,天弘中证全指医疗保健设备与服务ETF,0.94,0.94,0.918,0.921,0.939,-0.018,-1.9169,136757.0,12631.352,1.0
20211108,159875.SZ,嘉实中证新能源ETF,1.09,1.125,1.09,1.12,1.09,0.03,2.7523,292647.19,32604.032,1.0
20211108,159876.SZ,华宝中证有色金属ETF,1.326,1.374,1.32,1.369,1.315,0.054,4.1065,81988.0,11097.157,1.0
20211108,159877.SZ,南方中证全指医疗保健设备与服务ETF,1.011,1.011,0.986,0.986,1.01,-0.024,-2.3762,185534.8,18387.992,1.0
20211108,159880.SZ,有色50,1.263,1.315,1.263,1.311,1.262,0.049,3.8827,57389.02,7441.611,1.0
20211108,159881.SZ,国泰中证有色金属ETF,1.179,1.235,1.179,1.235,1.177,0.058,4.9278,409497.01,50044.077,1.0
20211108,159883.SZ,医疗器械ETF,0.798,0.798,0.776,0.78,0.798,-0.018,-2.2556,485847.0,37932.168,1.0
20211108,159885.SZ,低碳ETF,1.104,1.131,1.101,1.126,1.103,0.023,2.0852,265253.63,29711.299,1.5
20211108,159886.SZ,富国中证细分机械设备产业主题ETF,1.404,1.441,1.404,1.434,1.405,0.029,2.0641,128869.0,18446.573,1.0
20211108,159887.SZ,富国中证800银行ETF,0.931,0.931,0.926,0.929,0.931,-0.002,-0.2148,258427.13,23985.859,1.0
20211108,159888.SZ,华夏中证智能汽车主题ETF,1.243,1.252,1.234,1.24,1.243,-0.003,-0.2414,89446.18,11080.864,1.0
20211108,159889.SZ,国泰中证智能汽车主题ETF,1.09,1.12,1.077,1.084,1.085,-0.001,-0.0922,199569.55,21596.362,1.0
20211108,159890.SZ,招商中证云计算ETF,1.045,1.045,1.031,1.035,1.045,-0.01,-0.9569,63593.0,6577.241,1.0
20211108,159891.SZ,建信中证全指医疗保健设备与服务ETF,0.767,0.767,0.749,0.757,0.767,-0.01,-1.3038,50425.01,3803.338,1.0
20211108,159892.SZ,华夏恒生生物科技ETF(QDII),0.888,0.893,0.867,0.871,0.892,-0.021,-2.3543,56953.01,4962.929,1.0
20211108,159895.SZ,易方达中证物联网主题ETF,1.041,1.041,1.024,1.033,1.041,-0.008,-0.7685,80925.29,8331.955,1.0
20211108,159898.SZ,招商中证全指医疗器械ETF,0.78,0.78,0.764,0.766,0.782,-0.016,-2.046,35742.0,2742.38,1.0
20211108,159899.SZ,招商中证全指软件ETF,0.943,0.943,0.933,0.938,0.942,-0.004,-0.4246,10087.02,945.727,1.0
20211108,159901.SZ,易方达深证100ETF,3.86,3.893,3.85,3.879,3.869,0.01,0.2585,204359.0,79122.966,2.061
20211108,159902.SZ,华夏中小企业100ETF,4.887,4.901,4.842,4.89,4.89,0.0,0.0,30343.0,14789.05,1.048
20211108,159903.SZ,南方深证成份ETF,1.673,1.678,1.664,1.673,1.673,0.0,0.0,1824.54,305.087,1.0
20211108,159905.SZ,深红利ETF,2.285,2.292,2.273,2.284,2.285,-0.001,-0.0438,110416.0,25178.288,1.0
20211108,159906.SZ,大成深证成长40ETF,1.452,1.47,1.451,1.465,1.469,-0.004,-0.2723,26217.0,3827.013,1.0
20211108,159907.SZ,广发国证2000ETF,1.975,1.975,1.959,1.971,1.989,-0.018,-0.905,254.0,49.981,1.0
20211108,159908.SZ,博时创业板ETF,2.994,3.03,2.988,3.018,2.995,0.023,0.7679,13604.0,4093.102,1.0
20211108,159909.SZ,深证TMT50ETF,0.77,0.779,0.768,0.777,0.772,0.005,0.6477,2250.53,173.962,9.792
20211108,159910.SZ,嘉实深证基本面120ETF,2.299,2.32,2.299,2.32,2.325,-0.005,-0.2151,264.0,60.759,1.0
20211108,159912.SZ,汇添富深证300ETF,1.962,1.962,1.954,1.96,1.962,-0.002,-0.1019,1231.0,241.137,1.0
20211108,159913.SZ,交银深证300价值ETF,2.24,2.24,2.24,2.24,2.246,-0.006,-0.2671,1.0,0.224,1.0
20211108,159915.SZ,易方达创业板ETF,3.24,3.287,3.234,3.278,3.248,0.03,0.9236,1064488.68,347490.996,1.0
20211108,159916.SZ,建信深证基本面60ETF,5.359,5.359,5.2,5.326,5.24,0.086,1.6412,77.0,40.463,1.0
20211108,159918.SZ,嘉实中创400ETF,2.178,2.18,2.155,2.18,2.167,0.013,0.5999,518.0,112.815,1.0
20211108,159919.SZ,嘉实沪深300ETF,4.855,4.872,4.829,4.848,4.853,-0.005,-0.103,617542.64,299417.772,0.445
20211108,159920.SZ,华夏恒生ETF,1.291,1.291,1.283,1.286,1.294,-0.008,-0.6182,2462354.0,316863.36,1.052
20211108,159922.SZ,嘉实中证500ETF,7.831,7.866,7.799,7.851,7.832,0.019,0.2426,74602.0,58441.93,1.0
20211108,159923.SZ,大成中证A100ETF,2.074,2.086,2.074,2.081,2.085,-0.004,-0.1918,146.0,30.324,1.0
20211108,159925.SZ,南方沪深300ETF,2.334,2.342,2.325,2.334,2.334,0.0,0.0,13144.64,3064.747,1.0
20211108,159928.SZ,汇添富中证主要消费ETF,1.193,1.196,1.182,1.186,1.193,-0.007,-0.5868,1891201.0,224646.375,4.0
20211108,159929.SZ,汇添富中证医药卫生ETF,2.089,2.091,2.046,2.052,2.089,-0.037,-1.7712,204975.0,42185.541,1.0
20211108,159930.SZ,汇添富中证能源ETF,0.861,0.871,0.858,0.864,0.855,0.009,1.0526,166052.0,14372.203,1.0
20211108,159931.SZ,汇添富中证金融地产ETF,1.616,1.622,1.61,1.62,1.618,0.002,0.1236,3104.0,502.24,1.0
20211108,159933.SZ,国投瑞银金融地产ETF,2.365,2.42,2.355,2.39,2.37,0.02,0.8439,494.0,117.113,1.0
20211108,159934.SZ,易方达黄金ETF,3.64,3.641,3.624,3.627,3.59,0.037,1.0306,1651018.85,600086.104,1.0
20211108,159935.SZ,景顺长城中证500ETF,2.09,2.107,2.09,2.107,2.118,-0.011,-0.5194,82.0,17.202,1.0
20211108,159936.SZ,广发中证全指可选消费ETF,1.97,1.982,1.964,1.979,1.97,0.009,0.4569,667.0,131.727,1.0
20211108,159937.SZ,博时黄金ETF,3.662,3.67,3.657,3.658,3.622,0.036,0.9939,412014.0,151034.763,1.0
20211108,159938.SZ,广发中证全指医药卫生ETF,1.908,1.908,1.867,1.878,1.913,-0.035,-1.8296,166753.0,31347.835,1.0
20211108,159939.SZ,广发中证全指信息技术ETF,1.45,1.451,1.422,1.435,1.451,-0.016,-1.1027,71057.0,10197.84,1.0
20211108,159940.SZ,广发中证全指金融地产ETF,1.013,1.02,1.008,1.014,1.011,0.003,0.2967,15761.0,1597.951,1.0
20211108,159941.SZ,广发纳指100ETF,3.251,3.261,3.238,3.244,3.255,-0.011,-0.3379,126095.71,40977.165,1.0
20211108,159943.SZ,深证ETF,1.438,1.444,1.432,1.443,1.439,0.004,0.278,2177.38,313.861,11.82
20211108,159944.SZ,广发中证全指原材料ETF,1.209,1.235,1.209,1.234,1.21,0.024,1.9835,6494.0,797.358,1.0
20211108,159945.SZ,广发中证全指能源ETF,0.787,0.799,0.785,0.793,0.787,0.006,0.7624,56902.0,4513.536,1.0
20211108,159948.SZ,南方创业板ETF,3.569,3.607,3.555,3.593,3.569,0.024,0.6725,27925.0,10005.858,1.0
20211108,159949.SZ,华安创业板50ETF,1.49,1.518,1.489,1.512,1.496,0.016,1.0695,3633085.89,547109.237,1.0
20211108,159952.SZ,广发创业板ETF,1.958,1.983,1.954,1.976,1.962,0.014,0.7136,169891.0,33484.828,1.0
20211108,159954.SZ,南方恒生中国企业ETF,0.834,0.834,0.828,0.831,0.836,-0.005,-0.5981,202046.0,16796.521,1.0
20211108,159956.SZ,建信创业板ETF,1.994,2.002,1.97,1.97,1.987,-0.017,-0.8556,470.0,93.667,1.0
20211108,159957.SZ,华夏创业板ETF,2.099,2.12,2.08,2.114,2.103,0.011,0.5231,3433.0,721.239,1.0
20211108,159958.SZ,创业板ETF工银,1.944,1.966,1.94,1.96,1.944,0.016,0.823,14954.0,2926.118,1.0
20211108,159959.SZ,央企ETF,1.359,1.359,1.355,1.357,1.359,-0.002,-0.1472,714.0,96.932,1.0
20211108,159960.SZ,平安恒生中国企业ETF,0.884,0.886,0.881,0.882,0.887,-0.005,-0.5637,3915.0,345.842,1.0
20211108,159961.SZ,方正富邦深证100ETF,2.265,2.277,2.265,2.274,2.272,0.002,0.088,123.0,27.901,1.0
20211108,159964.SZ,平安创业板ETF,2.057,2.16,2.049,2.066,2.057,0.009,0.4375,872.0,180.887,1.0
20211108,159965.SZ,国联央视50ETF,1.442,1.442,1.424,1.429,1.436,-0.007,-0.4875,3547.64,506.353,1.0
20211108,159966.SZ,华夏创业板低波价值ETF,0.646,0.647,0.631,0.636,0.646,-0.01,-1.548,313123.48,19927.807,3.076
20211108,159967.SZ,华夏创成长ETF,0.813,0.836,0.811,0.832,0.812,0.02,2.4631,3060115.76,252588.144,3.638
20211108,159968.SZ,博时中证500ETF,7.842,7.895,7.824,7.88,7.856,0.024,0.3055,12074.0,9486.315,1.0
20211108,159969.SZ,深100P,1.655,1.672,1.655,1.667,1.663,0.004,0.2405,1945.0,322.625,1.0
20211108,159970.SZ,深100ETF工银,6.54,6.572,6.54,6.572,6.56,0.012,0.1829,316.94,208.002,1.0
20211108,159971.SZ,富国创业板ETF,2.258,2.277,2.258,2.276,2.254,0.022,0.976,60.0,13.643,1.0
20211108,159972.SZ,5年地债,108.72,109.807,108.69,108.75,108.72,0.03,0.0276,8402.0,91538.09,1.002
20211108,159973.SZ,弘毅远方国证民企领先100ETF,1.894,1.914,1.894,1.914,1.921,-0.007,-0.3644,125.0,23.823,1.0
20211108,159974.SZ,富国中证央企创新驱动ETF,1.33,1.335,1.326,1.33,1.331,-0.001,-0.0751,3368.0,447.52,1.0
20211108,159975.SZ,招商深证100ETF,0.755,0.76,0.752,0.758,0.755,0.003,0.3974,139410.8,10524.54,10.0
20211108,159976.SZ,湾创ETF,1.221,1.221,1.21,1.216,1.221,-0.005,-0.4095,4106.06,499.416,1.0
20211108,159977.SZ,天弘创业板ETF,3.388,3.427,3.368,3.421,3.389,0.032,0.9442,16551.69,5636.998,1.0
20211108,159980.SZ,大成有色金属期货ETF,1.419,1.431,1.419,1.426,1.417,0.009,0.6351,225442.0,32143.778,1.0
20211108,159981.SZ,建信能源化工期货ETF,1.539,1.556,1.495,1.498,1.532,-0.034,-2.2193,333775.01,50520.747,1.0
20211108,159982.SZ,中证500,1.592,1.6,1.588,1.597,1.592,0.005,0.3141,121634.0,19378.734,1.0
20211108,159985.SZ,华夏饲料豆粕期货ETF,1.119,1.129,1.119,1.128,1.115,0.013,1.1659,118986.0,13379.724,1.0
20211108,159991.SZ,招商创业板大盘ETF,0.703,0.712,0.702,0.709,0.704,0.005,0.7102,116127.98,8209.632,2.84
20211108,159992.SZ,创新药,1.252,1.253,1.213,1.22,1.254,-0.034,-2.7113,1978333.94,242724.169,1.0
20211108,159993.SZ,龙头券商,1.162,1.178,1.157,1.17,1.163,0.007,0.6019,350191.73,40875.236,1.0
20211108,159994.SZ,5GETF,0.967,0.967,0.949,0.958,0.968,-0.01,-1.0331,483981.19,46250.074,1.0
20211108,159995.SZ,华夏国证半导体芯片ETF,1.645,1.645,1.605,1.633,1.657,-0.024,-1.4484,3779164.91,614040.428,1.0
20211108,159996.SZ,国泰中证全指家用电器ETF,1.23,1.231,1.213,1.217,1.228,-0.011,-0.8958,456708.0,55685.627,1.0
20211108,159997.SZ,天弘中证电子ETF,1.316,1.317,1.286,1.305,1.321,-0.016,-1.2112,356557.06,46315.769,1.0
20211108,159998.SZ,天弘中证计算机主题ETF,1.075,1.08,1.067,1.073,1.08,-0.007,-0.6481,89385.01,9577.258,1.0
20211108,510010.SH,交银上证180公司治理ETF,1.48,1.485,1.466,1.485,1.465,0.02,1.3652,144.13,21.333,1.0
20211108,510020.SH,博时上证超大盘ETF,3.469,3.472,3.426,3.472,3.472,0.0,0.0,293.0,101.465,0.101
20211108,510030.SH,上证180价值ETF,0.804,0.809,0.803,0.807,0.807,0.0,0.0,3533.0,284.844,8.039
20211108,510050.SH,华夏上证50ETF,3.24,3.257,3.222,3.231,3.243,-0.012,-0.37,5804082.66,1879253.28,1.324
20211108,510060.SH,工银上证央企ETF,1.985,2.073,1.985,2.06,2.078,-0.018,-0.8662,75.0,15.458,1.0
20211108,510090.SH,建信上证社会责任ETF,2.44,2.44,2.439,2.44,2.44,0.0,0.0,162.0,39.513,1.0
20211108,510100.SH,易方达上证50ETF,1.298,1.304,1.291,1.294,1.301,-0.007,-0.538,242574.0,31465.213,1.0
20211108,510130.SH,易方达上证中盘ETF,6.023,6.03,6.023,6.03,6.048,-0.018,-0.2976,22.0,13.252,1.0
20211108,510150.SH,招商上证消费80ETF,0.775,0.777,0.763,0.765,0.775,-0.01,-1.2903,358154.0,27514.679,12.067
20211108,510160.SH,南方小康ETF,0.733,0.736,0.732,0.735,0.732,0.003,0.4098,349.0,25.606,1.0
20211108,510170.SH,国联安上证商品ETF,3.396,3.482,3.396,3.468,3.396,0.072,2.1201,21160.0,7277.439,1.0
20211108,510180.SH,华安上证180ETF,4.054,4.073,4.032,4.05,4.054,-0.004,-0.0987,249126.25,100880.35,3.069
20211108,510190.SH,华安上证50ETF,4.014,4.035,4.014,4.023,4.038,-0.015,-0.3715,97.0,39.025,1.0
20211108,510200.SH,上证券商,1.191,1.209,1.186,1.201,1.196,0.005,0.4181,45312.0,5411.573,1.0
20211108,510210.SH,上证综指ETF,0.976,0.979,0.973,0.977,0.977,0.0,0.0,234401.0,22887.911,5.024
20211108,510230.SH,国泰上证180金融ETF,1.045,1.051,1.038,1.049,1.045,0.004,0.3828,512158.0,53503.373,6.006
20211108,510270.SH,国企ETF,1.331,1.339,1.314,1.339,1.312,0.027,2.0579,285.0,38.017,1.0
20211108,510290.SH,南方上证380ETF,2.211,2.211,2.192,2.196,2.199,-0.003,-0.1364,184.0,40.385,1.0
20211108,510300.SH,华泰柏瑞沪深300ETF,4.92,4.948,4.902,4.919,4.923,-0.004,-0.0813,3124852.0,1539084.826,1.146
20211108,510310.SH,易方达沪深300ETF发起式,2.252,2.262,2.242,2.251,2.252,-0.001,-0.0444,518666.0,116780.287,1.0
20211108,510330.SH,华夏沪深300ETF,4.927,4.952,4.906,4.922,4.927,-0.005,-0.1015,732715.0,360887.648,1.178
20211108,510350.SH,工银沪深300ETF,4.977,4.99,4.945,4.968,4.968,0.0,0.0,145750.0,72481.358,1.0
20211108,510360.SH,广发沪深300ETF,1.68,1.69,1.674,1.682,1.682,0.0,0.0,50427.0,8469.768,1.0
20211108,510370.SH,300指数ETF,1.011,1.02,1.011,1.019,1.013,0.006,0.5923,230.0,23.376,1.0
20211108,510380.SH,国寿安保沪深300ETF,1.3,1.301,1.3,1.301,1.3,0.001,0.0769,19.0,2.471,1.0
20211108,510390.SH,平安沪深300ETF,5.148,5.162,5.12,5.132,5.144,-0.012,-0.2333,14111.4,7246.463,1.053
20211108,510410.SH,博时上证自然资源ETF,1.038,1.065,1.038,1.063,1.035,0.028,2.7053,142720.0,15029.93,1.0
20211108,510500.SH,南方中证500ETF,7.854,7.912,7.842,7.897,7.873,0.024,0.3048,1261527.74,995767.952,0.28
20211108,510510.SH,广发中证500ETF,2.088,2.101,2.083,2.097,2.09,0.007,0.3349,304806.0,63904.27,1.0
20211108,510530.SH,工银中证500ETF,7.078,7.117,7.068,7.103,7.075,0.028,0.3958,3828.0,2719.255,1.0
20211108,510550.SH,方正富邦中证500ETF,1.71,1.711,1.703,1.71,1.705,0.005,0.2933,548.0,93.674,1.0
20211108,510560.SH,国寿安保中证500ETF,1.538,1.542,1.538,1.541,1.536,0.005,0.3255,70.0,10.787,1.0
20211108,510570.SH,兴业中证500ETF,1.049,1.055,1.034,1.054,1.049,0.005,0.4766,242.0,25.351,1.0
20211108,510580.SH,易方达中证500ETF,0.809,0.812,0.805,0.811,0.809,0.002,0.2472,422355.0,34189.124,10.004
20211108,510590.SH,平安中证500ETF,6.98,7.227,6.98,7.048,7.026,0.022,0.3131,1677.0,1189.807,1.1
20211108,510600.SH,申万菱信上证50交易型开放式指数发起式,3.79,3.802,3.769,3.785,3.79,-0.005,-0.1319,10827.52,4098.456,1.0
20211108,510630.SH,华夏消费ETF,1.432,1.435,1.413,1.415,1.437,-0.022,-1.531,161146.0,22878.911,3.949
20211108,510650.SH,华夏金融ETF,2.1,2.108,2.083,2.096,2.105,-0.009,-0.4276,142522.0,29852.611,1.0
20211108,510660.SH,华夏医药ETF,3.252,3.252,3.173,3.182,3.251,-0.069,-2.1224,11482.0,3667.042,1.0
20211108,510680.SH,万家上证50ETF,3.066,3.068,3.04,3.055,3.066,-0.011,-0.3588,1426.0,434.739,1.0
20211108,510710.SH,博时上证50ETF,3.972,3.991,3.948,3.959,3.974,-0.015,-0.3775,28904.0,11458.458,1.0
20211108,510760.SH,国泰上证综合ETF,1.041,1.044,1.037,1.043,1.043,0.0,0.0,367301.0,38248.791,1.0
20211108,510770.SH,申万菱信上证G60战略新兴产业成份ETF,1.0,1.012,0.998,1.004,1.0,0.004,0.4,27823.0,2800.694,1.0
20211108,510800.SH,建信上证50ETF,1.345,1.353,1.34,1.346,1.348,-0.002,-0.1484,91510.0,12314.102,1.0
20211108,510810.SH,中证上海国企ETF,0.873,0.882,0.873,0.878,0.873,0.005,0.5727,74172.3,6524.342,1.014
20211108,510850.SH,工银上证50ETF,3.328,3.354,3.322,3.33,3.342,-0.012,-0.3591,247882.0,82759.141,1.0
20211108,510880.SH,华泰柏瑞上证红利ETF,2.793,2.807,2.785,2.79,2.793,-0.003,-0.1074,797037.0,222808.928,1.461
20211108,510900.SH,易方达恒生国企(QDII-ETF),0.953,0.955,0.948,0.949,0.956,-0.007,-0.7322,5462050.0,519621.309,1.045
20211108,510990.SH,180ESGETF,0.973,0.973,0.972,0.972,0.972,0.0,0.0,120.0,11.666,1.0
20211108,511010.SH,国泰上证5年期国债ETF,125.06,125.336,125.06,125.173,125.06,0.113,0.0904,5358.0,67080.913,1.012
20211108,511020.SH,平安5-10年期国债活跃券ETF,108.35,108.35,108.35,108.35,108.45,-0.1,-0.0922,1.1,11.919,1.01
20211108,511030.SH,平安中高等级公司债利差因子ETF,10.398,10.398,10.395,10.398,10.393,0.005,0.0481,69.0,71.742,10.511
20211108,511060.SH,海富通上证5年期地方政府债ETF,102.271,102.271,102.271,102.271,102.32,-0.049,-0.0479,98.0,1002.256,1.046
20211108,511180.SH,海富通上证投资级可转债ETF,10.755,10.781,10.746,10.771,10.75,0.021,0.1953,49334.0,53096.025,1.0
20211108,511220.SH,海富通上证城投债ETF,96.955,97.02,96.952,97.02,96.949,0.071,0.0732,380.1,3687.316,1.392
20211108,511260.SH,上证10年期国债ETF,115.116,115.22,115.07,115.191,115.109,0.082,0.0712,7263.0,83661.265,1.0
20211108,511270.SH,海富通上证10年期地方政府债ETF,106.435,106.629,106.401,106.59,106.39,0.2,0.188,520.0,5539.829,1.089
20211108,511360.SH,海富通中证短融ETF,103.501,103.503,103.498,103.498,103.486,0.012,0.0116,16360.0,169325.35,1.0
20211108,511380.SH,博时可转债ETF,11.136,11.181,11.135,11.18,11.131,0.049,0.4402,130228.0,145354.695,1.0
20211108,511600.SH,华安日日鑫货币H,99.99,99.998,99.987,99.987,100.001,-0.014,-0.014,82.1,820.959,1.0
20211108,511620.SH,国泰瞬利货币A,100.03,100.998,99.994,99.994,100.03,-0.036,-0.036,42.1,421.103,1.0
20211108,511650.SH,华夏快线货币E,99.99,99.996,99.99,99.995,99.999,-0.004,-0.004,34.02,340.174,1.0
20211108,511660.SH,建信现金添益货币H,99.995,99.997,99.988,99.993,100.001,-0.008,-0.008,192449.0,1924336.446,1.0
20211108,511670.SH,华泰紫金天天金货币ETFA,99.99,99.996,99.99,99.996,99.999,-0.003,-0.003,2.0,19.999,1.0
20211108,511690.SH,大成添益交易型货币,99.995,99.998,99.989,99.994,100.001,-0.007,-0.007,4871.46,48710.616,1.0
20211108,511700.SH,平安货币ETF,100.005,100.005,99.996,100.003,100.007,-0.004,-0.004,672.65,6726.637,1.0
20211108,511770.SH,金鹰现金增益E,99.914,99.914,99.914,99.914,100.001,-0.087,-0.087,2.0,19.983,1.0
20211108,511800.SH,易方达货币E,99.993,99.994,99.99,99.994,99.996,-0.002,-0.002,773.42,7733.565,1.0
20211108,511810.SH,南方理财金货币ETF,99.995,99.997,99.987,99.991,99.997,-0.006,-0.006,35535.68,355321.586,1.0
20211108,511820.SH,鹏华添利交易型货币B,99.993,99.993,99.987,99.993,100.003,-0.01,-0.01,44.0,439.967,1.0
20211108,511830.SH,华泰货币,99.991,99.994,99.99,99.991,100.0,-0.009,-0.009,53.13,531.253,1.0
20211108,511850.SH,招商财富宝货币ETFE,99.995,99.997,99.989,99.996,100.001,-0.005,-0.005,182313.74,1823007.555,1.0
20211108,511860.SH,博时保证金货币ETF,99.998,100.0,99.99,99.993,99.999,-0.006,-0.006,557.01,5569.665,1.0
20211108,511900.SH,富国收益宝交易型货币H,99.995,99.998,99.992,99.993,99.998,-0.005,-0.005,359.37,3593.524,1.0
20211108,511910.SH,融通易支付货币E,100.255,100.255,99.961,99.991,100.16,-0.169,-0.1687,4.0,40.046,1.0
20211108,511920.SH,广发货币E,99.968,100.036,99.968,99.995,100.0,-0.005,-0.005,129.26,1292.614,1.0
20211108,511960.SH,嘉实快线货币H,99.995,99.995,99.995,99.995,99.999,-0.004,-0.004,1.0,10.0,1.0
20211108,511970.SH,国寿安保货币E,100.0,100.0,99.967,99.989,100.001,-0.012,-0.012,9.0,89.985,1.0
20211108,511980.SH,汇添富添富通货币E,99.991,99.992,99.969,99.992,100.011,-0.019,-0.019,38.7,386.942,1.0
20211108,512000.SH,华宝中证全指证券公司ETF,1.047,1.064,1.044,1.059,1.048,0.011,1.0496,6514072.39,686597.42,1.0
20211108,512010.SH,易方达沪深300医药ETF,0.641,0.641,0.623,0.627,0.641,-0.014,-2.1841,7406020.46,465232.942,3.905
20211108,512040.SH,富国中证价值ETF,1.699,1.708,1.696,1.705,1.7,0.005,0.2941,6422.0,1094.973,1.0
20211108,512070.SH,易方达沪深300非银ETF,0.707,0.718,0.703,0.715,0.707,0.008,1.1315,1688896.0,120139.371,2.968
20211108,512090.SH,易方达MSCI中国A股国际通ETF,1.765,1.776,1.761,1.768,1.765,0.003,0.17,133812.0,23669.752,1.0
20211108,512100.SH,南方中证1000ETF,1.072,1.079,1.067,1.079,1.072,0.007,0.653,1391797.0,149598.194,1.0
20211108,512120.SH,华安中证细分医药ETF,2.04,2.04,1.982,1.994,2.042,-0.048,-2.3506,48825.0,9765.748,1.0
20211108,512150.SH,A50ETF,1.734,1.756,1.734,1.743,1.751,-0.008,-0.4569,12418.0,2162.808,1.0
20211108,512160.SH,南方MSCI中国A股国际通ETF,1.702,1.718,1.702,1.709,1.71,-0.001,-0.0585,155310.0,26573.869,1.0
20211108,512170.SH,华宝中证医疗ETF,0.701,0.702,0.682,0.686,0.703,-0.017,-2.4182,8685740.0,597635.714,3.119
20211108,512180.SH,建信MSCI中国A股国际通ETF,1.627,1.631,1.627,1.631,1.626,0.005,0.3075,255.0,41.587,1.0
20211108,512190.SH,浙商之江凤凰ETF,1.632,1.67,1.632,1.67,1.672,-0.002,-0.1196,316.0,52.392,1.0
20211108,512200.SH,南方中证全指房地产ETF,0.707,0.714,0.704,0.712,0.706,0.006,0.8499,1637718.0,116553.409,1.0
20211108,512220.SH,景顺长城中证科技传媒通信150ETF,1.815,1.815,1.785,1.8,1.815,-0.015,-0.8264,60143.0,10838.429,1.0
20211108,512260.SH,华安中证500低波ETF,1.538,1.538,1.527,1.536,1.539,-0.003,-0.1949,44252.0,6791.185,1.0
20211108,512280.SH,景顺长城MSCI中国A股国际通ETF,1.712,1.723,1.707,1.717,1.712,0.005,0.2921,56273.0,9657.576,1.0
20211108,512290.SH,国泰中证生物医药ETF,1.617,1.617,1.564,1.576,1.625,-0.049,-3.0154,1348917.81,213046.98,1.0
20211108,512330.SH,南方中证500信息技术ETF,1.148,1.148,1.124,1.135,1.15,-0.015,-1.3043,20376.0,2311.286,1.0
20211108,512360.SH,平安MSCI中国A股国际ETF,1.76,1.795,1.76,1.795,1.8,-0.005,-0.2778,2.0,0.356,1.0
20211108,512380.SH,MSCI中国,1.55,1.56,1.547,1.556,1.55,0.006,0.3871,187197.0,29067.886,1.0
20211108,512390.SH,平安MSCI中国A股低波动ETF,1.452,1.48,1.452,1.469,1.486,-0.017,-1.144,144.0,21.065,1.0
20211108,512400.SH,南方中证申万有色金属ETF,1.339,1.392,1.339,1.39,1.333,0.057,4.2761,1858123.09,254836.404,1.0
20211108,512480.SH,国联安中证全指半导体ETF,1.303,1.303,1.261,1.285,1.31,-0.025,-1.9084,5302733.16,677224.604,1.964
20211108,512500.SH,华夏中证500ETF,3.66,3.683,3.65,3.674,3.665,0.009,0.2456,413230.0,151580.707,1.0
20211108,512510.SH,华泰柏瑞中证500ETF,1.768,1.78,1.764,1.775,1.767,0.008,0.4527,120116.89,21230.377,1.02
20211108,512520.SH,MSCIETF,1.738,1.738,1.728,1.732,1.739,-0.007,-0.4025,765.0,132.404,1.0
20211108,512530.SH,建信沪深300红利ETF,1.146,1.149,1.14,1.145,1.146,-0.001,-0.0873,633.0,72.531,1.0
20211108,512550.SH,嘉实富时中国A50ETF,1.599,1.604,1.587,1.597,1.6,-0.003,-0.1875,25199.0,4023.591,1.0
20211108,512560.SH,易方达中证军工ETF,1.578,1.583,1.552,1.583,1.576,0.007,0.4442,305243.0,47837.998,1.0
20211108,512570.SH,易方达中证全指证券公司ETF,1.078,1.097,1.077,1.091,1.081,0.01,0.9251,32463.0,3531.915,1.0
20211108,512580.SH,广发中证环保ETF,1.886,1.926,1.88,1.918,1.877,0.041,2.1843,640411.0,122050.194,1.0
20211108,512600.SH,嘉实中证主要消费ETF,0.984,0.985,0.975,0.978,0.987,-0.009,-0.9119,169485.0,16589.558,4.975
20211108,512640.SH,嘉实中证金融地产ETF,1.97,1.994,1.966,1.987,1.97,0.017,0.8629,675.0,133.882,1.0
20211108,512650.SH,添富中证长三角ETF,1.262,1.264,1.254,1.257,1.262,-0.005,-0.3962,81.0,10.212,1.0
20211108,512660.SH,国泰中证军工ETF,1.345,1.354,1.326,1.353,1.348,0.005,0.3709,3495600.42,469775.214,1.0
20211108,512670.SH,国防ETF,1.085,1.101,1.075,1.1,1.093,0.007,0.6404,768127.0,83820.156,2.004
20211108,512680.SH,广发中证军工ETF,1.38,1.39,1.354,1.386,1.379,0.007,0.5076,206231.0,28331.777,1.0
20211108,512690.SH,酒ETF,1.254,1.264,1.243,1.252,1.255,-0.003,-0.239,2628442.62,328982.098,1.961
20211108,512700.SH,南方中证银行ETF,1.209,1.209,1.198,1.201,1.207,-0.006,-0.4971,981935.0,117894.562,1.104
20211108,512710.SH,富国中证军工龙头ETF,0.954,0.961,0.939,0.957,0.957,0.0,0.0,1362530.0,129645.761,1.996
20211108,512720.SH,国泰中证计算机主题ETF,1.401,1.407,1.392,1.402,1.407,-0.005,-0.3554,256864.0,35930.152,1.0
20211108,512730.SH,银行FUND,1.154,1.154,1.144,1.147,1.154,-0.007,-0.6066,102335.0,11737.893,1.0
20211108,512750.SH,嘉实基本面50ETF,1.047,1.051,1.045,1.049,1.047,0.002,0.191,17844.0,1871.231,1.0
20211108,512760.SH,国泰CES半导体芯片行业ETF,1.528,1.529,1.484,1.511,1.534,-0.023,-1.4993,3071341.81,460935.47,2.095
20211108,512770.SH,华夏战略新兴成指ETF,2.271,2.271,2.246,2.26,2.271,-0.011,-0.4844,1156.0,260.875,1.0
20211108,512800.SH,华宝中证银行ETF,1.141,1.143,1.135,1.139,1.142,-0.003,-0.2627,4408246.0,501826.088,1.0
20211108,512810.SH,华宝中证军工ETF,1.482,1.488,1.459,1.487,1.48,0.007,0.473,196269.0,28962.356,1.0
20211108,512820.SH,中证银行ETF,1.164,1.164,1.153,1.157,1.159,-0.002,-0.1726,119202.0,13768.821,1.0
20211108,512870.SH,南华中证杭州湾区ETF,1.901,1.928,1.883,1.908,1.923,-0.015,-0.78,7832.0,1480.847,1.0
20211108,512880.SH,国泰中证全指证券公司ETF,1.091,1.111,1.09,1.104,1.093,0.011,1.0064,12457580.13,1371887.368,1.0
20211108,512890.SH,红利低波,0.743,0.748,0.74,0.743,0.742,0.001,0.1348,11306.0,842.212,2.046
20211108,512900.SH,南方中证全指证券ETF,1.088,1.104,1.083,1.097,1.088,0.009,0.8272,607336.0,66243.305,1.0
20211108,512910.SH,广发中证A100ETF,1.384,1.384,1.372,1.378,1.379,-0.001,-0.0725,63708.0,8772.264,1.0
20211108,512930.SH,平安人工智能ETF,1.617,1.617,1.6,1.607,1.618,-0.011,-0.6799,5834.0,936.87,1.0
20211108,512950.SH,华夏中证央企ETF,1.279,1.284,1.278,1.283,1.281,0.002,0.1561,3735.0,478.79,1.0
20211108,512960.SH,博时央企结构调整ETF,1.277,1.28,1.276,1.28,1.277,0.003,0.2349,26127.0,3338.422,1.0
20211108,512970.SH,粤港澳大湾区ETF,1.432,1.457,1.428,1.455,1.439,0.016,1.1119,620.0,89.413,1.0
20211108,512980.SH,广发中证传媒ETF,0.741,0.751,0.732,0.745,0.74,0.005,0.6757,1276079.12,94860.332,1.0
20211108,512990.SH,华夏MSCI中国A股国际通ETF,1.835,1.843,1.828,1.828,1.844,-0.016,-0.8677,62714.0,11500.701,1.0
20211108,513000.SH,易方达日兴资管日经225ETF(QDII),1.24,1.24,1.23,1.233,1.239,-0.006,-0.4843,9837.0,1216.951,0.999
20211108,513010.SH,易方达恒生科技ETF(QDII),0.775,0.775,0.766,0.766,0.78,-0.014,-1.7949,2000443.0,153756.592,1.0
20211108,513030.SH,华安德国(DAX)ETF,1.217,1.22,1.211,1.212,1.217,-0.005,-0.4108,11929.0,1450.307,1.0
20211108,513050.SH,易方达中证海外中国互联网50(QDII-ETF),1.454,1.454,1.439,1.443,1.463,-0.02,-1.3671,7899416.54,1142032.437,1.0
20211108,513060.SH,博时恒生医疗保健(QDII-ETF),0.761,0.762,0.743,0.75,0.763,-0.013,-1.7038,1290441.0,96626.529,1.0
20211108,513080.SH,华安法国CAC40ETF,1.316,1.329,1.315,1.315,1.312,0.003,0.2287,4003.0,527.361,1.0
20211108,513090.SH,易方达中证香港证券投资主题ETF,1.22,1.236,1.219,1.229,1.222,0.007,0.5728,1638831.15,201146.382,1.0
20211108,513100.SH,国泰纳斯达克100(QDII-ETF),5.377,5.38,5.357,5.362,5.38,-0.018,-0.3346,170157.0,91309.309,1.0
20211108,513130.SH,恒生科技,0.777,0.777,0.766,0.766,0.78,-0.014,-1.7949,1578415.0,121384.471,1.0
20211108,513180.SH,华夏恒生科技ETF(QDII),0.778,0.778,0.768,0.769,0.783,-0.014,-1.788,4225645.0,326272.599,1.0
20211108,513300.SH,华夏纳斯达克100ETF(QDII),1.326,1.335,1.319,1.324,1.327,-0.003,-0.2261,198861.0,26358.703,1.0
20211108,513330.SH,华夏恒生互联网科技业ETF(QDII),0.647,0.649,0.642,0.643,0.652,-0.009,-1.3804,13394768.0,863633.632,1.0
20211108,513360.SH,博时全球中国教育(QDII-ETF),0.472,0.473,0.468,0.469,0.473,-0.004,-0.8457,393996.0,18512.049,1.0
20211108,513500.SH,博时标普500ETF,2.832,2.848,2.83,2.835,2.832,0.003,0.1059,438967.0,124521.74,1.0
20211108,513520.SH,华夏野村日经225ETF,1.232,1.233,1.223,1.224,1.231,-0.007,-0.5686,14600.0,1793.269,1.0
20211108,513550.SH,港股通50,0.888,0.889,0.882,0.884,0.889,-0.005,-0.5624,545815.0,48335.904,1.0
20211108,513580.SH,华安恒生科技ETF,0.773,0.773,0.763,0.765,0.778,-0.013,-1.671,634412.0,48657.898,1.0
20211108,513590.SH,香港消费,0.958,0.958,0.938,0.941,0.958,-0.017,-1.7745,15393.0,1455.772,1.0
20211108,513600.SH,南方恒指ETF,2.358,2.358,2.342,2.346,2.362,-0.016,-0.6774,97831.0,22973.296,1.0
20211108,513660.SH,华夏沪港通恒生ETF,2.406,2.416,2.378,2.384,2.399,-0.015,-0.6253,132049.0,31532.832,1.0
20211108,513690.SH,博时恒生高股息ETF,0.87,0.882,0.87,0.88,0.868,0.012,1.3825,69842.0,6124.366,1.0
20211108,513700.SH,香港医药,0.771,0.773,0.748,0.753,0.77,-0.017,-2.2078,89028.0,6698.536,1.0
20211108,513800.SH,南方顶峰TOPIXETF(QDII),1.197,1.3,1.183,1.2,1.187,0.013,1.0952,908.0,110.986,1.0
20211108,513860.SH,海富通中证港股通科技ETF,0.767,0.767,0.748,0.75,0.767,-0.017,-2.2164,168036.0,12646.715,1.0
20211108,513880.SH,华安日经225ETF,1.189,1.192,1.186,1.186,1.189,-0.003,-0.2523,113833.0,13536.976,1.0
20211108,513900.SH,华安CES港股通精选100ETF,1.008,1.01,1.002,1.004,1.012,-0.008,-0.7905,82970.0,8351.641,1.0
20211108,513980.SH,景顺长城中证港股通科技ETF,0.768,0.768,0.75,0.754,0.769,-0.015,-1.9506,325923.0,24533.602,1.0
20211108,513990.SH,招商上证港股通ETF,0.922,0.922,0.913,0.914,0.919,-0.005,-0.5441,52459.0,4797.567,1.0
20211108,515000.SH,华宝中证科技龙头ETF,1.71,1.712,1.688,1.701,1.716,-0.015,-0.8741,391209.0,66391.845,1.0
20211108,515010.SH,华夏中证全指证券公司ETF,1.23,1.248,1.224,1.241,1.23,0.011,0.8943,82363.95,10176.267,1.0
20211108,515020.SH,华夏中证银行ETF,1.177,1.178,1.171,1.172,1.181,-0.009,-0.7621,23952.0,2809.498,1.0
20211108,515030.SH,华夏中证新能源汽车ETF,2.565,2.68,2.565,2.676,2.572,0.104,4.0435,2056672.29,543996.488,1.0
20211108,515050.SH,华夏中证5G通信主题ETF,1.176,1.176,1.154,1.164,1.174,-0.01,-0.8518,1150450.0,133731.477,1.0
20211108,515060.SH,华夏中证全指房地产ETF,0.902,0.91,0.896,0.904,0.9,0.004,0.4444,48710.0,4389.378,1.0
20211108,515070.SH,华夏中证人工智能主题ETF,1.249,1.249,1.23,1.237,1.25,-0.013,-1.04,44228.0,5469.079,1.0
20211108,515080.SH,招商中证红利ETF,1.385,1.4,1.385,1.398,1.388,0.01,0.7205,184375.0,25735.531,1.069
20211108,515090.SH,博时可持续发展100ETF,1.362,1.363,1.355,1.361,1.361,0.0,0.0,34200.0,4645.53,1.0
20211108,515100.SH,景顺长城中证红利低波动100ETF,1.363,1.367,1.361,1.365,1.367,-0.002,-0.1463,55187.0,7538.004,1.0
20211108,515110.SH,易方达中证国企一带一路ETF,1.257,1.275,1.257,1.274,1.27,0.004,0.315,66993.0,8522.393,1.0
20211108,515120.SH,广发创新药ETF,0.929,0.93,0.898,0.904,0.929,-0.025,-2.6911,1124944.71,102077.687,1.0
20211108,515130.SH,博时沪深300ETF,1.427,1.434,1.422,1.426,1.427,-0.001,-0.0701,29865.0,4267.52,1.0
20211108,515150.SH,富国中证国企一带一路ETF,1.249,1.275,1.249,1.26,1.254,0.006,0.4785,1632.0,205.364,1.0
20211108,515160.SH,招商MSCI中国A股国际通ETF,1.474,1.48,1.474,1.479,1.475,0.004,0.2712,13634.0,2015.401,1.0
20211108,515170.SH,华夏中证细分食品饮料产业主题ETF,0.861,0.867,0.854,0.859,0.864,-0.005,-0.5787,1223561.63,105101.998,1.0
20211108,515180.SH,易方达中证红利ETF,1.206,1.212,1.199,1.208,1.207,0.001,0.0829,179703.0,21687.402,1.088
20211108,515190.SH,中银证券中证500ETF,1.372,1.389,1.369,1.389,1.384,0.005,0.3613,97.0,13.313,1.0
20211108,515200.SH,申万菱信中证研发创新100交易型开放式指数,2.17,2.184,2.145,2.174,2.172,0.002,0.0921,30856.0,6700.976,1.0
20211108,515210.SH,国泰中证钢铁ETF,1.559,1.608,1.559,1.586,1.554,0.032,2.0592,997223.0,158249.386,1.0
20211108,515220.SH,国泰中证煤炭ETF,1.892,1.92,1.886,1.893,1.887,0.006,0.318,1109030.0,210977.383,1.0
20211108,515230.SH,国泰中证全指软件ETF,1.008,1.009,0.991,0.998,1.004,-0.006,-0.5976,308257.0,30706.084,1.0
20211108,515250.SH,富国中证智能汽车主题ETF,1.11,1.132,1.11,1.122,1.126,-0.004,-0.3552,210032.0,23537.991,1.0
20211108,515260.SH,华宝中证电子50ETF,1.037,1.037,1.012,1.025,1.038,-0.013,-1.2524,154107.0,15734.067,1.0
20211108,515290.SH,天弘中证银行ETF,1.013,1.013,1.006,1.008,1.012,-0.004,-0.3953,494820.0,49867.697,1.0
20211108,515300.SH,嘉实沪深300红利低波动ETF,1.118,1.123,1.118,1.118,1.121,-0.003,-0.2676,2965.0,332.218,1.0
20211108,515310.SH,添富沪深300ETF,1.314,1.322,1.314,1.316,1.318,-0.002,-0.1517,11557.0,1522.518,1.0
20211108,515320.SH,华安中证电子50ETF,1.004,1.004,0.98,0.993,1.004,-0.011,-1.0956,170007.0,16790.454,1.0
20211108,515330.SH,天弘沪深300ETF,1.276,1.279,1.268,1.273,1.272,0.001,0.0786,179577.0,22888.341,1.0
20211108,515350.SH,民生加银沪深300ETF,5.772,5.793,5.747,5.766,5.775,-0.009,-0.1558,20056.0,11561.74,1.0
20211108,515360.SH,方正富邦沪深300ETF,5.941,5.986,5.941,5.985,5.983,0.002,0.0334,582.0,346.836,1.0
20211108,515380.SH,泰康300,5.052,5.074,5.029,5.053,5.052,0.001,0.0198,337574.0,170627.299,1.0
20211108,515390.SH,华安沪深300ETF,1.28,1.288,1.277,1.282,1.283,-0.001,-0.0779,124759.0,15995.638,1.0
20211108,515400.SH,富国中证大数据产业ETF,0.982,0.982,0.972,0.975,0.982,-0.007,-0.7128,80089.0,7831.463,1.0
20211108,515450.SH,南方标普中国A股大盘红利低波50ETF,1.194,1.197,1.189,1.19,1.194,-0.004,-0.335,200461.0,23928.572,1.0
20211108,515530.SH,泰康500,3.585,3.604,3.58,3.597,3.587,0.01,0.2788,29155.0,10465.051,1.0
20211108,515550.SH,国联中证500ETF,1.447,1.447,1.432,1.435,1.447,-0.012,-0.8293,237.0,34.107,1.0
20211108,515560.SH,建信中证全指证券公司ETF,0.985,1.0,0.982,0.994,0.985,0.009,0.9137,163059.0,16124.758,1.0
20211108,515580.SH,华泰柏瑞中证科技100ETF,0.929,0.929,0.922,0.928,0.929,-0.001,-0.1076,111866.0,10351.601,1.962
20211108,515590.SH,前海开源中证500等权ETF,1.539,1.54,1.536,1.536,1.54,-0.004,-0.2597,5925.0,910.371,1.0
20211108,515600.SH,广发中证央企创新驱动ETF,1.25,1.254,1.245,1.25,1.262,-0.012,-0.9509,1536.0,192.357,1.0
20211108,515630.SH,保险证券,1.165,1.184,1.162,1.178,1.167,0.011,0.9426,72343.0,8467.792,1.0
20211108,515650.SH,富国中证消费50ETF,1.454,1.467,1.451,1.457,1.462,-0.005,-0.342,233368.0,34010.094,1.0
20211108,515660.SH,国联安沪深300ETF,5.291,5.324,5.288,5.324,5.295,0.029,0.5477,347.0,184.127,1.0
20211108,515680.SH,嘉实央企创新驱动ETF,1.257,1.26,1.254,1.255,1.259,-0.004,-0.3177,1063.0,133.493,1.0
20211108,515700.SH,平安中证新能源汽车产业ETF,3.284,3.432,3.282,3.42,3.285,0.135,4.1096,1125612.0,380969.606,1.0
20211108,515710.SH,华宝中证细分食品饮料产业主题ETF,0.893,0.897,0.885,0.891,0.895,-0.004,-0.4469,460706.0,40972.625,1.0
20211108,515750.SH,富国中证科技50策略ETF,1.584,1.587,1.573,1.585,1.593,-0.008,-0.5022,149334.0,23592.933,1.0
20211108,515760.SH,华夏中证浙江国资创新发展ETF,1.141,1.162,1.141,1.157,1.165,-0.008,-0.6867,758.0,87.771,1.0
20211108,515770.SH,摩根MSCI中国A股ETF,1.388,1.395,1.384,1.391,1.388,0.003,0.2161,72603.0,10083.666,0.999
20211108,515790.SH,光伏ETF,1.758,1.8,1.754,1.791,1.776,0.015,0.8446,3276624.07,583830.825,1.0
20211108,515800.SH,添富中证800ETF,1.297,1.301,1.292,1.297,1.297,0.0,0.0,202368.0,26232.89,1.0
20211108,515810.SH,易方达中证800ETF,1.426,1.426,1.42,1.426,1.425,0.001,0.0702,105350.0,14986.503,1.0
20211108,515850.SH,富国中证全指证券公司ETF,1.311,1.338,1.311,1.329,1.317,0.012,0.9112,116644.0,15429.373,1.0
20211108,515860.SH,嘉实新兴科技100ETF,1.419,1.419,1.386,1.395,1.419,-0.024,-1.6913,39624.0,5535.315,1.0
20211108,515880.SH,国泰中证全指通信设备ETF,1.038,1.041,1.032,1.038,1.039,-0.001,-0.0962,466350.48,48347.852,1.0
20211108,515890.SH,博时中证红利ETF,1.309,1.318,1.306,1.315,1.309,0.006,0.4584,9623.0,1265.502,1.0
20211108,515900.SH,博时央企创新ETF,1.257,1.257,1.249,1.255,1.256,-0.001,-0.0796,1050.0,131.584,1.0
20211108,515910.SH,质量ETF,0.833,0.839,0.829,0.832,0.841,-0.009,-1.0702,120286.0,10007.72,1.0
20211108,515920.SH,博时智能消费主题ETF,0.951,0.951,0.939,0.944,0.952,-0.008,-0.8403,63624.0,5996.114,1.0
20211108,515950.SH,富国中证医药50ETF,1.558,1.559,1.519,1.527,1.559,-0.032,-2.0526,95828.0,14636.52,1.001
20211108,515960.SH,嘉实医药健康100ETF,1.175,1.175,1.154,1.158,1.186,-0.028,-2.3609,27854.0,3224.516,1.0
20211108,515980.SH,华富中证人工智能产业ETF,1.155,1.162,1.143,1.15,1.162,-0.012,-1.0327,43699.0,5022.051,1.0
20211108,515990.SH,添富中证国企一带一路ETF,1.307,1.307,1.295,1.296,1.298,-0.002,-0.1541,1031.0,133.757,1.0
20211108,516000.SH,华夏中证大数据产业ETF,1.033,1.033,1.024,1.027,1.033,-0.006,-0.5808,5235.0,537.948,1.0
20211108,516010.SH,国泰中证动漫游戏ETF,1.017,1.037,1.001,1.021,1.013,0.008,0.7897,556655.0,56916.944,1.0
20211108,516020.SH,华宝化工ETF,1.042,1.05,1.035,1.048,1.04,0.008,0.7692,129471.0,13530.469,1.0
20211108,516050.SH,科技龙头ETF,0.882,0.884,0.869,0.876,0.885,-0.009,-1.0169,431663.0,37684.001,1.0
20211108,516060.SH,创新药产业ETF,0.854,0.854,0.825,0.831,0.854,-0.023,-2.6932,86437.0,7192.253,1.0
20211108,516070.SH,易方达中证内地低碳经济主题ETF,1.589,1.628,1.583,1.621,1.584,0.037,2.3359,416488.0,67147.952,1.0
20211108,516080.SH,易方达中证创新药产业ETF,0.882,0.887,0.854,0.858,0.882,-0.024,-2.7211,220146.0,18945.728,1.0
20211108,516090.SH,易方达中证新能源ETF,1.717,1.771,1.71,1.765,1.717,0.048,2.7956,221000.0,38763.976,1.0
20211108,516100.SH,华夏中证金融科技主题ETF,0.906,0.906,0.889,0.891,0.895,-0.004,-0.4469,6474.0,577.302,1.0
20211108,516110.SH,国泰中证800汽车与零部件ETF,1.373,1.385,1.36,1.368,1.371,-0.003,-0.2188,283367.0,38834.012,1.0
20211108,516120.SH,富国中证细分化工产业主题ETF,1.041,1.054,1.035,1.053,1.041,0.012,1.1527,126505.0,13226.712,1.0
20211108,516130.SH,华宝消费龙头ETF,1.01,1.012,1.003,1.006,1.012,-0.006,-0.5929,80915.0,8143.966,1.0
20211108,516150.SH,嘉实中证稀土产业ETF,1.414,1.46,1.406,1.458,1.414,0.044,3.1117,407694.0,58496.935,1.0
20211108,516160.SH,南方中证新能源ETF,1.432,1.482,1.43,1.478,1.436,0.042,2.9248,1421976.0,208513.125,1.0
20211108,516180.SH,平安中证光伏产业ETF,1.433,1.458,1.376,1.447,1.435,0.012,0.8362,110731.0,15986.251,1.0
20211108,516190.SH,华夏中证文娱传媒ETF,1.015,1.025,1.006,1.006,1.011,-0.005,-0.4946,31414.0,3195.854,1.0
20211108,516200.SH,华安中证全指证券公司ETF,1.055,1.075,1.055,1.068,1.059,0.009,0.8499,24910.0,2655.502,1.0
20211108,516210.SH,华安中证银行ETF,0.976,0.979,0.973,0.975,0.978,-0.003,-0.3067,89994.0,8780.495,1.0
20211108,516220.SH,国泰中证细分化工产业主题ETF,1.099,1.1,1.081,1.095,1.092,0.003,0.2747,230938.0,25240.555,1.0
20211108,516260.SH,华夏中证物联网主题ETF,0.971,0.971,0.956,0.968,0.971,-0.003,-0.309,25827.0,2494.769,1.0
20211108,516270.SH,华安中证内地新能源主题ETF,1.133,1.165,1.13,1.155,1.135,0.02,1.7621,95463.0,11021.876,1.0
20211108,516290.SH,汇添富中证光伏产业ETF,1.088,1.102,1.075,1.095,1.088,0.007,0.6434,117504.0,12838.62,1.0
20211108,516300.SH,中证1000,1.164,1.172,1.162,1.168,1.168,0.0,0.0,124817.0,14566.692,1.0
20211108,516310.SH,易方达中证银行ETF,0.901,0.902,0.896,0.899,0.902,-0.003,-0.3326,166998.0,15005.787,1.0
20211108,516320.SH,华夏中证装备产业ETF,1.232,1.254,1.231,1.246,1.231,0.015,1.2185,38348.0,4774.08,1.0
20211108,516330.SH,物联网,1.181,1.183,1.167,1.179,1.186,-0.007,-0.5902,23984.0,2813.407,1.0
20211108,516360.SH,华宝新材料ETF,1.37,1.427,1.37,1.42,1.394,0.026,1.8651,114913.0,16168.029,1.0
20211108,516380.SH,华宝智能电动汽车ETF,1.293,1.315,1.279,1.313,1.279,0.034,2.6583,69628.0,9087.395,1.0
20211108,516390.SH,汇添富中证新能源汽车产业ETF,1.366,1.423,1.366,1.419,1.366,0.053,3.8799,228290.0,32095.468,1.0
20211108,516480.SH,国联安新材料ETF,1.226,1.25,1.221,1.25,1.226,0.024,1.9576,32395.0,4025.559,1.0
20211108,516500.SH,华夏中证生物科技主题ETF,1.068,1.068,1.03,1.038,1.074,-0.036,-3.352,105613.0,10976.579,1.0
20211108,516510.SH,易方达中证云计算与大数据主题ETF,1.027,1.027,1.018,1.021,1.03,-0.009,-0.8738,53610.0,5466.804,1.0
20211108,516520.SH,智能驾驶,1.157,1.164,1.148,1.152,1.155,-0.003,-0.2597,40849.0,4711.183,1.0
20211108,516550.SH,嘉实中证大农业ETF,0.945,0.949,0.939,0.94,0.95,-0.01,-1.0526,62082.0,5851.43,1.0
20211108,516560.SH,华宝养老ETF,1.018,1.018,1.005,1.008,1.018,-0.01,-0.9823,38835.0,3915.452,1.0
20211108,516570.SH,易方达中证石化产业ETF,1.039,1.054,1.039,1.049,1.037,0.012,1.1572,89264.0,9330.02,1.0
20211108,516580.SH,博时新能源ETF,1.119,1.153,1.118,1.152,1.119,0.033,2.9491,79988.0,9130.017,1.0
20211108,516590.SH,易方达中证智能电动汽车ETF,1.569,1.592,1.545,1.584,1.545,0.039,2.5243,164776.0,25958.832,1.0
20211108,516600.SH,消费服务ETF,0.796,0.796,0.787,0.79,0.796,-0.006,-0.7538,6378.0,503.765,1.0
20211108,516610.SH,医服ETF,0.837,0.838,0.816,0.819,0.833,-0.014,-1.6807,176325.0,14443.533,1.0
20211108,516620.SH,国泰中证影视主题ETF,1.042,1.059,1.042,1.052,1.039,0.013,1.2512,225036.17,23645.332,1.0
20211108,516630.SH,华夏中证云计算与大数据主题ETF,1.011,1.011,1.002,1.003,1.011,-0.008,-0.7913,5323.0,534.701,1.0
20211108,516640.SH,富国中证芯片产业ETF,0.957,0.957,0.928,0.942,0.96,-0.018,-1.875,228648.0,21446.766,1.0
20211108,516650.SH,华夏中证细分有色金属产业主题ETF,1.194,1.244,1.194,1.242,1.191,0.051,4.2821,52906.0,6507.795,1.0
20211108,516660.SH,华安中证新能源汽车ETF,1.59,1.655,1.587,1.646,1.587,0.059,3.7177,479240.0,78169.725,1.0
20211108,516670.SH,招商中证畜牧养殖ETF,0.899,0.901,0.887,0.891,0.896,-0.005,-0.558,207055.0,18458.447,1.0
20211108,516700.SH,华宝大数据ETF,1.045,1.05,1.041,1.042,1.05,-0.008,-0.7619,18704.0,1951.672,1.0
20211108,516710.SH,华夏中证新材料主题ETF,1.012,1.032,1.012,1.031,1.013,0.018,1.7769,32114.0,3286.807,1.0
20211108,516720.SH,浦银安盛中证ESG120策略ETF,0.964,0.964,0.956,0.958,0.961,-0.003,-0.3122,200111.0,19174.99,1.0
20211108,516750.SH,富国中证全指建筑材料ETF,0.968,0.973,0.966,0.971,0.969,0.002,0.2064,58021.75,5632.196,1.0
20211108,516760.SH,平安中证畜牧养殖ETF,0.894,0.905,0.886,0.892,0.896,-0.004,-0.4464,46527.0,4150.478,1.0
20211108,516770.SH,游戏动漫,0.996,1.018,0.985,1.006,0.996,0.01,1.004,161105.0,16218.845,1.0
20211108,516780.SH,稀土ETF,1.32,1.365,1.313,1.362,1.32,0.042,3.1818,1259343.61,169410.869,1.0
20211108,516790.SH,保健ETF,0.941,0.941,0.918,0.919,0.941,-0.022,-2.3379,63811.0,5887.866,1.0
20211108,516800.SH,华宝中证智能制造主题ETF,1.244,1.244,1.219,1.233,1.244,-0.011,-0.8842,58191.0,7147.365,1.0
20211108,516820.SH,平安中证医疗创新ETF,0.77,0.773,0.745,0.75,0.769,-0.019,-2.4707,499045.0,37580.716,1.0
20211108,516830.SH,富国沪深300ESG基准ETF,0.94,0.942,0.935,0.939,0.939,0.0,0.0,90123.0,8456.594,1.0
20211108,516850.SH,华夏中证新能源ETF,1.705,1.755,1.7,1.749,1.705,0.044,2.5806,59341.0,10308.645,1.0
20211108,516860.SH,博时金融科技ETF,0.97,0.971,0.96,0.967,0.981,-0.014,-1.4271,53205.0,5138.883,1.0
20211108,516880.SH,光伏50,1.465,1.488,1.451,1.479,1.47,0.009,0.6122,265336.41,39052.849,1.0
20211108,516890.SH,平安中证新材料主题ETF,1.057,1.08,1.056,1.08,1.058,0.022,2.0794,65503.0,7031.616,1.0
20211108,516900.SH,华安中证申万食品饮料ETF,0.936,0.947,0.934,0.938,0.954,-0.016,-1.6771,119411.0,11200.182,1.0
20211108,516910.SH,富国中证现代物流ETF,1.03,1.041,1.029,1.041,1.03,0.011,1.068,144669.0,14984.328,1.0
20211108,516920.SH,汇添富中证芯片产业ETF,0.937,0.937,0.907,0.924,0.938,-0.014,-1.4925,138427.0,12698.687,1.0
20211108,516930.SH,生物科技ETF基金,0.876,0.876,0.845,0.85,0.879,-0.029,-3.2992,48697.0,4158.479,1.0
20211108,516950.SH,基建ETF,1.029,1.033,1.022,1.032,1.028,0.004,0.3891,171937.0,17705.145,1.0
20211108,516960.SH,国泰中证细分机械设备产业主题ETF,1.329,1.369,1.329,1.362,1.33,0.032,2.406,150179.0,20436.859,1.0
20211108,516970.SH,广发中证基建工程ETF,1.093,1.099,1.084,1.096,1.091,0.005,0.4583,395064.0,43232.137,1.0
20211108,516980.SH,华富中证证券公司先锋策略ETF,1.065,1.085,1.064,1.078,1.065,0.013,1.2207,7370.0,791.919,1.0
20211108,517000.SH,沪港深,0.873,0.875,0.869,0.872,0.874,-0.002,-0.2288,85273.0,7432.847,1.0
20211108,517010.SH,易方达中证沪港深500ETF,0.972,0.981,0.972,0.977,0.98,-0.003,-0.3061,14556.0,1420.289,1.0
20211108,517030.SH,易方达中证沪港深300ETF,1.008,1.018,1.008,1.012,1.015,-0.003,-0.2956,42648.0,4318.323,1.0
20211108,517050.SH,互联网50,0.783,0.787,0.774,0.777,0.783,-0.006,-0.7663,59811.0,4643.429,1.0
20211108,517080.SH,汇添富中证沪港深500ETF,0.879,0.879,0.874,0.874,0.879,-0.005,-0.5688,32209.0,2821.023,1.0
20211108,517100.SH,富国中证沪港深500ETF,0.865,0.88,0.854,0.879,0.88,-0.001,-0.1136,18839.0,1652.876,1.0
20211108,517110.SH,国泰中证沪港深创新药产业ETF,0.9,0.9,0.874,0.88,0.907,-0.027,-2.9768,280569.0,24746.821,1.0
20211108,517120.SH,创新药50,0.82,0.82,0.79,0.795,0.818,-0.023,-2.8117,82043.0,6542.401,1.0
20211108,517170.SH,华夏中证沪港深500ETF,0.921,0.924,0.921,0.923,0.927,-0.004,-0.4315,4993.0,459.873,1.0
20211108,517200.SH,嘉实中证沪港深互联网ETF,0.754,0.754,0.745,0.747,0.753,-0.006,-0.7968,25672.0,1920.33,1.0
20211108,517300.SH,国寿安保中证沪港深300ETF,0.85,0.85,0.845,0.849,0.851,-0.002,-0.235,38789.0,3285.315,1.0
20211108,517350.SH,广发中证沪港深科技龙头ETF,0.866,0.866,0.845,0.847,0.861,-0.014,-1.626,14105.0,1195.543,1.0
20211108,517360.SH,华安中证沪港深科技100ETF,0.913,0.913,0.906,0.908,0.913,-0.005,-0.5476,23098.0,2095.783,1.0
20211108,517380.SH,天弘恒生沪深港创新药精选50ETF,0.837,0.842,0.807,0.812,0.837,-0.025,-2.9869,131024.0,10657.972,1.0
20211108,517660.SH,物联网AH,0.994,0.994,0.986,0.991,0.999,-0.008,-0.8008,166498.0,16473.24,1.0
20211108,517800.SH,方正富邦沪港深人工智能50ETF,0.959,0.959,0.94,0.943,0.959,-0.016,-1.6684,2052.0,193.767,1.0
20211108,518600.SH,广发上海金ETF,3.685,3.708,3.642,3.662,3.661,0.001,0.0273,17397.08,6443.671,1.0
20211108,518660.SH,黄金ETF基金,3.72,3.81,3.699,3.699,3.665,0.034,0.9277,11304.0,4191.467,1.0
20211108,518680.SH,富国上海金ETF,3.701,3.703,3.693,3.693,3.657,0.036,0.9844,10886.0,4028.132,1.0
20211108,518800.SH,国泰黄金ETF,3.622,3.64,3.619,3.624,3.584,0.04,1.1161,491927.0,178511.918,1.0
20211108,518850.SH,华夏黄金ETF,3.699,3.713,3.699,3.703,3.667,0.036,0.9817,32986.48,12229.439,1.0
20211108,518860.SH,建信上海金ETF,3.649,3.7,3.649,3.696,3.64,0.056,1.5385,272.0,100.069,1.0
20211108,518880.SH,华安黄金易(ETF),3.673,3.673,3.656,3.66,3.624,0.036,0.9934,2526805.0,926583.351,1.0
20211108,518890.SH,中银黄金,3.739,3.741,3.728,3.729,3.691,0.038,1.0295,19866.69,7419.843,1.0
20211108,560000.SH,浦银安盛中证智能电动汽车ETF,1.173,1.189,1.155,1.185,1.159,0.026,2.2433,36194.0,4262.36,1.0
20211108,560050.SH,汇添富MSCI中国A50互联互通ETF,0.987,0.999,0.984,0.992,0.992,0.0,0.0,20687549.88,2050333.618,1.0
20211108,560500.SH,鹏扬中证500质量成长ETF,0.987,0.99,0.983,0.986,0.987,-0.001,-0.1013,27374.0,2704.523,1.0
20211108,560560.SH,碳中和TK,1.069,1.096,1.064,1.091,1.069,0.022,2.058,385125.0,41792.009,1.0
20211108,560660.SH,新华中证云计算50ETF,0.943,0.944,0.937,0.941,0.947,-0.006,-0.6336,6082.0,572.559,1.0
20211108,561130.SH,富国中证新华社民族品牌工程ETF,1.005,1.009,0.999,1.003,1.005,-0.002,-0.199,277014.0,27812.42,1.0
20211108,561350.SH,国泰中证500ETF,0.994,0.997,0.99,0.994,0.993,0.001,0.1007,562285.0,55930.085,1.0
20211108,561500.SH,漂亮50,0.859,0.859,0.846,0.85,0.858,-0.008,-0.9324,40923.0,3476.871,1.0
20211108,561600.SH,平安中证消费电子主题ETF,1.027,1.052,1.027,1.047,1.05,-0.003,-0.2857,64657.0,6747.338,1.0
20211108,561800.SH,华富中证稀有金属主题ETF,0.916,0.97,0.916,0.97,0.922,0.048,5.2061,190560.0,18191.445,1.0
20211108,561900.SH,招商沪深300ESG基准ETF,0.951,0.954,0.949,0.952,0.953,-0.001,-0.1049,15785.0,1500.348,1.0
20211108,561910.SH,招商中证电池主题ETF,1.068,1.109,1.062,1.104,1.061,0.043,4.0528,355443.0,38875.207,1.0
20211108,562360.SH,机器人YH,1.088,1.099,1.083,1.095,1.088,0.007,0.6434,95750.0,10475.023,1.0
20211108,562800.SH,嘉实中证稀有金属主题ETF,0.87,0.903,0.857,0.902,0.86,0.042,4.8837,495645.0,43727.483,1.0
20211108,562880.SH,嘉实中证电池主题ETF,1.137,1.186,1.137,1.18,1.137,0.043,3.7819,122832.0,14392.7,1.0
20211108,563000.SH,易方达MSCI中国A50互联互通ETF,0.987,0.999,0.985,0.992,0.993,-0.001,-0.1007,29102593.86,2888768.499,1.0
20211108,588000.SH,华夏上证科创板50成份ETF,1.449,1.455,1.435,1.454,1.453,0.001,0.0688,3184714.15,460734.617,1.0
20211108,588050.SH,科创ETF,1.427,1.435,1.414,1.434,1.432,0.002,0.1397,783449.24,111773.832,1.0
20211108,588060.SH,广发科创50ETF,0.909,0.911,0.898,0.911,0.909,0.002,0.22,67385.0,6111.76,1.0
20211108,588080.SH,易方达上证科创板50ETF,1.431,1.437,1.417,1.436,1.435,0.001,0.0697,923591.53,131944.721,1.0
20211108,588090.SH,科创板ETF,1.449,1.456,1.436,1.456,1.457,-0.001,-0.0686,411181.67,59556.405,1.0
20211108,588180.SH,国联安科创ETF,0.901,0.906,0.897,0.905,0.902,0.003,0.3326,132063.0,11900.204,1.0
20211108,588280.SH,华安上证科创板50ETF,1.017,1.02,1.003,1.018,1.018,0.0,0.0,326641.0,33097.0,1.0
20211108,588300.SH,招商中证科创创业50ETF,0.883,0.89,0.878,0.885,0.886,-0.001,-0.1129,938501.0,83013.084,1.0
20211108,588330.SH,华宝双创龙头ETF,0.875,0.88,0.868,0.875,0.875,0.0,0.0,588122.0,51406.651,1.0
20211108,588360.SH,国泰中证科创创业50ETF,0.906,0.909,0.898,0.905,0.906,-0.001,-0.1104,524907.0,47445.316,1.0
20211108,588380.SH,富国中证科创创业50ETF,0.889,0.896,0.886,0.893,0.893,0.0,0.0,444855.0,39684.089,1.0
20211108,588390.SH,博时中证科创创业50ETF,0.971,0.975,0.965,0.972,0.972,0.0,0.0,307586.0,29858.678,1.0
20211108,588400.SH,嘉实中证科创创业50ETF,0.887,0.891,0.88,0.886,0.889,-0.003,-0.3375,969439.0,85907.447,1.0
