日期,代码,名称,开盘价,最高价,最低价,收盘价,上日收盘,涨跌,涨幅%,成交量(手数),成交额(千元),复权因子
20210728,159001.SZ,易方达保证金货币A,99.999,100.001,99.999,100.001,99.998,0.003,0.003,64839.85,648396.886,1.0
20210728,159003.SZ,招商保证金快线A,99.992,99.993,99.902,99.99,99.993,-0.003,-0.003,1962.82,19624.722,1.0
20210728,159005.SZ,汇添富收益快钱货币A,99.999,100.001,99.999,99.999,100.0,-0.001,-0.001,334.58,3345.781,1.0
20210728,159703.SZ,天弘中证新材料主题ETF,1.175,1.219,1.154,1.2,1.196,0.004,0.3344,137567.16,16336.63,1.0
20210728,159708.SZ,红利ETF,0.875,0.879,0.858,0.876,0.875,0.001,0.1143,75021.79,6532.931,1.0
20210728,159709.SZ,物联网ETF工银,1.008,1.029,0.979,1.01,1.018,-0.008,-0.7859,116884.55,11716.21,1.0
20210728,159716.SZ,华宝深创100ETF,0.968,0.98,0.94,0.973,0.968,0.005,0.5165,131237.34,12622.996,1.0
20210728,159720.SZ,智能车TK,0.97,0.99,0.94,0.975,0.974,0.001,0.1027,235776.39,22883.706,1.0
20210728,159721.SZ,深创龙头ETF,0.962,0.981,0.941,0.974,0.967,0.007,0.7239,41666.02,4024.135,1.0
20210728,159725.SZ,线上消费ETF,0.862,0.862,0.841,0.847,0.859,-0.012,-1.397,19640.29,1665.704,1.0
20210728,159729.SZ,汇添富中证沪港深互联网ETF,0.857,0.883,0.852,0.87,0.857,0.013,1.5169,85555.69,7391.354,1.0
20210728,159735.SZ,港股消费,0.846,0.863,0.837,0.856,0.841,0.015,1.7836,167329.43,14218.163,1.0
20210728,159740.SZ,大成恒生科技ETF(QDII),0.82,0.82,0.783,0.802,0.799,0.003,0.3755,470257.19,37612.811,1.0
20210728,159741.SZ,嘉实恒生科技ETF(QDII),0.79,0.817,0.778,0.797,0.787,0.01,1.2706,469614.77,37183.71,1.0
20210728,159742.SZ,博时恒生科技ETF(QDII),0.81,0.828,0.79,0.809,0.8,0.009,1.125,849135.04,68084.566,1.0
20210728,159745.SZ,国泰中证全指建筑材料ETF,0.879,0.889,0.86,0.873,0.88,-0.007,-0.7955,324532.93,28283.99,1.0
20210728,159747.SZ,南方中证香港科技ETF(QDII),0.849,0.874,0.84,0.863,0.849,0.014,1.649,422785.57,36082.417,1.0
20210728,159752.SZ,申万菱信中证内地新能源主题ETF,0.93,0.976,0.93,0.97,0.95,0.02,2.1053,235116.48,22463.668,1.0
20210728,159755.SZ,广发国证新能源车电池ETF,1.171,1.226,1.139,1.185,1.187,-0.002,-0.1685,2190176.19,258657.203,1.0
20210728,159766.SZ,富国中证旅游主题ETF,0.91,0.91,0.876,0.878,0.91,-0.032,-3.5165,133996.24,11865.715,1.0
20210728,159780.SZ,南方中证科创创业50ETF,0.917,0.931,0.888,0.923,0.916,0.007,0.7642,4222732.08,385162.994,1.0
20210728,159781.SZ,易方达中证科创创业50ETF,0.91,0.922,0.881,0.916,0.909,0.007,0.7701,13314539.8,1207947.988,1.0
20210728,159782.SZ,双创50,0.907,0.918,0.875,0.911,0.911,0.0,0.0,595523.32,53625.112,1.0
20210728,159783.SZ,华夏中证科创创业50ETF,0.919,0.935,0.892,0.929,0.92,0.009,0.9783,10619315.89,975616.606,1.0
20210728,159801.SZ,广发国证半导体芯片ETF,1.647,1.716,1.583,1.662,1.687,-0.025,-1.4819,544962.11,89977.625,1.0
20210728,159804.SZ,国寿安保创精选88ETF,1.338,1.338,1.267,1.31,1.341,-0.031,-2.3117,25785.0,3365.168,1.0
20210728,159805.SZ,传媒ETF,0.915,0.918,0.9,0.907,0.917,-0.01,-1.0905,73955.06,6707.617,1.0
20210728,159806.SZ,国泰中证新能源汽车ETF,2.816,2.947,2.765,2.888,2.854,0.034,1.1913,299000.67,85666.722,1.0
20210728,159807.SZ,易方达中证科技50ETF,0.814,0.825,0.791,0.818,0.815,0.003,0.3681,611250.2,49540.593,1.999
20210728,159808.SZ,融通创业板ETF,1.21,1.24,1.188,1.236,1.219,0.017,1.3946,28413.28,3476.539,1.0
20210728,159810.SZ,浦银安盛创业板ETF,1.261,1.309,1.25,1.299,1.284,0.015,1.1682,45757.0,5840.939,1.0
20210728,159811.SZ,博时5G50ETF,1.162,1.192,1.128,1.17,1.187,-0.017,-1.4322,136115.11,15894.43,1.0
20210728,159812.SZ,前海开源黄金ETF,3.708,3.75,3.708,3.743,3.704,0.039,1.0529,2955.73,1106.255,1.0
20210728,159813.SZ,芯片,1.571,1.632,1.512,1.588,1.61,-0.022,-1.3665,321192.13,50795.726,1.0
20210728,159814.SZ,西部利得创业板大盘ETF,0.644,0.66,0.629,0.656,0.65,0.006,0.9231,383429.39,24902.663,2.06
20210728,159816.SZ,0-4地债,100.401,100.401,100.351,100.4,100.401,-0.001,-0.001,11.0,110.43,1.013
20210728,159819.SZ,易方达中证人工智能主题ETF,1.005,1.01,0.968,0.992,1.01,-0.018,-1.7822,636765.27,63099.788,1.0
20210728,159820.SZ,天弘中证500ETF,1.05,1.051,1.023,1.037,1.053,-0.016,-1.5195,572928.09,59470.255,1.0
20210728,159821.SZ,中银证券创业板ETF,1.195,1.24,1.175,1.24,1.195,0.045,3.7657,22553.0,2722.269,1.0
20210728,159822.SZ,新经济,0.828,0.849,0.821,0.832,0.83,0.002,0.241,259624.4,21573.492,1.0
20210728,159824.SZ,博时新能源汽车ETF,1.37,1.449,1.357,1.419,1.411,0.008,0.567,326105.93,45949.065,1.0
20210728,159825.SZ,富国中证农业主题ETF,0.871,0.872,0.841,0.85,0.871,-0.021,-2.411,1687380.84,143816.145,1.0
20210728,159827.SZ,农业50,0.899,0.9,0.871,0.882,0.9,-0.018,-2.0,80599.04,7115.574,1.0
20210728,159828.SZ,国泰中证医疗ETF,0.963,1.006,0.956,1.005,0.966,0.039,4.0373,808757.0,79841.972,1.0
20210728,159830.SZ,天弘上海金ETF,3.728,3.755,3.728,3.745,3.709,0.036,0.9706,34672.61,13004.605,1.0
20210728,159835.SZ,建信中证创新药产业ETF,1.066,1.093,1.055,1.091,1.074,0.017,1.5829,19165.02,2060.515,1.0
20210728,159836.SZ,天弘创业板300ETF,1.07,1.099,1.05,1.087,1.087,0.0,0.0,39750.29,4297.911,1.0
20210728,159837.SZ,易方达中证生物科技主题ETF,0.909,0.937,0.897,0.936,0.909,0.027,2.9703,1082342.05,99644.922,1.0
20210728,159839.SZ,汇添富国证生物医药ETF,0.93,0.953,0.916,0.952,0.932,0.02,2.1459,219667.04,20600.733,1.0
20210728,159841.SZ,天弘中证全指证券公司ETF,0.945,0.952,0.933,0.936,0.947,-0.011,-1.1616,958491.13,90176.102,1.0
20210728,159842.SZ,券商ETF,0.983,0.997,0.973,0.977,0.997,-0.02,-2.006,296211.3,29114.348,1.0
20210728,159843.SZ,招商国证食品饮料ETF,0.845,0.857,0.816,0.854,0.845,0.009,1.0651,244764.03,20539.488,1.0
20210728,159845.SZ,华夏中证1000ETF,0.727,0.74,0.703,0.722,0.741,-0.019,-2.5641,982490.25,71060.009,1.0
20210728,159847.SZ,易方达中证医疗ETF,0.867,0.902,0.859,0.9,0.867,0.033,3.8062,204295.07,17885.676,1.0
20210728,159848.SZ,国联安证券ETF,0.822,0.839,0.813,0.816,0.824,-0.008,-0.9709,59200.74,4861.339,1.0
20210728,159849.SZ,招商中证生物科技主题ETF,0.97,0.981,0.939,0.979,0.977,0.002,0.2047,94042.06,9082.949,1.0
20210728,159850.SZ,华夏恒生中国企业ETF(QDII),0.781,0.797,0.775,0.791,0.783,0.008,1.0217,740064.97,58245.848,1.0
20210728,159851.SZ,华宝中证金融科技主题ETF,1.126,1.13,1.081,1.094,1.136,-0.042,-3.6972,46690.18,5119.721,1.0
20210728,159852.SZ,嘉实中证软件服务ETF,1.055,1.059,1.025,1.035,1.06,-0.025,-2.3585,384960.0,40158.221,1.0
20210728,159855.SZ,影视ETF,0.884,0.904,0.86,0.872,0.884,-0.012,-1.3575,102338.12,8871.867,1.0
20210728,159856.SZ,互联网龙头ETF,0.758,0.758,0.727,0.737,0.753,-0.016,-2.1248,151414.4,11125.767,1.0
20210728,159857.SZ,天弘中证光伏产业ETF,1.162,1.209,1.132,1.188,1.195,-0.007,-0.5858,955071.45,112387.594,1.0
20210728,159858.SZ,南方中证创新药产业ETF,1.05,1.075,1.034,1.073,1.05,0.023,2.1905,149476.05,15760.903,1.0
20210728,159859.SZ,天弘国证生物医药ETF,0.955,0.982,0.94,0.982,0.955,0.027,2.8272,188048.15,18184.721,1.0
20210728,159861.SZ,国泰中证环保产业50ETF,1.32,1.388,1.313,1.37,1.367,0.003,0.2195,230496.06,31338.055,1.0
20210728,159863.SZ,光伏产业,1.37,1.386,1.307,1.363,1.381,-0.018,-1.3034,168947.08,22802.808,1.0
20210728,159865.SZ,国泰中证畜牧养殖ETF,0.729,0.729,0.705,0.711,0.73,-0.019,-2.6027,589759.04,41949.143,1.0
20210728,159866.SZ,日经ETF,0.928,0.929,0.923,0.924,0.929,-0.005,-0.5382,766.0,70.96,1.0
20210728,159867.SZ,畜牧ETF,0.721,0.722,0.694,0.699,0.72,-0.021,-2.9167,305871.23,21438.295,1.0
20210728,159869.SZ,华夏中证动漫游戏ETF,0.85,0.857,0.826,0.832,0.85,-0.018,-2.1176,239822.9,20054.921,1.0
20210728,159870.SZ,化工ETF,1.013,1.032,0.998,1.016,1.034,-0.018,-1.7408,572511.94,58045.735,1.0
20210728,159871.SZ,有色金属,1.287,1.323,1.239,1.283,1.325,-0.042,-3.1698,74395.83,9544.039,1.0
20210728,159872.SZ,车联网,0.963,0.963,0.924,0.942,0.963,-0.021,-2.1807,74615.15,7033.856,1.0
20210728,159873.SZ,天弘中证全指医疗保健设备与服务ETF,1.063,1.089,1.041,1.089,1.056,0.033,3.125,150810.0,16175.907,1.0
20210728,159876.SZ,华宝中证有色金属ETF,1.3,1.363,1.287,1.32,1.362,-0.042,-3.0837,57626.0,7630.883,1.0
20210728,159880.SZ,有色50,1.315,1.319,1.247,1.283,1.315,-0.032,-2.4335,94669.13,12120.523,1.0
20210728,159881.SZ,国泰中证有色金属ETF,1.182,1.226,1.158,1.19,1.225,-0.035,-2.8571,243771.1,29010.578,1.0
20210728,159883.SZ,医疗器械ETF,0.895,0.924,0.885,0.922,0.895,0.027,3.0168,377295.01,34382.942,1.0
20210728,159885.SZ,低碳ETF,1.378,1.418,1.345,1.406,1.388,0.018,1.2968,373445.63,51698.788,1.0
20210728,159886.SZ,富国中证细分机械设备产业主题ETF,1.21,1.245,1.185,1.23,1.219,0.011,0.9024,281853.02,34375.677,1.0
20210728,159887.SZ,富国中证800银行ETF,0.896,0.908,0.893,0.904,0.895,0.009,1.0056,149460.15,13476.122,1.0
20210728,159888.SZ,华夏中证智能汽车主题ETF,1.121,1.126,1.081,1.104,1.121,-0.017,-1.5165,136678.68,15121.395,1.0
20210728,159890.SZ,招商中证云计算ETF,1.087,1.087,1.051,1.066,1.087,-0.021,-1.9319,92026.02,9817.212,1.0
20210728,159891.SZ,建信中证全指医疗保健设备与服务ETF,0.86,0.884,0.842,0.881,0.863,0.018,2.0857,39596.71,3429.618,1.0
20210728,159898.SZ,招商中证全指医疗器械ETF,0.866,0.891,0.86,0.89,0.867,0.023,2.6528,35552.15,3113.022,1.0
20210728,159899.SZ,招商中证全指软件ETF,0.95,0.958,0.916,0.925,0.95,-0.025,-2.6316,36953.01,3436.759,1.0
20210728,159901.SZ,易方达深证100ETF,3.741,3.789,3.655,3.768,3.747,0.021,0.5604,467836.4,174488.937,2.061
20210728,159902.SZ,华夏中小企业100ETF,4.55,4.621,4.452,4.575,4.592,-0.017,-0.3702,35805.5,16278.908,1.048
20210728,159903.SZ,南方深证成份ETF,1.635,1.651,1.601,1.635,1.638,-0.003,-0.1832,37782.38,6161.33,1.0
20210728,159905.SZ,深红利ETF,2.285,2.303,2.246,2.297,2.285,0.012,0.5252,188235.0,42783.167,1.0
20210728,159906.SZ,大成深证成长40ETF,1.481,1.507,1.45,1.505,1.482,0.023,1.552,35379.0,5239.756,1.0
20210728,159907.SZ,广发国证2000ETF,1.814,1.842,1.799,1.836,1.858,-0.022,-1.1841,388.0,70.629,1.0
20210728,159908.SZ,博时创业板ETF,2.896,2.94,2.817,2.92,2.918,0.002,0.0685,9408.0,2711.704,1.0
20210728,159909.SZ,深证TMT50ETF,0.785,0.785,0.74,0.763,0.785,-0.022,-2.8025,11318.8,860.413,9.792
20210728,159910.SZ,嘉实深证基本面120ETF,2.384,2.384,2.295,2.311,2.369,-0.058,-2.4483,977.0,229.629,1.0
20210728,159912.SZ,汇添富深证300ETF,1.917,1.957,1.889,1.933,1.976,-0.043,-2.1761,2070.0,399.329,1.0
20210728,159913.SZ,交银深证300价值ETF,2.317,2.317,2.255,2.277,2.286,-0.009,-0.3937,14.0,3.196,1.0
20210728,159915.SZ,易方达创业板ETF,3.11,3.201,3.063,3.183,3.14,0.043,1.3694,3368791.33,1061721.413,1.0
20210728,159916.SZ,建信深证基本面60ETF,5.271,5.41,5.2,5.225,5.29,-0.065,-1.2287,259.0,135.522,1.0
20210728,159918.SZ,嘉实中创400ETF,2.06,2.149,2.001,2.098,2.115,-0.017,-0.8038,612.12,125.192,1.0
20210728,159919.SZ,嘉实沪深300ETF,4.807,4.837,4.73,4.804,4.807,-0.003,-0.0624,2779173.39,1328079.506,0.439
20210728,159920.SZ,华夏恒生ETF,1.339,1.345,1.312,1.332,1.325,0.007,0.5283,13415507.37,1780186.939,1.052
20210728,159922.SZ,嘉实中证500ETF,7.538,7.538,7.313,7.402,7.538,-0.136,-1.8042,328196.0,243065.888,1.0
20210728,159923.SZ,大成中证A100ETF,2.102,2.165,2.011,2.136,2.102,0.034,1.6175,1368.0,289.064,1.0
20210728,159925.SZ,南方沪深300ETF,2.277,2.283,2.233,2.273,2.277,-0.004,-0.1757,73285.95,16537.077,1.0
20210728,159928.SZ,汇添富中证主要消费ETF,1.058,1.075,1.03,1.065,1.066,-0.001,-0.0938,1335633.88,140753.394,4.0
20210728,159929.SZ,汇添富中证医药卫生ETF,2.261,2.338,2.25,2.329,2.283,0.046,2.0149,150455.0,34566.569,1.0
20210728,159930.SZ,汇添富中证能源ETF,0.76,0.764,0.743,0.753,0.76,-0.007,-0.9211,93864.0,7081.372,1.0
20210728,159931.SZ,汇添富中证金融地产ETF,1.583,1.595,1.57,1.58,1.581,-0.001,-0.0633,8061.0,1272.819,1.0
20210728,159933.SZ,国投瑞银金融地产ETF,2.281,2.34,2.281,2.295,2.326,-0.031,-1.3328,237.0,54.714,1.0
20210728,159934.SZ,易方达黄金ETF,3.664,3.675,3.661,3.667,3.63,0.037,1.0193,2980287.7,1093468.395,1.0
20210728,159935.SZ,景顺长城中证500ETF,2.0,2.106,2.0,2.031,2.111,-0.08,-3.7897,1063.0,216.358,1.0
20210728,159936.SZ,广发中证全指可选消费ETF,1.867,1.867,1.834,1.862,1.868,-0.006,-0.3212,1265.0,234.219,1.0
20210728,159937.SZ,博时黄金ETF,3.674,3.706,3.674,3.695,3.66,0.035,0.9563,1100362.0,406985.286,1.0
20210728,159938.SZ,广发中证全指医药卫生ETF,2.016,2.067,1.989,2.066,2.021,0.045,2.2266,118332.02,24096.753,1.0
20210728,159939.SZ,广发中证全指信息技术ETF,1.48,1.487,1.415,1.454,1.492,-0.038,-2.5469,194767.0,28252.803,1.0
20210728,159940.SZ,广发中证全指金融地产ETF,0.994,0.998,0.984,0.987,0.989,-0.002,-0.2022,70104.36,6918.588,1.0
20210728,159941.SZ,广发纳指100ETF,3.003,3.02,3.001,3.013,3.042,-0.029,-0.9533,92364.0,27801.709,1.0
20210728,159943.SZ,深证ETF,16.456,16.799,16.1,16.559,16.543,0.016,0.0967,565.55,926.485,1.0
20210728,159944.SZ,广发中证全指原材料ETF,1.247,1.247,1.164,1.196,1.253,-0.057,-4.5491,8897.71,1073.506,1.0
20210728,159945.SZ,广发中证全指能源ETF,0.704,0.709,0.671,0.696,0.709,-0.013,-1.8336,15950.01,1107.541,1.0
20210728,159948.SZ,南方创业板ETF,3.46,3.516,3.357,3.486,3.469,0.017,0.4901,115629.0,39683.447,1.0
20210728,159949.SZ,华安创业板50ETF,1.415,1.465,1.393,1.453,1.43,0.023,1.6084,15720277.51,2262522.316,1.0
20210728,159952.SZ,广发创业板ETF,1.88,1.928,1.841,1.915,1.89,0.025,1.3228,459861.0,87101.882,1.0
20210728,159954.SZ,南方恒生中国企业ETF,0.84,0.855,0.826,0.842,0.835,0.007,0.8383,562233.0,47212.416,1.0
20210728,159956.SZ,建信创业板ETF,1.919,1.947,1.87,1.946,1.941,0.005,0.2576,2267.66,436.473,1.0
20210728,159957.SZ,华夏创业板ETF,2.025,2.063,1.976,2.047,2.025,0.022,1.0864,15409.0,3139.052,1.0
20210728,159958.SZ,创业板ETF工银,1.874,1.919,1.83,1.907,1.926,-0.019,-0.9865,51206.0,9651.468,1.0
20210728,159959.SZ,央企ETF,1.254,1.262,1.23,1.248,1.264,-0.016,-1.2658,667.0,82.891,1.0
20210728,159960.SZ,平安恒生中国企业ETF,0.895,0.914,0.884,0.907,0.899,0.008,0.8899,209730.0,18862.891,1.0
20210728,159961.SZ,方正富邦深证100ETF,2.185,2.219,2.158,2.209,2.202,0.007,0.3179,1040.0,227.317,1.0
20210728,159964.SZ,平安创业板ETF,1.982,2.095,1.965,2.022,2.03,-0.008,-0.3941,935.0,185.901,1.0
20210728,159965.SZ,国联央视50ETF,1.404,1.411,1.372,1.409,1.403,0.006,0.4277,3211.01,447.249,1.0
20210728,159966.SZ,华夏创业板低波价值ETF,0.654,0.663,0.637,0.662,0.659,0.003,0.4552,433228.89,28294.453,3.076
20210728,159967.SZ,华夏创成长ETF,0.766,0.792,0.748,0.786,0.775,0.011,1.4194,4550089.92,352345.944,3.638
20210728,159968.SZ,博时中证500ETF,7.439,7.477,7.283,7.371,7.48,-0.109,-1.4572,114193.53,84317.046,1.0
20210728,159969.SZ,深100P,1.614,1.626,1.578,1.621,1.614,0.007,0.4337,24231.96,3876.219,1.0
20210728,159970.SZ,深100ETF工银,6.52,6.657,6.201,6.413,6.727,-0.314,-4.6678,4614.0,2951.478,1.0
20210728,159971.SZ,富国创业板ETF,2.191,2.232,2.139,2.216,2.193,0.023,1.0488,12783.0,2769.463,1.0
20210728,159973.SZ,弘毅远方国证民企领先100ETF,1.785,1.847,1.785,1.839,1.84,-0.001,-0.0543,268.0,49.087,1.0
20210728,159974.SZ,富国中证央企创新驱动ETF,1.182,1.19,1.165,1.181,1.201,-0.02,-1.6653,14467.0,1713.621,1.0
20210728,159975.SZ,招商深证100ETF,0.722,0.731,0.706,0.727,0.723,0.004,0.5533,97018.0,6985.273,10.0
20210728,159976.SZ,湾创ETF,1.221,1.221,1.179,1.209,1.22,-0.011,-0.9016,19311.03,2312.942,1.0
20210728,159977.SZ,天弘创业板ETF,3.26,3.338,3.198,3.315,3.334,-0.019,-0.5699,104162.77,34113.289,1.0
20210728,159980.SZ,大成有色金属期货ETF,1.416,1.422,1.408,1.411,1.414,-0.003,-0.2122,233903.0,33101.111,1.0
20210728,159981.SZ,建信能源化工期货ETF,1.368,1.38,1.363,1.374,1.358,0.016,1.1782,36997.06,5086.103,1.0
20210728,159982.SZ,中证500,1.517,1.517,1.475,1.494,1.518,-0.024,-1.581,242789.0,36282.18,1.0
20210728,159985.SZ,华夏饲料豆粕期货ETF,1.276,1.281,1.273,1.274,1.269,0.005,0.394,76591.0,9782.66,1.0
20210728,159991.SZ,招商创业板大盘ETF,0.67,0.691,0.658,0.686,0.674,0.012,1.7804,225731.71,15327.243,2.84
20210728,159992.SZ,创新药,1.368,1.399,1.348,1.399,1.368,0.031,2.2661,1328600.51,183584.231,1.0
20210728,159993.SZ,龙头券商,1.1,1.108,1.084,1.088,1.096,-0.008,-0.7299,492560.0,53836.147,1.0
20210728,159994.SZ,5GETF,0.974,0.979,0.927,0.961,0.974,-0.013,-1.3347,1032378.13,98789.662,1.0
20210728,159995.SZ,华夏国证半导体芯片ETF,1.666,1.734,1.593,1.676,1.695,-0.019,-1.1209,8013304.67,1339803.617,1.0
20210728,159996.SZ,国泰中证全指家用电器ETF,1.241,1.247,1.223,1.247,1.245,0.002,0.1606,1130749.15,140281.439,1.0
20210728,159997.SZ,天弘中证电子ETF,1.386,1.389,1.312,1.365,1.386,-0.021,-1.5152,508179.34,69215.649,1.0
20210728,159998.SZ,天弘中证计算机主题ETF,1.102,1.102,1.063,1.076,1.104,-0.028,-2.5362,47896.2,5189.214,1.0
20210728,510010.SH,交银上证180公司治理ETF,1.4,1.422,1.4,1.422,1.404,0.018,1.2821,17.0,2.406,1.0
20210728,510020.SH,博时上证超大盘ETF,3.326,3.451,3.3,3.451,3.458,-0.007,-0.2024,278.0,93.777,0.101
20210728,510030.SH,上证180价值ETF,0.769,0.769,0.751,0.757,0.759,-0.002,-0.2635,24623.0,1860.666,8.039
20210728,510050.SH,华夏上证50ETF,3.152,3.2,3.126,3.183,3.156,0.027,0.8555,13753784.02,4360822.657,1.324
20210728,510060.SH,工银上证央企ETF,2.027,2.027,1.902,2.018,2.028,-0.01,-0.4931,580.15,114.843,1.0
20210728,510090.SH,建信上证社会责任ETF,2.422,2.422,2.28,2.372,2.43,-0.058,-2.3868,365.0,85.694,1.0
20210728,510100.SH,易方达上证50ETF,1.25,1.268,1.241,1.259,1.256,0.003,0.2389,222020.0,27869.99,1.0
20210728,510130.SH,易方达上证中盘ETF,5.982,5.982,5.768,5.77,5.985,-0.215,-3.5923,2045.0,1192.414,1.0
20210728,510150.SH,招商上证消费80ETF,0.749,0.763,0.735,0.763,0.759,0.004,0.527,291027.0,21827.859,12.067
20210728,510160.SH,南方小康ETF,0.679,0.68,0.661,0.668,0.675,-0.007,-1.037,1472.0,98.141,1.0
20210728,510170.SH,国联安上证商品ETF,3.134,3.22,3.072,3.131,3.221,-0.09,-2.7942,20834.09,6522.342,1.0
20210728,510180.SH,华安上证180ETF,3.917,3.952,3.874,3.934,3.937,-0.003,-0.0762,147025.0,57614.534,3.069
20210728,510190.SH,华安上证50ETF,3.894,3.894,3.834,3.879,3.894,-0.015,-0.3852,890.0,344.403,1.0
20210728,510200.SH,上证券商,1.146,1.149,1.123,1.126,1.135,-0.009,-0.793,77774.0,8828.311,1.0
20210728,510210.SH,上证综指ETF,0.939,0.944,0.919,0.932,0.94,-0.008,-0.8511,543739.0,50400.074,5.024
20210728,510230.SH,国泰上证180金融ETF,1.021,1.034,1.019,1.02,1.02,0.0,0.0,399414.84,40978.361,6.006
20210728,510270.SH,国企ETF,1.318,1.318,1.224,1.297,1.33,-0.033,-2.4812,604.13,76.004,1.0
20210728,510290.SH,南方上证380ETF,2.064,2.064,2.019,2.038,2.064,-0.026,-1.2597,294.0,59.921,1.0
20210728,510300.SH,华泰柏瑞沪深300ETF,4.803,4.843,4.735,4.819,4.809,0.01,0.2079,9133473.42,4378815.46,1.146
20210728,510310.SH,易方达沪深300ETF发起式,2.194,2.21,2.16,2.198,2.197,0.001,0.0455,924117.0,201581.706,1.0
20210728,510330.SH,华夏沪深300ETF,4.808,4.842,4.735,4.814,4.808,0.006,0.1248,2202566.0,1052749.136,1.178
20210728,510350.SH,工银沪深300ETF,4.863,4.875,4.776,4.865,4.863,0.002,0.0411,81164.81,39123.945,1.0
20210728,510360.SH,广发沪深300ETF,1.642,1.65,1.614,1.645,1.642,0.003,0.1827,147444.0,24124.502,1.0
20210728,510370.SH,300指数ETF,0.999,1.027,0.998,1.019,1.019,0.0,0.0,1482.0,148.828,1.0
20210728,510380.SH,国寿安保沪深300ETF,1.265,1.268,1.249,1.268,1.271,-0.003,-0.236,78.0,9.84,1.0
20210728,510390.SH,平安沪深300ETF,5.102,5.102,4.922,5.001,5.003,-0.002,-0.04,133666.0,66301.525,1.053
20210728,510410.SH,博时上证自然资源ETF,0.973,1.033,0.954,0.967,1.001,-0.034,-3.3966,244688.0,23904.926,1.0
20210728,510500.SH,南方中证500ETF,7.503,7.541,7.353,7.45,7.564,-0.114,-1.5071,4919589.65,3661114.385,0.28
20210728,510510.SH,广发中证500ETF,2.003,2.004,1.954,1.978,2.011,-0.033,-1.641,485856.0,95954.804,1.0
20210728,510530.SH,工银中证500ETF,6.804,6.804,6.685,6.742,6.837,-0.095,-1.3895,13102.52,8851.85,1.0
20210728,510550.SH,方正富邦中证500ETF,1.68,1.688,1.607,1.688,1.688,0.0,0.0,2166.0,353.038,1.0
20210728,510560.SH,国寿安保中证500ETF,1.474,1.474,1.444,1.458,1.483,-0.025,-1.6858,596.0,86.96,1.0
20210728,510570.SH,兴业中证500ETF,0.994,1.022,0.981,0.988,1.001,-0.013,-1.2987,2206.69,218.11,1.0
20210728,510580.SH,易方达中证500ETF,0.767,0.77,0.75,0.761,0.771,-0.01,-1.297,1106016.0,84022.306,10.004
20210728,510590.SH,平安中证500ETF,7.442,7.442,7.156,7.295,7.47,-0.175,-2.3427,6065.12,4419.491,1.0
20210728,510600.SH,申万菱信上证50交易型开放式指数发起式,3.656,3.703,3.581,3.695,3.661,0.034,0.9287,14866.0,5457.432,1.0
20210728,510630.SH,华夏消费ETF,1.255,1.295,1.24,1.291,1.278,0.013,1.0172,146108.0,18579.403,3.949
20210728,510650.SH,华夏金融ETF,1.984,2.022,1.984,2.008,1.984,0.024,1.2097,69798.0,14025.37,1.0
20210728,510660.SH,华夏医药ETF,3.411,3.481,3.33,3.48,3.389,0.091,2.6852,19305.0,6625.328,1.0
20210728,510680.SH,万家上证50ETF,3.027,3.103,2.943,3.009,3.03,-0.021,-0.6931,10855.0,3246.445,1.0
20210728,510710.SH,博时上证50ETF,3.848,3.893,3.8,3.869,3.837,0.032,0.834,161290.0,61968.866,1.0
20210728,510760.SH,国泰上证综合ETF,0.991,0.991,0.973,0.987,0.995,-0.008,-0.804,449173.0,44104.418,1.0
20210728,510800.SH,建信上证50ETF,1.303,1.319,1.292,1.313,1.304,0.009,0.6902,433272.0,56677.148,1.0
20210728,510810.SH,中证上海国企ETF,0.821,0.821,0.805,0.811,0.823,-0.012,-1.4581,123250.0,9977.838,1.014
20210728,510850.SH,工银上证50ETF,3.243,3.275,3.203,3.257,3.243,0.014,0.4317,227014.0,73406.048,1.0
20210728,510880.SH,华泰柏瑞上证红利ETF,2.774,2.791,2.714,2.747,2.773,-0.026,-0.9376,1604311.0,440520.823,1.461
20210728,510900.SH,易方达恒生国企(QDII-ETF),0.99,0.997,0.879,0.99,0.977,0.013,1.3306,20372335.0,2002963.222,1.045
20210728,510990.SH,180ESGETF,0.934,0.946,0.925,0.941,0.932,0.009,0.9657,10672.0,1000.948,1.0
20210728,511010.SH,国泰上证5年期国债ETF,124.905,124.983,124.41,124.721,124.856,-0.135,-0.1081,10659.0,132945.988,1.012
20210728,511020.SH,平安5-10年期国债活跃券ETF,107.1,107.1,107.1,107.1,107.3,-0.2,-0.1864,1.0,10.71,1.01
20210728,511030.SH,平安中高等级公司债利差因子ETF,10.515,10.558,10.512,10.531,10.51,0.021,0.1998,697.0,733.419,10.312
20210728,511060.SH,海富通上证5年期地方政府债ETF,102.151,102.598,102.055,102.1,102.101,-0.001,-0.001,301.0,3077.553,1.039
20210728,511180.SH,海富通上证投资级可转债ETF,10.365,10.47,10.308,10.318,10.365,-0.047,-0.4534,59852.0,61884.943,1.0
20210728,511220.SH,海富通上证城投债ETF,96.742,96.831,96.742,96.8,96.782,0.018,0.0186,242.0,2342.648,1.378
20210728,511260.SH,上证10年期国债ETF,114.368,114.59,114.15,114.461,114.417,0.044,0.0385,10729.0,122753.971,1.0
20210728,511270.SH,海富通上证10年期地方政府债ETF,106.635,106.635,106.539,106.557,106.585,-0.028,-0.0263,53.0,565.053,1.083
20210728,511360.SH,海富通中证短融ETF,102.795,102.797,102.775,102.793,102.794,-0.001,-0.001,4657.0,47868.863,1.0
20210728,511380.SH,博时可转债ETF,10.63,10.78,10.563,10.568,10.635,-0.067,-0.63,82439.0,87605.658,1.0
20210728,511600.SH,华安日日鑫货币H,99.981,99.988,99.909,99.988,99.988,0.0,0.0,205.28,2052.27,1.0
20210728,511620.SH,国泰瞬利货币A,99.957,100.022,99.957,99.98,99.998,-0.018,-0.018,11.13,111.275,1.0
20210728,511650.SH,华夏快线货币E,99.998,99.999,99.996,99.996,99.998,-0.002,-0.002,268.09,2680.83,1.0
20210728,511660.SH,建信现金添益货币H,99.986,99.99,99.944,99.988,99.991,-0.003,-0.003,329809.55,3297290.223,1.0
20210728,511670.SH,华泰紫金天天金货币ETFA,99.982,99.989,99.961,99.983,99.989,-0.006,-0.006,66.05,660.365,1.0
20210728,511690.SH,大成添益交易型货币,100.002,100.025,99.992,100.007,100.003,0.004,0.004,4222.1,42221.035,1.0
20210728,511700.SH,平安货币ETF,99.998,99.999,99.9,99.998,99.995,0.003,0.003,983.44,9832.936,1.0
20210728,511770.SH,金鹰现金增益E,99.91,99.999,99.91,99.999,99.988,0.011,0.011,8.0,79.956,1.0
20210728,511800.SH,易方达货币E,99.997,100.015,99.982,100.004,99.997,0.007,0.007,5032.75,50325.814,1.0
20210728,511810.SH,南方理财金货币ETF,99.994,100.005,99.96,99.995,99.995,0.0,0.0,19104.26,191006.999,1.0
20210728,511820.SH,鹏华添利交易型货币B,99.98,99.995,99.94,99.964,99.99,-0.026,-0.026,6.01,60.085,1.0
20210728,511830.SH,华泰货币,99.998,99.999,99.938,99.99,99.996,-0.006,-0.006,913.22,9129.488,1.0
20210728,511850.SH,招商财富宝货币ETFE,99.988,100.002,99.969,100.002,99.993,0.009,0.009,2049.7,20494.129,1.0
20210728,511860.SH,博时保证金货币ETF,99.982,100.0,99.982,100.0,99.997,0.003,0.003,91.0,909.98,1.0
20210728,511900.SH,富国收益宝交易型货币H,99.991,100.023,99.923,99.985,99.999,-0.014,-0.014,783.06,7828.608,1.0
20210728,511910.SH,融通易支付货币E,99.953,99.973,99.953,99.973,100.008,-0.035,-0.035,2.0,19.993,1.0
20210728,511920.SH,广发货币E,99.996,99.996,99.96,99.983,99.995,-0.012,-0.012,92.22,922.01,1.0
20210728,511960.SH,嘉实快线货币H,99.953,100.011,99.953,100.011,99.983,0.028,0.028,14.65,146.454,1.0
20210728,511970.SH,国寿安保货币E,99.98,99.98,99.98,99.98,99.981,-0.001,-0.001,4.0,39.992,1.0
20210728,511980.SH,汇添富添富通货币E,99.988,99.99,99.98,99.99,99.992,-0.002,-0.002,9.0,89.987,1.0
20210728,512000.SH,华宝中证全指证券公司ETF,1.001,1.009,0.99,0.993,1.002,-0.009,-0.8982,10209927.32,1017819.464,1.0
20210728,512010.SH,易方达沪深300医药ETF,0.707,0.733,0.698,0.732,0.711,0.021,2.9536,3601678.1,258668.546,3.905
20210728,512040.SH,富国中证价值ETF,1.573,1.573,1.538,1.558,1.573,-0.015,-0.9536,10117.0,1572.548,1.0
20210728,512070.SH,易方达沪深300非银ETF,2.053,2.081,2.042,2.049,2.054,-0.005,-0.2434,1249499.36,256711.936,1.0
20210728,512090.SH,易方达MSCI中国A股国际通ETF,1.68,1.695,1.651,1.686,1.68,0.006,0.3571,151960.0,25462.203,1.0
20210728,512100.SH,南方中证1000ETF,1.024,1.024,0.978,1.005,1.025,-0.02,-1.9512,2138274.0,214828.848,1.0
20210728,512120.SH,华安中证细分医药ETF,2.211,2.25,2.163,2.249,2.214,0.035,1.5808,17624.0,3901.711,1.0
20210728,512150.SH,A50ETF,1.677,1.708,1.663,1.696,1.674,0.022,1.3142,133988.0,22638.477,1.0
20210728,512160.SH,南方MSCI中国A股国际通ETF,1.631,1.648,1.605,1.635,1.636,-0.001,-0.0611,294440.0,48084.232,1.0
20210728,512170.SH,华宝中证医疗ETF,0.78,0.817,0.774,0.816,0.786,0.03,3.8168,4648467.0,371298.741,3.119
20210728,512180.SH,建信MSCI中国A股国际通ETF,1.544,1.553,1.52,1.547,1.544,0.003,0.1943,7905.0,1221.86,1.0
20210728,512190.SH,浙商之江凤凰ETF,1.533,1.619,1.533,1.619,1.617,0.002,0.1237,419.0,66.612,1.0
20210728,512200.SH,南方中证全指房地产ETF,0.712,0.715,0.702,0.707,0.713,-0.006,-0.8415,1114320.0,78943.593,1.0
20210728,512220.SH,景顺长城中证科技传媒通信150ETF,1.834,1.84,1.762,1.809,1.84,-0.031,-1.6848,85360.0,15473.407,1.0
20210728,512260.SH,华安中证500低波ETF,1.494,1.494,1.442,1.452,1.469,-0.017,-1.1572,33885.0,4929.414,1.0
20210728,512280.SH,景顺长城MSCI中国A股国际通ETF,1.625,1.638,1.597,1.63,1.625,0.005,0.3077,64537.0,10504.034,1.0
20210728,512290.SH,国泰中证生物医药ETF,1.799,1.849,1.781,1.848,1.805,0.043,2.3823,783140.0,142659.037,1.0
20210728,512330.SH,南方中证500信息技术ETF,1.161,1.161,1.108,1.137,1.163,-0.026,-2.2356,55949.0,6329.783,1.0
20210728,512360.SH,平安MSCI中国A股国际ETF,1.688,1.72,1.647,1.718,1.72,-0.002,-0.1163,155.0,26.026,1.0
20210728,512380.SH,MSCI中国,1.464,1.479,1.447,1.473,1.47,0.003,0.2041,162624.5,23834.817,1.0
20210728,512390.SH,平安MSCI中国A股低波动ETF,1.395,1.4,1.377,1.395,1.383,0.012,0.8677,111.0,15.442,1.0
20210728,512400.SH,南方中证申万有色金属ETF,1.348,1.384,1.308,1.341,1.376,-0.035,-2.5436,3129850.42,421834.757,1.0
20210728,512480.SH,国联安中证全指半导体ETF,1.42,1.464,1.35,1.413,1.46,-0.047,-3.2192,7542051.36,1063270.916,1.964
20210728,512500.SH,华夏中证500ETF,3.517,3.517,3.428,3.472,3.524,-0.052,-1.4756,1476426.0,512165.816,1.0
20210728,512510.SH,华泰柏瑞中证500ETF,1.685,1.685,1.635,1.662,1.688,-0.026,-1.5403,77441.0,12820.172,1.02
20210728,512520.SH,MSCIETF,1.631,1.666,1.624,1.664,1.654,0.01,0.6046,6837.0,1126.421,1.0
20210728,512530.SH,建信沪深300红利ETF,1.1,1.122,1.1,1.121,1.122,-0.001,-0.0891,8539.0,954.075,1.0
20210728,512550.SH,嘉实富时中国A50ETF,1.566,1.602,1.53,1.601,1.561,0.04,2.5625,54214.0,8448.282,1.0
20210728,512560.SH,易方达中证军工ETF,1.399,1.399,1.317,1.343,1.412,-0.069,-4.8867,542336.0,73023.56,1.0
20210728,512570.SH,易方达中证全指证券公司ETF,1.038,1.041,1.021,1.023,1.042,-0.019,-1.8234,45375.0,4679.51,1.0
20210728,512580.SH,广发中证环保ETF,1.547,1.599,1.515,1.583,1.57,0.013,0.828,220234.0,34548.51,1.0
20210728,512600.SH,嘉实中证主要消费ETF,4.351,4.383,4.214,4.361,4.352,0.009,0.2068,17252.0,7396.572,1.0
20210728,512640.SH,嘉实中证金融地产ETF,1.924,1.934,1.924,1.932,1.922,0.01,0.5203,862.0,166.221,1.0
20210728,512650.SH,添富中证长三角ETF,1.24,1.251,1.215,1.239,1.25,-0.011,-0.88,1138.0,139.657,1.0
20210728,512660.SH,国泰中证军工ETF,1.198,1.204,1.135,1.158,1.218,-0.06,-4.9261,12587400.25,1467003.258,1.0
20210728,512670.SH,国防ETF,1.96,1.96,1.845,1.886,1.987,-0.101,-5.083,1051347.22,199608.646,1.0
20210728,512680.SH,广发中证军工ETF,1.233,1.238,1.16,1.183,1.247,-0.064,-5.1323,562778.0,67028.286,1.0
20210728,512690.SH,酒ETF,1.186,1.219,1.15,1.216,1.198,0.018,1.5025,5412729.97,643565.155,1.961
20210728,512700.SH,南方中证银行ETF,1.169,1.187,1.169,1.178,1.169,0.009,0.7699,1025341.0,120934.584,1.104
20210728,512710.SH,富国中证军工龙头ETF,0.872,0.88,0.832,0.856,0.89,-0.034,-3.8202,4162606.99,356063.081,1.996
20210728,512720.SH,国泰中证计算机主题ETF,1.445,1.445,1.39,1.415,1.449,-0.034,-2.3464,300640.0,42588.412,1.0
20210728,512730.SH,银行FUND,1.112,1.128,1.112,1.123,1.11,0.013,1.1712,122074.0,13688.151,1.0
20210728,512750.SH,嘉实基本面50ETF,1.018,1.02,1.003,1.01,1.01,0.0,0.0,21211.0,2137.599,1.0
20210728,512760.SH,国泰CES半导体芯片行业ETF,1.615,1.666,1.537,1.607,1.65,-0.043,-2.6061,8476546.3,1365326.248,2.095
20210728,512770.SH,华夏战略新兴成指ETF,2.297,2.325,2.2,2.31,2.301,0.009,0.3911,91399.0,20894.845,1.0
20210728,512800.SH,华宝中证银行ETF,1.112,1.129,1.111,1.124,1.113,0.011,0.9883,2012374.05,225690.039,1.0
20210728,512810.SH,华宝中证军工ETF,1.3,1.3,1.226,1.247,1.315,-0.068,-5.1711,241510.0,30303.209,1.0
20210728,512820.SH,中证银行ETF,1.126,1.146,1.126,1.141,1.126,0.015,1.3321,74377.0,8475.954,1.0
20210728,512870.SH,南华中证杭州湾区ETF,1.867,1.867,1.791,1.844,1.868,-0.024,-1.2848,2896.0,533.531,1.0
20210728,512880.SH,国泰中证全指证券公司ETF,1.045,1.054,1.032,1.037,1.049,-0.012,-1.1439,13240911.98,1379023.934,1.0
20210728,512890.SH,红利低波,1.426,1.427,1.402,1.42,1.422,-0.002,-0.1406,17828.0,2525.238,1.0
20210728,512900.SH,南方中证全指证券ETF,1.042,1.046,1.026,1.028,1.04,-0.012,-1.1538,1423752.76,147210.151,1.0
20210728,512910.SH,广发中证A100ETF,1.33,1.348,1.318,1.345,1.343,0.002,0.1489,117200.0,15620.263,1.0
20210728,512930.SH,平安人工智能ETF,1.649,1.657,1.591,1.624,1.66,-0.036,-2.1687,6605.0,1072.374,1.0
20210728,512950.SH,华夏中证央企ETF,1.205,1.205,1.162,1.18,1.198,-0.018,-1.5025,21065.0,2485.016,1.0
20210728,512960.SH,博时央企结构调整ETF,1.187,1.191,1.162,1.179,1.196,-0.017,-1.4214,65246.71,7676.237,1.0
20210728,512970.SH,粤港澳大湾区ETF,1.403,1.449,1.337,1.385,1.404,-0.019,-1.3533,580.0,80.323,1.0
20210728,512980.SH,广发中证传媒ETF,0.692,0.695,0.679,0.683,0.692,-0.009,-1.3006,1434394.0,97899.812,1.0
20210728,512990.SH,华夏MSCI中国A股国际通ETF,1.74,1.758,1.713,1.749,1.746,0.003,0.1718,88658.0,15421.763,1.0
20210728,513000.SH,易方达日兴资管日经225ETF(QDII),1.213,1.219,1.202,1.209,1.214,-0.005,-0.4119,8916.0,1077.318,0.999
20210728,513010.SH,易方达恒生科技ETF(QDII),0.801,0.817,0.784,0.803,0.793,0.01,1.261,3134981.0,250389.739,1.0
20210728,513030.SH,华安德国(DAX)ETF,1.227,1.237,1.222,1.234,1.227,0.007,0.5705,46711.0,5745.69,1.0
20210728,513050.SH,易方达中证海外中国互联网50(QDII-ETF),1.545,1.578,1.506,1.552,1.547,0.005,0.3232,13141022.68,2024105.845,1.0
20210728,513060.SH,博时恒生医疗保健(QDII-ETF),0.925,0.973,0.92,0.967,0.914,0.053,5.7987,1549388.0,147190.377,1.0
20210728,513080.SH,华安法国CAC40ETF,1.283,1.31,1.238,1.286,1.279,0.007,0.5473,45839.0,5884.841,1.0
20210728,513090.SH,易方达中证香港证券投资主题ETF,1.191,1.2,1.171,1.184,1.185,-0.001,-0.0844,2527120.0,298876.397,1.0
20210728,513100.SH,国泰纳斯达克100(QDII-ETF),5.0,5.0,4.963,4.98,5.03,-0.05,-0.994,240005.0,119429.397,1.0
20210728,513130.SH,恒生科技,0.808,0.818,0.785,0.805,0.796,0.009,1.1307,2113395.0,169142.361,1.0
20210728,513180.SH,华夏恒生科技ETF(QDII),0.811,0.822,0.789,0.808,0.801,0.007,0.8739,7034860.98,565595.041,1.0
20210728,513300.SH,华夏纳斯达克100ETF(QDII),1.24,1.24,1.228,1.233,1.241,-0.008,-0.6446,97213.0,11961.065,1.0
20210728,513330.SH,华夏恒生互联网科技业ETF(QDII),0.662,0.672,0.648,0.663,0.651,0.012,1.8433,21416053.68,1411180.457,1.0
20210728,513360.SH,博时全球中国教育(QDII-ETF),0.555,0.555,0.555,0.555,0.617,-0.062,-10.0486,103282.0,5732.151,1.0
20210728,513500.SH,博时标普500ETF,2.705,2.715,2.698,2.703,2.706,-0.003,-0.1109,151373.0,40942.932,1.0
20210728,513520.SH,华夏野村日经225ETF,1.208,1.208,1.15,1.203,1.209,-0.006,-0.4963,55541.0,6678.803,1.0
20210728,513550.SH,港股通50,0.9,0.912,0.888,0.901,0.894,0.007,0.783,3876279.0,348689.95,1.0
20210728,513580.SH,华安恒生科技ETF,0.797,0.817,0.783,0.804,0.791,0.013,1.6435,749842.0,59878.715,1.0
20210728,513600.SH,南方恒指ETF,2.378,2.408,2.345,2.388,2.376,0.012,0.5051,122010.0,28935.928,1.0
20210728,513660.SH,华夏沪港通恒生ETF,2.458,2.458,2.389,2.429,2.414,0.015,0.6214,376553.43,91121.769,1.0
20210728,513690.SH,博时恒生高股息ETF,0.907,0.91,0.899,0.904,0.91,-0.006,-0.6593,53463.0,4839.675,1.0
20210728,513800.SH,南方顶峰TOPIXETF(QDII),1.131,1.169,1.131,1.168,1.165,0.003,0.2575,42.0,4.863,1.0
20210728,513860.SH,海富通中证港股通科技ETF,0.803,0.82,0.788,0.813,0.793,0.02,2.5221,283317.0,22752.631,1.0
20210728,513880.SH,华安日经225ETF,1.17,1.171,1.162,1.168,1.173,-0.005,-0.4263,34151.0,3985.687,1.0
20210728,513900.SH,华安CES港股通精选100ETF,1.02,1.035,1.003,1.02,1.014,0.006,0.5917,682073.0,69187.558,1.0
20210728,513980.SH,景顺长城中证港股通科技ETF,0.805,0.822,0.786,0.815,0.799,0.016,2.0025,543310.0,43688.799,1.0
20210728,513990.SH,招商上证港股通ETF,0.94,0.965,0.93,0.954,0.942,0.012,1.2739,179207.0,16890.431,1.0
20210728,515000.SH,华宝中证科技龙头ETF,1.801,1.825,1.742,1.8,1.806,-0.006,-0.3322,969069.0,172952.075,1.0
20210728,515010.SH,华夏中证全指证券公司ETF,1.168,1.176,1.154,1.158,1.17,-0.012,-1.0256,77158.0,8972.135,1.0
20210728,515020.SH,华夏中证银行ETF,1.14,1.148,1.133,1.145,1.128,0.017,1.5071,39855.0,4542.573,1.0
20210728,515030.SH,华夏中证新能源汽车ETF,2.18,2.299,2.163,2.253,2.232,0.021,0.9409,4080319.25,915219.806,1.0
20210728,515050.SH,华夏中证5G通信主题ETF,1.168,1.188,1.123,1.167,1.181,-0.014,-1.1854,2953665.23,342019.827,1.0
20210728,515060.SH,华夏中证全指房地产ETF,0.884,0.888,0.875,0.882,0.884,-0.002,-0.2262,12084.0,1067.148,1.0
20210728,515070.SH,华夏中证人工智能主题ETF,1.27,1.29,1.235,1.266,1.291,-0.025,-1.9365,176152.0,22301.369,1.0
20210728,515080.SH,招商中证红利ETF,1.354,1.354,1.32,1.335,1.355,-0.02,-1.476,184695.0,24655.305,1.069
20210728,515090.SH,博时可持续发展100ETF,1.285,1.306,1.277,1.302,1.293,0.009,0.6961,3321.0,428.776,1.0
20210728,515100.SH,景顺长城中证红利低波动100ETF,1.298,1.298,1.286,1.295,1.298,-0.003,-0.2311,17487.0,2260.421,1.0
20210728,515110.SH,易方达中证国企一带一路ETF,1.215,1.22,1.189,1.21,1.23,-0.02,-1.626,9035.0,1096.107,1.0
20210728,515120.SH,广发创新药ETF,1.022,1.04,1.001,1.04,1.019,0.021,2.0608,732451.0,74954.791,1.0
20210728,515130.SH,博时沪深300ETF,1.392,1.402,1.372,1.393,1.393,0.0,0.0,88099.0,12200.166,1.0
20210728,515150.SH,富国中证国企一带一路ETF,1.203,1.216,1.181,1.201,1.222,-0.021,-1.7185,3925.0,471.486,1.0
20210728,515160.SH,招商MSCI中国A股国际通ETF,1.413,1.421,1.396,1.417,1.414,0.003,0.2122,1923.0,271.145,1.0
20210728,515170.SH,华夏中证细分食品饮料产业主题ETF,0.792,0.811,0.77,0.807,0.803,0.004,0.4981,3379621.93,267069.637,1.0
20210728,515180.SH,易方达中证红利ETF,1.195,1.217,1.188,1.204,1.217,-0.013,-1.0682,214956.0,25894.303,1.047
20210728,515190.SH,中银证券中证500ETF,1.303,1.32,1.3,1.3,1.349,-0.049,-3.6323,748.0,97.414,1.0
20210728,515200.SH,申万菱信中证研发创新100交易型开放式指数,2.071,2.1,2.013,2.078,2.07,0.008,0.3865,87093.0,17905.919,1.0
20210728,515210.SH,国泰中证钢铁ETF,1.681,1.713,1.625,1.676,1.709,-0.033,-1.931,892167.0,149418.56,1.0
20210728,515220.SH,国泰中证煤炭ETF,1.666,1.708,1.619,1.665,1.685,-0.02,-1.1869,795684.0,132268.901,1.0
20210728,515230.SH,国泰中证全指软件ETF,1.019,1.021,0.988,1.003,1.025,-0.022,-2.1463,364624.0,36630.064,1.0
20210728,515250.SH,富国中证智能汽车主题ETF,1.014,1.032,0.989,1.014,1.027,-0.013,-1.2658,248416.0,25112.826,1.0
20210728,515260.SH,华宝中证电子50ETF,1.073,1.095,1.038,1.072,1.091,-0.019,-1.7415,344374.0,36625.876,1.0
20210728,515290.SH,天弘中证银行ETF,0.984,0.999,0.979,0.995,0.984,0.011,1.1179,576854.0,57238.495,1.0
20210728,515300.SH,嘉实沪深300红利低波动ETF,1.06,1.061,1.053,1.059,1.059,0.0,0.0,4738.0,502.531,1.0
20210728,515310.SH,添富沪深300ETF,1.263,1.283,1.254,1.279,1.275,0.004,0.3137,25631.0,3240.26,1.0
20210728,515320.SH,华安中证电子50ETF,1.054,1.059,1.003,1.037,1.054,-0.017,-1.6129,269369.0,27850.043,1.0
20210728,515330.SH,天弘沪深300ETF,1.228,1.272,1.223,1.248,1.246,0.002,0.1605,42826.0,5299.717,1.0
20210728,515350.SH,民生加银沪深300ETF,5.544,5.683,5.466,5.561,5.558,0.003,0.054,22911.0,12640.405,1.0
20210728,515360.SH,方正富邦沪深300ETF,5.7,5.754,5.611,5.749,5.798,-0.049,-0.8451,1514.0,860.066,1.0
20210728,515380.SH,泰康300,4.932,4.951,4.851,4.925,4.932,-0.007,-0.1419,530278.0,259264.646,1.0
20210728,515390.SH,华安沪深300ETF,1.244,1.25,1.225,1.242,1.241,0.001,0.0806,154967.0,19189.243,1.0
20210728,515400.SH,富国中证大数据产业ETF,0.984,0.984,0.943,0.954,0.981,-0.027,-2.7523,79677.0,7681.006,1.0
20210728,515450.SH,南方标普中国A股大盘红利低波50ETF,1.134,1.145,1.133,1.139,1.138,0.001,0.0879,144069.0,16411.44,1.0
20210728,515530.SH,泰康500,3.452,3.452,3.393,3.41,3.471,-0.061,-1.7574,47674.86,16316.383,1.0
20210728,515550.SH,国联中证500ETF,1.524,1.524,1.4,1.513,1.526,-0.013,-0.8519,1289.0,188.342,1.0
20210728,515560.SH,建信中证全指证券公司ETF,0.943,0.945,0.927,0.93,0.943,-0.013,-1.3786,296365.0,27689.104,1.0
20210728,515580.SH,华泰柏瑞中证科技100ETF,1.75,1.764,1.7,1.746,1.756,-0.01,-0.5695,74944.0,13066.458,1.001
20210728,515590.SH,前海开源中证500等权ETF,1.442,1.463,1.431,1.445,1.49,-0.045,-3.0201,2189.8,314.383,1.0
20210728,515600.SH,广发中证央企创新驱动ETF,1.142,1.142,1.11,1.11,1.142,-0.032,-2.8021,1546.0,171.72,1.0
20210728,515630.SH,保险证券,1.111,1.123,1.099,1.115,1.119,-0.004,-0.3575,124000.0,13793.272,1.0
20210728,515650.SH,富国中证消费50ETF,1.391,1.416,1.366,1.413,1.397,0.016,1.1453,459570.0,64084.92,1.0
20210728,515660.SH,国联安沪深300ETF,5.186,5.38,5.023,5.348,5.275,0.073,1.3839,2947.0,1523.081,1.0
20210728,515680.SH,嘉实央企创新驱动ETF,1.114,1.139,1.113,1.125,1.146,-0.021,-1.8325,846.0,94.817,1.0
20210728,515700.SH,平安中证新能源汽车产业ETF,2.807,2.957,2.78,2.891,2.873,0.018,0.6265,1880043.0,540538.413,1.0
20210728,515710.SH,华宝中证细分食品饮料产业主题ETF,0.824,0.836,0.796,0.833,0.827,0.006,0.7255,897569.8,73407.95,1.0
20210728,515750.SH,富国中证科技50策略ETF,1.55,1.563,1.501,1.542,1.559,-0.017,-1.0904,153360.9,23533.344,1.0
20210728,515760.SH,华夏中证浙江国资创新发展ETF,1.056,1.074,1.056,1.072,1.077,-0.005,-0.4643,756.0,80.583,1.0
20210728,515770.SH,摩根MSCI中国A股ETF,1.326,1.333,1.303,1.331,1.331,0.0,0.0,122601.0,16220.737,0.999
20210728,515790.SH,光伏ETF,1.407,1.464,1.37,1.432,1.439,-0.007,-0.4864,6838357.72,972896.863,1.0
20210728,515800.SH,添富中证800ETF,1.254,1.265,1.236,1.255,1.258,-0.003,-0.2385,290103.16,36136.214,1.0
20210728,515810.SH,易方达中证800ETF,1.381,1.39,1.359,1.38,1.381,-0.001,-0.0724,26133.0,3593.912,1.0
20210728,515850.SH,富国中证全指证券公司ETF,1.233,1.242,1.216,1.221,1.233,-0.012,-0.9732,85304.0,10494.996,1.0
20210728,515860.SH,嘉实新兴科技100ETF,1.487,1.495,1.432,1.491,1.485,0.006,0.404,25968.0,3822.351,1.0
20210728,515880.SH,国泰中证全指通信设备ETF,1.009,1.012,0.971,1.001,1.008,-0.007,-0.6944,1070238.51,106505.975,1.0
20210728,515890.SH,博时中证红利ETF,1.288,1.288,1.258,1.272,1.286,-0.014,-1.0886,15470.0,1976.763,1.0
20210728,515900.SH,博时央企创新ETF,1.118,1.132,1.117,1.118,1.141,-0.023,-2.0158,883.0,98.709,1.0
20210728,515910.SH,质量ETF,0.808,0.842,0.808,0.841,0.83,0.011,1.3253,198020.0,16332.544,1.0
20210728,515920.SH,博时智能消费主题ETF,0.942,0.964,0.926,0.955,0.96,-0.005,-0.5208,55761.0,5306.455,1.0
20210728,515950.SH,富国中证医药50ETF,1.67,1.712,1.637,1.705,1.677,0.028,1.6696,71751.0,12081.969,1.001
20210728,515960.SH,嘉实医药健康100ETF,1.265,1.296,1.247,1.296,1.265,0.031,2.4506,26022.0,3311.236,1.0
20210728,515980.SH,华富中证人工智能产业ETF,1.181,1.202,1.147,1.181,1.197,-0.016,-1.3367,112376.0,13248.629,1.0
20210728,515990.SH,添富中证国企一带一路ETF,1.261,1.289,1.218,1.25,1.28,-0.03,-2.3438,1923.99,240.296,1.0
20210728,516000.SH,华夏中证大数据产业ETF,1.027,1.027,0.989,1.005,1.027,-0.022,-2.1422,30356.0,3058.731,1.0
20210728,516010.SH,国泰中证动漫游戏ETF,0.857,0.868,0.837,0.843,0.859,-0.016,-1.8626,272843.0,23029.337,1.0
20210728,516020.SH,华宝化工ETF,1.063,1.066,1.029,1.049,1.069,-0.02,-1.8709,397367.0,41659.259,1.0
20210728,516050.SH,科技龙头ETF,0.929,0.941,0.898,0.93,0.934,-0.004,-0.4283,331792.0,30767.564,1.0
20210728,516060.SH,创新药产业ETF,0.941,0.958,0.922,0.958,0.94,0.018,1.9149,30773.0,2897.636,1.0
20210728,516070.SH,易方达中证内地低碳经济主题ETF,1.319,1.349,1.278,1.332,1.32,0.012,0.9091,423216.0,56095.462,1.0
20210728,516080.SH,易方达中证创新药产业ETF,0.93,0.968,0.93,0.968,0.952,0.016,1.6807,222443.0,21054.498,1.0
20210728,516090.SH,易方达中证新能源ETF,1.383,1.462,1.376,1.435,1.431,0.004,0.2795,287732.0,40873.008,1.0
20210728,516100.SH,华夏中证金融科技主题ETF,0.925,0.925,0.877,0.891,0.925,-0.034,-3.6757,43138.0,3876.1,1.0
20210728,516110.SH,国泰中证800汽车与零部件ETF,1.125,1.153,1.107,1.135,1.154,-0.019,-1.6464,240927.0,27197.618,1.0
20210728,516120.SH,富国中证细分化工产业主题ETF,1.043,1.069,1.033,1.051,1.071,-0.02,-1.8674,370376.0,38964.292,1.0
20210728,516150.SH,嘉实中证稀土产业ETF,1.278,1.335,1.24,1.288,1.315,-0.027,-2.0532,635319.0,81850.536,1.0
20210728,516160.SH,南方中证新能源ETF,1.194,1.232,1.157,1.204,1.209,-0.005,-0.4136,2042312.25,245005.86,1.0
20210728,516180.SH,平安中证光伏产业ETF,1.163,1.18,1.107,1.158,1.164,-0.006,-0.5155,216722.0,24924.403,1.0
20210728,516200.SH,华安中证全指证券公司ETF,1.02,1.022,1.002,1.005,1.019,-0.014,-1.3739,40018.0,4052.587,1.0
20210728,516220.SH,国泰中证细分化工产业主题ETF,1.114,1.117,1.08,1.1,1.122,-0.022,-1.9608,278827.0,30702.135,1.0
20210728,516270.SH,华安中证内地新能源主题ETF,0.933,0.98,0.923,0.964,0.957,0.007,0.7315,202531.0,19417.961,1.0
20210728,516300.SH,中证1000,1.122,1.131,1.067,1.091,1.122,-0.031,-2.7629,81870.0,8999.52,1.0
20210728,516310.SH,易方达中证银行ETF,0.863,0.879,0.863,0.875,0.864,0.011,1.2731,48577.0,4242.707,1.0
20210728,516320.SH,华夏中证装备产业ETF,1.098,1.133,1.047,1.08,1.098,-0.018,-1.6393,66067.0,7159.922,1.0
20210728,516330.SH,物联网,1.165,1.198,1.131,1.176,1.19,-0.014,-1.1765,61871.0,7263.618,1.0
20210728,516360.SH,华宝新材料ETF,1.315,1.337,1.265,1.316,1.311,0.005,0.3814,183069.0,23685.939,1.0
20210728,516380.SH,华宝智能电动汽车ETF,1.109,1.133,1.071,1.118,1.119,-0.001,-0.0894,53731.0,5939.848,1.0
20210728,516390.SH,汇添富中证新能源汽车产业ETF,1.178,1.229,1.158,1.207,1.214,-0.007,-0.5766,239013.0,28587.825,1.0
20210728,516480.SH,国联安新材料ETF,1.175,1.183,1.12,1.17,1.192,-0.022,-1.8456,74313.0,8548.25,1.0
20210728,516500.SH,华夏中证生物科技主题ETF,1.165,1.189,1.145,1.185,1.164,0.021,1.8041,51943.0,6081.93,1.0
20210728,516510.SH,易方达中证云计算与大数据主题ETF,1.072,1.086,1.029,1.046,1.061,-0.015,-1.4138,93141.0,9724.521,1.0
20210728,516520.SH,智能驾驶,1.075,1.075,1.01,1.033,1.043,-0.01,-0.9588,148535.0,15311.78,1.0
20210728,516550.SH,嘉实中证大农业ETF,0.854,0.86,0.829,0.835,0.854,-0.019,-2.2248,79878.0,6679.047,1.0
20210728,516570.SH,易方达中证石化产业ETF,1.029,1.039,1.009,1.024,1.034,-0.01,-0.9671,93235.0,9516.262,1.0
20210728,516580.SH,博时新能源ETF,0.948,0.967,0.911,0.946,0.948,-0.002,-0.211,104083.0,9834.722,1.0
20210728,516590.SH,易方达中证智能电动汽车ETF,1.323,1.358,1.284,1.335,1.329,0.006,0.4515,236591.0,31253.234,1.0
20210728,516600.SH,消费服务ETF,0.799,0.813,0.792,0.813,0.801,0.012,1.4981,59840.0,4811.472,1.0
20210728,516610.SH,医服ETF,0.943,0.961,0.922,0.959,0.938,0.021,2.2388,63131.0,5949.12,1.0
20210728,516650.SH,华夏中证细分有色金属产业主题ETF,1.224,1.237,1.155,1.205,1.227,-0.022,-1.793,83898.0,10101.086,1.0
20210728,516660.SH,华安中证新能源汽车ETF,1.397,1.412,1.327,1.379,1.399,-0.02,-1.4296,285041.0,39182.112,1.0
20210728,516670.SH,招商中证畜牧养殖ETF,0.774,0.774,0.743,0.749,0.769,-0.02,-2.6008,119313.0,8946.745,1.0
20210728,516700.SH,华宝大数据ETF,1.063,1.064,1.029,1.041,1.064,-0.023,-2.1617,57529.0,5997.508,1.0
20210728,516760.SH,平安中证畜牧养殖ETF,0.762,0.762,0.737,0.745,0.762,-0.017,-2.231,53669.0,3992.376,1.0
20210728,516770.SH,游戏动漫,0.852,0.852,0.817,0.823,0.84,-0.017,-2.0238,45998.0,3796.283,1.0
20210728,516780.SH,稀土ETF,1.208,1.247,1.153,1.202,1.223,-0.021,-1.7171,1608772.03,193746.774,1.0
20210728,516800.SH,华宝中证智能制造主题ETF,1.196,1.246,1.176,1.221,1.243,-0.022,-1.7699,328422.0,39925.449,1.0
20210728,516820.SH,平安中证医疗创新ETF,0.841,0.867,0.825,0.865,0.842,0.023,2.7316,306367.0,25964.016,1.0
20210728,516830.SH,富国沪深300ESG基准ETF,0.909,0.915,0.896,0.915,0.909,0.006,0.6601,116955.47,10611.862,1.0
20210728,516850.SH,华夏中证新能源ETF,1.394,1.47,1.367,1.422,1.457,-0.035,-2.4022,71788.0,10143.505,1.0
20210728,516880.SH,光伏50,1.175,1.221,1.136,1.19,1.204,-0.014,-1.1628,950889.73,111970.209,1.0
20210728,516890.SH,平安中证新材料主题ETF,0.98,1.011,0.948,0.989,0.988,0.001,0.1012,761241.27,75793.316,1.0
20210728,516900.SH,华安中证申万食品饮料ETF,0.878,0.886,0.847,0.884,0.873,0.011,1.26,57816.0,5025.554,1.0
20210728,516910.SH,富国中证现代物流ETF,0.965,0.965,0.935,0.943,0.964,-0.021,-2.1784,16856.0,1588.517,1.0
20210728,516950.SH,基建ETF,0.97,0.982,0.957,0.974,0.986,-0.012,-1.217,74689.0,7256.442,1.0
20210728,516960.SH,国泰中证细分机械设备产业主题ETF,1.138,1.18,1.123,1.161,1.166,-0.005,-0.4288,155815.0,18001.138,1.0
20210728,516970.SH,广发中证基建工程ETF,1.01,1.018,0.982,0.995,1.01,-0.015,-1.4851,25036.0,2497.592,1.0
20210728,516980.SH,华富中证证券公司先锋策略ETF,0.983,1.012,0.969,0.973,0.983,-0.01,-1.0173,36040.0,3526.618,1.0
20210728,517000.SH,沪港深,0.868,0.868,0.849,0.866,0.868,-0.002,-0.2304,120406.0,10309.655,1.0
20210728,517050.SH,互联网50,0.75,0.787,0.749,0.781,0.775,0.006,0.7742,198702.0,15327.013,1.0
20210728,517080.SH,汇添富中证沪港深500ETF,0.87,0.883,0.856,0.872,0.872,0.0,0.0,144479.0,12495.069,1.0
20210728,517100.SH,富国中证沪港深500ETF,0.859,0.868,0.845,0.862,0.86,0.002,0.2326,77857.0,6657.526,1.0
20210728,517120.SH,创新药50,0.878,0.908,0.87,0.907,0.879,0.028,3.1854,117708.57,10519.686,1.0
20210728,517170.SH,华夏中证沪港深500ETF,0.916,0.918,0.905,0.917,0.92,-0.003,-0.3261,2635.0,241.554,1.0
20210728,517200.SH,嘉实中证沪港深互联网ETF,0.753,0.772,0.737,0.756,0.753,0.003,0.3984,117216.0,8741.946,1.0
20210728,517300.SH,国寿安保中证沪港深300ETF,0.847,0.847,0.826,0.84,0.847,-0.007,-0.8264,95300.0,7950.505,1.0
20210728,517350.SH,广发中证沪港深科技龙头ETF,0.896,0.904,0.879,0.896,0.902,-0.006,-0.6652,24368.0,2179.923,1.0
20210728,517360.SH,华安中证沪港深科技100ETF,0.914,0.924,0.9,0.919,0.919,0.0,0.0,73815.0,6739.391,1.0
20210728,518600.SH,广发上海金ETF,3.744,3.751,3.737,3.743,3.764,-0.021,-0.5579,1378.71,516.109,1.0
20210728,518660.SH,黄金ETF基金,3.717,3.75,3.717,3.746,3.705,0.041,1.1066,7066.0,2644.711,1.0
20210728,518680.SH,富国上海金ETF,3.721,3.868,3.721,3.74,3.699,0.041,1.1084,9786.0,3660.288,1.0
20210728,518800.SH,国泰黄金ETF,3.65,3.671,3.65,3.663,3.624,0.039,1.0762,330844.0,121278.798,1.0
20210728,518850.SH,华夏黄金ETF,3.725,3.752,3.725,3.746,3.708,0.038,1.0248,11788.19,4416.893,1.0
20210728,518860.SH,建信上海金ETF,3.686,3.878,3.68,3.699,3.69,0.009,0.2439,334.84,123.38,1.0
20210728,518880.SH,华安黄金易(ETF),3.695,3.707,3.693,3.698,3.662,0.036,0.9831,4515706.85,1671302.75,1.0
20210728,518890.SH,中银黄金,3.738,3.78,3.738,3.774,3.733,0.041,1.0983,10395.89,3919.084,1.0
20210728,561500.SH,漂亮50,0.868,0.885,0.855,0.885,0.874,0.011,1.2586,150745.0,13184.028,1.0
20210728,561900.SH,招商沪深300ESG基准ETF,0.918,0.93,0.909,0.927,0.923,0.004,0.4334,67772.0,6219.52,1.0
20210728,562880.SH,嘉实中证电池主题ETF,0.959,0.975,0.917,0.961,0.956,0.005,0.523,263704.0,25084.398,1.0
20210728,588000.SH,华夏上证科创板50成份ETF,1.588,1.615,1.534,1.574,1.605,-0.031,-1.9315,7702880.02,1215302.486,1.0
20210728,588050.SH,科创ETF,1.58,1.593,1.508,1.552,1.597,-0.045,-2.8178,1436198.45,223244.381,1.0
20210728,588080.SH,易方达上证科创板50ETF,1.568,1.593,1.515,1.556,1.589,-0.033,-2.0768,2539106.47,395437.323,1.0
20210728,588090.SH,科创板ETF,1.586,1.612,1.533,1.571,1.602,-0.031,-1.9351,1067560.02,168355.349,1.0
20210728,588180.SH,国联安科创ETF,0.995,1.001,0.951,0.978,0.995,-0.017,-1.7085,315798.0,30905.983,1.0
20210728,588300.SH,招商中证科创创业50ETF,0.922,0.935,0.894,0.927,0.921,0.006,0.6515,1998636.0,183650.098,1.0
20210728,588330.SH,华宝双创龙头ETF,0.9,0.92,0.88,0.913,0.913,0.0,0.0,815180.0,73710.916,1.0
20210728,588360.SH,国泰中证科创创业50ETF,0.933,0.943,0.901,0.936,0.927,0.009,0.9709,523882.0,48596.696,1.0
20210728,588380.SH,富国中证科创创业50ETF,0.93,0.945,0.904,0.935,0.939,-0.004,-0.426,969354.0,89800.229,1.0
20210728,588400.SH,嘉实中证科创创业50ETF,0.929,0.938,0.896,0.929,0.924,0.005,0.5411,1367685.0,125863.422,1.0
