日期,代码,名称,开盘价,最高价,最低价,收盘价,上日收盘,涨跌,涨幅%,成交量(手数),成交额(千元),复权因子
20250516,159001.SZ,易方达保证金货币A,100.0,100.001,99.999,100.001,99.999,0.002,0.002,52043.87,520438.071,1.0
20250516,159003.SZ,招商保证金快线A,100.0,100.002,99.999,100.001,100.0,0.001,0.001,2392.74,23927.425,1.0
20250516,159005.SZ,汇添富收益快钱货币A,100.0,100.001,100.0,100.001,100.0,0.001,0.001,1198.02,11980.252,1.0
20250516,159150.SZ,易方达深证50ETF,1.156,1.16,1.154,1.158,1.158,0.0,0.0,130310.0,15078.56,1.0
20250516,159201.SZ,华夏国证自由现金流ETF,0.978,0.982,0.976,0.979,0.982,-0.003,-0.3055,2750576.58,269317.882,1.0
20250516,159202.SZ,万家恒生互联网科技业ETF(QDII),1.035,1.042,1.032,1.037,1.04,-0.003,-0.2885,67364.05,6982.668,1.0
20250516,159206.SZ,卫星ETF,0.913,0.931,0.913,0.921,0.921,0.0,0.0,81753.0,7558.683,1.0
20250516,159207.SZ,广发中证智选高股息策略ETF,1.027,1.032,1.025,1.029,1.03,-0.001,-0.0971,149491.54,15369.65,1.0
20250516,159208.SZ,万家国证航天航空行业ETF,1.004,1.028,1.004,1.009,1.011,-0.002,-0.1978,134738.72,13717.759,1.0
20250516,159209.SZ,招商中证全指红利质量ETF,0.999,1.003,0.993,0.995,1.0,-0.005,-0.5,58138.49,5787.599,1.0
20250516,159211.SZ,富国深证100ETF,1.051,1.053,1.048,1.053,1.051,0.002,0.1903,30621.46,3218.748,1.0
20250516,159212.SZ,南方深证100ETF,1.053,1.064,1.05,1.054,1.055,-0.001,-0.0948,291253.99,30716.687,1.0
20250516,159213.SZ,汇添富中证机器人ETF,1.043,1.063,1.043,1.053,1.048,0.005,0.4771,102041.86,10792.507,1.0
20250516,159215.SZ,平安中证A500ETF,1.001,1.002,0.995,0.998,1.002,-0.004,-0.3992,3795250.69,378999.105,1.0
20250516,159216.SZ,大成深证100ETF,1.079,1.081,1.075,1.078,1.081,-0.003,-0.2775,19776.59,2132.936,1.0
20250516,159217.SZ,港股通创新药ETF工银,0.966,1.001,0.966,0.985,0.965,0.02,2.0725,3800346.05,374407.853,1.0
20250516,159219.SZ,融通深证100ETF,1.011,1.015,1.007,1.009,1.011,-0.002,-0.1978,94963.05,9602.005,1.0
20250516,159220.SZ,华宝标普港股通低波红利ETF,1.022,1.022,1.015,1.02,1.023,-0.003,-0.2933,37835.88,3852.457,1.0
20250516,159221.SZ,嘉实国证自由现金流ETF,1.007,1.008,1.003,1.006,1.007,-0.001,-0.0993,312148.61,31380.999,1.0
20250516,159222.SZ,易方达国证自由现金流ETF,1.037,1.039,1.032,1.036,1.037,-0.001,-0.0964,1607250.53,166410.922,1.0
20250516,159225.SZ,现金流ETF基金,1.036,1.038,1.03,1.035,1.035,0.0,0.0,26034.11,2692.844,1.0
20250516,159227.SZ,华夏国证航天航空行业ETF,0.993,1.005,0.982,0.99,0.988,0.002,0.2024,287514.93,28602.418,1.0
20250516,159229.SZ,广发中证800自由现金流ETF,1.011,1.013,1.004,1.009,1.013,-0.004,-0.3949,313103.2,31582.405,1.0
20250516,159231.SZ,华宝国证通用航空产业ETF,1.049,1.067,1.035,1.051,1.049,0.002,0.1907,66091.04,7001.402,1.0
20250516,159232.SZ,南方中证全指自由现金流ETF,1.025,1.026,1.018,1.022,1.026,-0.004,-0.3899,753441.14,76981.609,1.0
20250516,159235.SZ,大成中证全指自由现金流ETF,1.023,1.027,1.019,1.022,1.027,-0.005,-0.4869,749075.35,76601.499,1.0
20250516,159236.SZ,自由现金流ETF工银,1.006,1.008,1.0,1.003,1.01,-0.007,-0.6931,1533891.24,154041.401,1.0
20250516,159300.SZ,富国沪深300ETF,4.003,4.017,3.981,3.994,4.016,-0.022,-0.5478,285818.48,114119.149,0.279
20250516,159301.SZ,华夏中证全指公用事业ETF,0.925,0.927,0.919,0.921,0.925,-0.004,-0.4324,32204.08,2968.023,1.0
20250516,159302.SZ,港股高股息ETF,1.167,1.171,1.159,1.17,1.17,0.0,0.0,39840.0,4641.137,1.0
20250516,159303.SZ,大成恒生医疗保健ETF(QDII),1.319,1.339,1.307,1.331,1.308,0.023,1.7584,258375.0,34236.284,1.0
20250516,159305.SZ,广发国证新能源电池ETF,1.143,1.156,1.143,1.147,1.145,0.002,0.1747,26134.0,3001.627,1.0
20250516,159306.SZ,平安中证汽车零部件主题ETF,1.123,1.146,1.123,1.136,1.118,0.018,1.61,9516.05,1080.718,1.0
20250516,159307.SZ,博时中证红利低波100ETF,1.049,1.051,1.039,1.045,1.05,-0.005,-0.4762,273428.0,28500.985,1.039
20250516,159309.SZ,汇添富中证油气资源ETF,0.925,0.929,0.922,0.923,0.928,-0.005,-0.5388,48991.0,4529.5,1.0
20250516,159310.SZ,天弘中证芯片产业ETF,1.45,1.454,1.444,1.448,1.452,-0.004,-0.2755,61597.0,8916.374,1.0
20250516,159312.SZ,广发恒指港股通ETF,1.142,1.145,1.137,1.144,1.15,-0.006,-0.5217,75829.0,8650.811,1.0
20250516,159315.SZ,黄金股ETF基金,1.105,1.109,1.096,1.102,1.096,0.006,0.5474,23350.0,2574.495,1.0
20250516,159316.SZ,易方达恒生港股通创新药ETF,0.985,1.016,0.985,1.003,0.986,0.017,1.7241,573253.45,57379.041,1.0
20250516,159318.SZ,恒生港股通ETF,1.272,1.278,1.265,1.272,1.278,-0.006,-0.4695,45104.0,5725.886,1.0
20250516,159320.SZ,广发恒生A股电网设备ETF,0.947,0.951,0.943,0.943,0.943,0.0,0.0,14395.0,1359.018,1.0
20250516,159321.SZ,华安中证沪深港黄金产业股票ETF,1.051,1.056,1.038,1.04,1.035,0.005,0.4831,61389.0,6411.842,1.0
20250516,159322.SZ,平安中证沪深港黄金产业ETF,1.097,1.104,1.09,1.094,1.088,0.006,0.5515,19451.0,2132.102,1.0
20250516,159323.SZ,华夏中证港股通汽车产业主题ETF,1.252,1.272,1.252,1.27,1.258,0.012,0.9539,461708.0,58407.016,1.0
20250516,159325.SZ,南方中证半导体行业精选ETF,1.062,1.066,1.053,1.055,1.062,-0.007,-0.6591,99912.0,10568.594,1.0
20250516,159326.SZ,华夏中证电网设备主题ETF,1.054,1.062,1.054,1.057,1.056,0.001,0.0947,70576.0,7472.433,1.0
20250516,159327.SZ,万家中证半导体材料设备主题ETF,1.2,1.208,1.197,1.197,1.201,-0.004,-0.3331,62866.0,7553.424,1.0
20250516,159328.SZ,易方达中证家电龙头ETF,0.988,0.99,0.985,0.99,0.988,0.002,0.2024,2622.0,258.611,1.0
20250516,159329.SZ,南方基金南方东英沙特阿拉伯ETF(QDII),1.042,1.076,1.037,1.043,1.04,0.003,0.2885,27164786.0,2866942.28,1.0
20250516,159330.SZ,沪深300ETF基金,1.172,1.172,1.163,1.166,1.173,-0.007,-0.5968,227640.0,26569.34,1.0
20250516,159331.SZ,国泰中证港股通高股息投资ETF,1.173,1.176,1.164,1.173,1.175,-0.002,-0.1702,53943.0,6317.584,1.016
20250516,159332.SZ,富国中证中央企业红利ETF,1.116,1.116,1.104,1.11,1.118,-0.008,-0.7156,20603.03,2281.741,1.007
20250516,159333.SZ,万家中证港股通央企红利ETF,1.25,1.252,1.234,1.241,1.25,-0.009,-0.72,166988.98,20703.855,1.0
20250516,159335.SZ,融通中证诚通央企科技创新ETF,1.155,1.165,1.154,1.154,1.158,-0.004,-0.3454,5934.0,685.75,1.0
20250516,159336.SZ,融通中证诚通央企红利ETF,1.01,1.02,1.003,1.004,1.01,-0.006,-0.5941,1405.07,141.38,1.0
20250516,159337.SZ,中证500ETF基金,1.26,1.265,1.258,1.259,1.26,-0.001,-0.0794,86952.0,10960.873,1.0
20250516,159338.SZ,国泰中证A500ETF,0.948,0.951,0.944,0.947,0.95,-0.003,-0.3158,23117884.38,2189314.654,1.0
20250516,159339.SZ,A500ETF,0.955,0.959,0.951,0.955,0.958,-0.003,-0.3132,2490414.69,237770.474,1.0
20250516,159350.SZ,富国深证50ETF,1.148,1.148,1.139,1.143,1.144,-0.001,-0.0874,294749.0,33683.894,1.0
20250516,159351.SZ,嘉实中证A500ETF,0.97,0.972,0.964,0.968,0.971,-0.003,-0.309,24671491.99,2387784.515,1.002
20250516,159352.SZ,南方中证A500ETF,0.998,1.0,0.992,0.996,1.0,-0.004,-0.4,22743750.04,2264244.844,1.0
20250516,159353.SZ,景顺长城中证A500ETF,0.97,0.97,0.961,0.965,0.969,-0.004,-0.4128,3729280.37,359689.423,1.0
20250516,159355.SZ,华宝中证800红利低波动ETF,1.03,1.03,1.02,1.024,1.03,-0.006,-0.5825,15822.0,1622.191,1.0
20250516,159356.SZ,万家中证A500ETF,0.991,0.993,0.982,0.988,0.991,-0.003,-0.3027,861401.35,85069.822,1.0
20250516,159357.SZ,博时中证A500ETF,0.997,1.0,0.992,0.995,0.999,-0.004,-0.4004,244484.4,24342.55,1.001
20250516,159358.SZ,大成中证A500ETF,1.007,1.011,1.004,1.007,1.012,-0.005,-0.4941,1367475.77,137730.057,1.0
20250516,159359.SZ,华安中证A500ETF,0.995,0.999,0.992,0.994,0.998,-0.004,-0.4008,327073.5,32561.083,1.0
20250516,159360.SZ,天弘中证A500ETF,1.008,1.008,1.001,1.003,1.008,-0.005,-0.496,649603.48,65202.525,1.0
20250516,159361.SZ,易方达中证A500ETF,0.966,0.967,0.959,0.962,0.967,-0.005,-0.5171,9307532.58,896100.413,1.0
20250516,159362.SZ,A500ETF工银,0.993,0.994,0.987,0.989,0.994,-0.005,-0.503,286185.73,28339.517,1.007
20250516,159363.SZ,华宝创业板人工智能ETF,0.926,0.943,0.923,0.936,0.931,0.005,0.5371,862711.0,80805.137,1.0
20250516,159366.SZ,港股医疗ETF,1.115,1.124,1.109,1.118,1.114,0.004,0.3591,140800.65,15704.073,1.0
20250516,159367.SZ,华夏创业板50ETF,0.947,0.963,0.947,0.954,0.956,-0.002,-0.2092,6181.0,590.189,1.0
20250516,159368.SZ,华夏创业板新能源ETF,0.92,0.926,0.918,0.918,0.92,-0.002,-0.2174,25659.72,2361.729,1.0
20250516,159370.SZ,创50ETF工银,0.992,0.997,0.992,0.992,0.996,-0.004,-0.4016,7105.08,706.341,1.0
20250516,159371.SZ,富国创业板50ETF,0.998,0.998,0.946,0.949,0.998,-0.049,-4.9098,46709.0,4447.674,1.0
20250516,159373.SZ,嘉实创业板50ETF,0.965,0.966,0.961,0.963,0.963,0.0,0.0,255248.01,24590.274,1.0
20250516,159375.SZ,国泰创业板50ETF,1.003,1.007,1.001,1.002,1.004,-0.002,-0.1992,97735.0,9813.179,1.0
20250516,159376.SZ,浦银安盛中证A500ETF,1.037,1.037,1.03,1.032,1.038,-0.006,-0.578,27175.62,2808.269,1.0
20250516,159377.SZ,国泰创业板医药卫生ETF,1.022,1.022,1.016,1.02,1.023,-0.003,-0.2933,91440.53,9328.416,1.0
20250516,159378.SZ,通用航空ETF,1.07,1.092,1.07,1.077,1.078,-0.001,-0.0928,182342.01,19758.749,1.0
20250516,159379.SZ,融通中证A500ETF,1.013,1.023,1.013,1.02,1.023,-0.003,-0.2933,13906.47,1416.762,1.0
20250516,159380.SZ,西藏东财中证A500ETF,1.036,1.037,1.029,1.033,1.037,-0.004,-0.3857,19525.0,2020.539,1.0
20250516,159381.SZ,华夏创业板人工智能ETF,0.873,0.889,0.87,0.884,0.878,0.006,0.6834,247536.0,21874.832,1.0
20250516,159382.SZ,南方创业板人工智能ETF,0.999,1.009,0.992,1.004,0.998,0.006,0.6012,161207.57,16193.833,1.0
20250516,159383.SZ,创业板50ETF华泰柏瑞,0.927,0.947,0.927,0.936,0.938,-0.002,-0.2132,3555.13,332.627,1.0
20250516,159386.SZ,A500ETF永赢,0.995,0.996,0.989,0.991,0.994,-0.003,-0.3018,314685.0,31199.412,1.0
20250516,159388.SZ,国泰创业板人工智能ETF,0.966,0.97,0.952,0.964,0.967,-0.003,-0.3102,108816.49,10505.473,1.0
20250516,159390.SZ,国联中证A50ETF,1.076,1.076,1.065,1.069,1.074,-0.005,-0.4655,156523.74,16728.51,1.013
20250516,159391.SZ,博时国证大盘价值ETF,1.058,1.058,1.047,1.053,1.06,-0.007,-0.6604,15868.3,1665.95,1.0
20250516,159392.SZ,富国国证通用航空产业ETF,0.974,0.994,0.974,0.98,0.97,0.01,1.0309,186060.74,18314.961,1.0
20250516,159393.SZ,万家沪深300ETF,3.909,3.91,3.878,3.891,3.918,-0.027,-0.6891,31914.62,12420.297,0.255
20250516,159395.SZ,大成深证基准做市信用债ETF,100.672,100.672,100.621,100.636,100.675,-0.039,-0.0387,671027.3,6752280.522,1.0
20250516,159396.SZ,博时深证基准做市信用债ETF,100.52,100.58,100.466,100.492,100.537,-0.045,-0.0448,251027.19,2522666.498,1.0
20250516,159397.SZ,广发深证基准做市信用债ETF,100.514,100.514,100.439,100.471,100.514,-0.043,-0.0428,214376.4,2153544.845,1.0
20250516,159398.SZ,天弘深证基准做市信用债ETF,100.59,100.59,100.501,100.554,100.612,-0.058,-0.0576,395610.1,3977610.826,1.0
20250516,159399.SZ,国泰富时中国A股自由现金流聚焦ETF,1.0,1.003,0.995,0.996,1.004,-0.008,-0.7968,2498145.17,249339.614,1.007
20250516,159501.SZ,嘉实纳斯达克100ETF(QDII),1.437,1.441,1.436,1.436,1.436,0.0,0.0,1552300.0,223292.705,1.0
20250516,159502.SZ,嘉实标普生物科技精选行业ETF(QDII),0.83,0.835,0.829,0.833,0.82,0.013,1.5854,1823276.0,151526.002,1.0
20250516,159505.SZ,博时国证2000ETF,1.093,1.093,1.08,1.082,1.077,0.005,0.4643,4857.0,525.65,1.0
20250516,159506.SZ,富国恒生港股通医疗保健ETF,0.999,1.029,0.999,1.018,0.998,0.02,2.004,3133359.0,317606.695,1.0
20250516,159507.SZ,广发国证通信ETF,1.052,1.059,1.047,1.054,1.052,0.002,0.1901,25356.0,2673.474,1.0
20250516,159508.SZ,华安国证生物医药ETF,0.725,0.727,0.719,0.726,0.725,0.001,0.1379,16809.0,1217.203,1.0
20250516,159509.SZ,景顺长城纳斯达克科技ETF(QDII),1.53,1.54,1.523,1.525,1.53,-0.005,-0.3268,7581679.0,1160551.354,1.0
20250516,159510.SZ,华夏中证智选300价值稳健策略ETF,1.124,1.124,1.111,1.116,1.124,-0.008,-0.7117,9147.0,1021.331,1.0
20250516,159511.SZ,南方中证通信服务ETF,1.024,1.028,1.021,1.025,1.025,0.0,0.0,37162.0,3808.027,1.0
20250516,159512.SZ,广发中证全指汽车ETF,1.383,1.41,1.383,1.406,1.384,0.022,1.5896,70044.0,9817.713,1.0
20250516,159513.SZ,大成纳斯达克100ETF(QDII),1.291,1.295,1.289,1.292,1.29,0.002,0.155,846409.0,109375.818,1.0
20250516,159515.SZ,鹏扬中证国有企业红利ETF,1.094,1.095,1.084,1.088,1.094,-0.006,-0.5484,8665.04,942.342,1.0
20250516,159516.SZ,国泰中证半导体材料设备主题ETF,1.013,1.021,1.011,1.012,1.014,-0.002,-0.1972,755208.0,76554.94,1.0
20250516,159517.SZ,800增强ETF,1.088,1.088,1.072,1.073,1.078,-0.005,-0.4638,10765.0,1155.662,1.0
20250516,159518.SZ,嘉实标普石油天然气勘探及生产精选行业ETF(QDII),0.884,0.889,0.881,0.882,0.877,0.005,0.5701,1327004.0,117421.499,1.0
20250516,159519.SZ,国泰中证香港内地国有企业ETF(QDII),1.46,1.468,1.447,1.454,1.463,-0.009,-0.6152,142683.0,20724.647,1.0
20250516,159520.SZ,工银瑞信中证消费龙头ETF,1.058,1.058,1.048,1.053,1.058,-0.005,-0.4726,74906.0,7881.13,1.0
20250516,159521.SZ,平安国证2000ETF,0.985,0.994,0.985,0.99,0.987,0.003,0.304,16693.0,1655.904,1.0
20250516,159523.SZ,华夏中证智选300成长创新策略ETF,1.037,1.037,1.028,1.032,1.036,-0.004,-0.3861,4527.0,467.28,1.0
20250516,159525.SZ,富国中证红利低波动ETF,1.073,1.073,1.06,1.066,1.073,-0.007,-0.6524,92497.57,9841.086,1.0
20250516,159526.SZ,嘉实中证机器人ETF,1.268,1.293,1.265,1.275,1.272,0.003,0.2358,338092.0,43363.606,1.0
20250516,159527.SZ,广发中证云计算与大数据ETF,1.428,1.435,1.421,1.427,1.428,-0.001,-0.07,14669.0,2096.882,1.0
20250516,159528.SZ,富国中证国有企业改革ETF,1.035,1.037,1.029,1.034,1.037,-0.003,-0.2893,31984.34,3298.79,1.0
20250516,159529.SZ,景顺长城标普消费精选ETF(QDII),1.552,1.642,1.535,1.592,1.536,0.056,3.6458,29212869.0,4670792.21,1.0
20250516,159530.SZ,易方达国证机器人产业ETF,1.301,1.337,1.3,1.318,1.31,0.008,0.6107,1204393.0,159678.626,1.0
20250516,159531.SZ,南方中证2000ETF,1.083,1.104,1.08,1.097,1.09,0.007,0.6422,992744.0,108881.882,1.0
20250516,159532.SZ,易方达中证2000ETF,1.166,1.183,1.164,1.176,1.168,0.008,0.6849,58430.0,6879.113,1.0
20250516,159533.SZ,博时中证2000ETF,1.331,1.347,1.328,1.341,1.331,0.01,0.7513,10969.0,1470.609,1.0
20250516,159535.SZ,嘉实中证2000ETF,1.126,1.136,1.123,1.132,1.126,0.006,0.5329,13507.0,1528.84,1.0
20250516,159536.SZ,汇添富中证2000ETF,1.118,1.139,1.118,1.135,1.124,0.011,0.9786,117460.0,13298.845,1.0
20250516,159537.SZ,国泰国证信息技术创新主题ETF,1.168,1.172,1.16,1.161,1.168,-0.007,-0.5993,15373.98,1789.344,1.0
20250516,159538.SZ,富国国证信息技术创新主题ETF,1.185,1.185,1.172,1.174,1.181,-0.007,-0.5927,22485.0,2645.355,1.0
20250516,159539.SZ,广发国证信创ETF,1.141,1.159,1.141,1.148,1.152,-0.004,-0.3472,35317.0,4058.265,1.0
20250516,159540.SZ,易方达国证信息技术创新主题ETF,1.195,1.197,1.188,1.191,1.196,-0.005,-0.4181,16870.0,2015.615,1.0
20250516,159541.SZ,万家创业板综合ETF,1.12,1.127,1.114,1.123,1.119,0.004,0.3575,119969.0,13465.545,1.0
20250516,159542.SZ,大成中证工程机械ETF,1.17,1.17,1.17,1.17,1.3,-0.13,-10.0,14535.0,1700.595,1.0
20250516,159543.SZ,国证2000ETF基金,1.007,1.012,1.005,1.011,1.004,0.007,0.6972,3452.0,348.559,1.0
20250516,159545.SZ,易方达恒生港股通高股息低波动ETF,1.29,1.29,1.277,1.282,1.291,-0.009,-0.6971,757220.0,97120.599,1.051
20250516,159546.SZ,国泰中证全指集成电路ETF,1.304,1.307,1.297,1.301,1.304,-0.003,-0.2301,25897.0,3371.554,1.0
20250516,159547.SZ,华夏中证红利低波动ETF,1.185,1.186,1.171,1.185,1.185,0.0,0.0,120141.0,14163.558,1.0
20250516,159549.SZ,天弘中证红利低波动100ETF,1.153,1.154,1.142,1.146,1.153,-0.007,-0.6071,38853.39,4447.541,1.0
20250516,159551.SZ,国泰中证机器人ETF,1.121,1.141,1.119,1.127,1.124,0.003,0.2669,174173.0,19732.855,1.0
20250516,159552.SZ,招商中证2000增强策略ETF,1.54,1.572,1.538,1.559,1.542,0.017,1.1025,71206.0,11120.215,1.0
20250516,159553.SZ,海富通中证2000增强策略ETF,1.309,1.331,1.308,1.326,1.331,-0.005,-0.3757,6682.0,886.656,1.0
20250516,159555.SZ,2000增强ETF,1.224,1.237,1.223,1.231,1.223,0.008,0.6541,61839.0,7620.579,1.0
20250516,159556.SZ,平安中证2000增强策略ETF,0.994,1.003,0.99,0.997,0.994,0.003,0.3018,35325.25,3524.686,1.0
20250516,159557.SZ,嘉实恒生医疗保健ETF(QDII),1.19,1.219,1.19,1.209,1.19,0.019,1.5966,97387.12,11749.121,1.0
20250516,159558.SZ,易方达中证半导体材料设备主题ETF,1.176,1.188,1.176,1.181,1.184,-0.003,-0.2534,9121.0,1080.319,1.0
20250516,159559.SZ,景顺长城国证机器人产业ETF,1.17,1.203,1.168,1.186,1.179,0.007,0.5937,372660.0,44453.885,1.0
20250516,159560.SZ,景顺长城中证芯片产业ETF,1.182,1.182,1.17,1.17,1.177,-0.007,-0.5947,28926.0,3391.235,1.0
20250516,159561.SZ,嘉实德国DAX ETF(QDII),1.3,1.309,1.3,1.308,1.289,0.019,1.474,3208831.0,418916.722,1.0
20250516,159562.SZ,华夏中证沪深港黄金产业股票ETF,1.465,1.476,1.459,1.464,1.457,0.007,0.4804,210576.93,30894.62,1.0
20250516,159563.SZ,华夏创业板综合ETF,1.277,1.287,1.277,1.283,1.28,0.003,0.2344,14787.0,1899.15,1.0
20250516,159565.SZ,易方达中证汽车零部件主题ETF,1.224,1.258,1.224,1.248,1.225,0.023,1.8776,47330.0,5893.309,1.0
20250516,159566.SZ,易方达国证新能源电池ETF,1.282,1.295,1.282,1.287,1.283,0.004,0.3118,19121.0,2461.64,1.0
20250516,159567.SZ,港股创新药ETF,1.189,1.228,1.188,1.215,1.184,0.031,2.6182,5902108.0,713028.53,1.0
20250516,159568.SZ,博时港股通互联网ETF,1.655,1.662,1.644,1.662,1.672,-0.01,-0.5981,572113.0,94645.875,1.0
20250516,159569.SZ,景顺长城国证港股通红利低波动率ETF,1.223,1.223,1.21,1.221,1.222,-0.001,-0.0818,218742.0,26582.752,1.0
20250516,159570.SZ,汇添富国证港股通创新药ETF,1.197,1.239,1.19,1.219,1.191,0.028,2.351,6907113.0,842135.323,1.0
20250516,159571.SZ,富国创业板中盘200ETF,1.163,1.17,1.161,1.162,1.163,-0.001,-0.086,6076.0,707.823,1.0
20250516,159572.SZ,易方达创业板中盘200ETF,1.141,1.151,1.138,1.141,1.151,-0.01,-0.8688,78617.04,8999.995,1.0
20250516,159573.SZ,华夏创业板中盘200ETF,1.136,1.152,1.136,1.145,1.143,0.002,0.175,88365.56,10132.547,1.0
20250516,159575.SZ,创业板200ETF银华,1.144,1.151,1.139,1.142,1.144,-0.002,-0.1748,16617.0,1904.259,1.0
20250516,159576.SZ,广发深证100ETF,1.136,1.144,1.133,1.137,1.138,-0.001,-0.0879,46010.0,5229.08,1.005
20250516,159577.SZ,汇添富MSCI美国50ETF,1.22,1.222,1.218,1.22,1.218,0.002,0.1642,244699.0,29868.793,1.0
20250516,159578.SZ,南方深证主板50ETF,1.068,1.071,1.068,1.071,1.071,0.0,0.0,124.0,13.262,1.0
20250516,159581.SZ,万家中证红利ETF,1.026,1.026,1.015,1.019,1.025,-0.006,-0.5854,395205.0,40287.43,1.045
20250516,159582.SZ,博时中证半导体产业ETF,1.4,1.407,1.392,1.394,1.401,-0.007,-0.4996,68305.0,9550.639,1.0
20250516,159583.SZ,富国中证通信设备主题ETF,1.087,1.109,1.083,1.097,1.091,0.006,0.55,53699.0,5909.082,1.0
20250516,159586.SZ,南方中证全指计算机ETF,1.202,1.204,1.187,1.195,1.201,-0.006,-0.4996,43378.0,5186.746,1.0
20250516,159587.SZ,广发国证粮食产业ETF,1.134,1.134,1.121,1.127,1.135,-0.008,-0.7048,91973.0,10353.556,1.0
20250516,159588.SZ,景顺长城国证石油天然气ETF,0.91,0.911,0.902,0.903,0.909,-0.006,-0.6601,61333.01,5545.307,1.0
20250516,159589.SZ,广发中证红利ETF,1.042,1.043,1.033,1.037,1.042,-0.005,-0.4798,48581.0,5037.645,1.02
20250516,159590.SZ,汇添富中证全指软件ETF,1.026,1.03,1.019,1.024,1.027,-0.003,-0.2921,144872.0,14830.371,1.0
20250516,159591.SZ,富国中证A50ETF,1.15,1.152,1.144,1.148,1.153,-0.005,-0.4337,127880.09,14681.28,1.0
20250516,159592.SZ,A50ETF基金,1.143,1.143,1.133,1.138,1.144,-0.006,-0.5245,291396.0,33149.171,1.0
20250516,159593.SZ,平安中证A50ETF,1.16,1.16,1.152,1.158,1.161,-0.003,-0.2584,2231288.49,257741.013,1.0
20250516,159595.SZ,大成中证A50ETF,1.16,1.16,1.151,1.157,1.161,-0.004,-0.3445,2205769.28,254726.304,1.0
20250516,159596.SZ,华宝中证A50ETF,1.123,1.124,1.115,1.12,1.124,-0.004,-0.3559,583983.0,65395.942,1.018
20250516,159597.SZ,易方达创业板成长ETF,1.144,1.15,1.14,1.142,1.14,0.002,0.1754,6678.1,764.882,1.0
20250516,159599.SZ,芯片ETF基金,1.448,1.455,1.444,1.447,1.453,-0.006,-0.4129,55726.0,8072.98,1.0
20250516,159601.SZ,华夏MSCI中国A50互联互通ETF,0.837,0.837,0.83,0.834,0.838,-0.004,-0.4773,429285.02,35782.642,1.0
20250516,159602.SZ,南方MSCI中国A50互联互通ETF,0.822,0.822,0.814,0.817,0.822,-0.005,-0.6083,73114.0,5985.554,1.024
20250516,159603.SZ,双创龙头ETF,0.828,0.83,0.824,0.828,0.828,0.0,0.0,96862.0,8014.092,1.0
20250516,159605.SZ,广发中证海外中国互联网30(QDII-ETF),1.07,1.078,1.069,1.074,1.084,-0.01,-0.9225,5877771.19,630933.568,1.0
20250516,159606.SZ,易方达中证500质量成长ETF,0.89,0.894,0.889,0.892,0.89,0.002,0.2247,42095.01,3755.805,1.0
20250516,159607.SZ,嘉实中证海外中国互联网30ETF(QDII),1.066,1.074,1.064,1.07,1.078,-0.008,-0.7421,1785166.0,190795.193,1.0
20250516,159608.SZ,广发中证稀有金属ETF,0.581,0.586,0.578,0.581,0.582,-0.001,-0.1718,127693.0,7437.393,1.0
20250516,159609.SZ,浦银安盛中证光伏产业ETF,0.385,0.39,0.384,0.387,0.386,0.001,0.2591,312043.0,12095.472,1.0
20250516,159610.SZ,景顺长城中证500增强策略ETF,0.832,0.847,0.828,0.833,0.832,0.001,0.1202,31215.0,2600.268,1.0
20250516,159611.SZ,广发中证全指电力ETF,0.974,0.979,0.97,0.974,0.976,-0.002,-0.2049,1450137.0,141190.611,1.0
20250516,159612.SZ,国泰标普500ETF,1.778,1.865,1.764,1.798,1.767,0.031,1.7544,17436471.28,3184822.025,1.0
20250516,159613.SZ,嘉实中证信息安全主题ETF,0.847,0.848,0.841,0.844,0.85,-0.006,-0.7059,19212.0,1621.77,1.0
20250516,159615.SZ,南方恒生生物科技ETF(QDII),0.861,0.884,0.859,0.876,0.861,0.015,1.7422,842904.05,73484.708,1.0
20250516,159616.SZ,建信中证农牧主题ETF,0.719,0.72,0.712,0.72,0.719,0.001,0.1391,42379.72,3029.142,1.0
20250516,159617.SZ,华夏中证智选500价值稳健策略ETF,1.127,1.131,1.127,1.129,1.132,-0.003,-0.265,3748.0,423.355,1.0
20250516,159618.SZ,华安中证光伏产业ETF,0.53,0.534,0.53,0.532,0.53,0.002,0.3774,24740.0,1315.609,1.0
20250516,159619.SZ,国泰中证基建ETF,0.943,0.947,0.938,0.94,0.943,-0.003,-0.3181,60269.0,5675.211,1.0
20250516,159620.SZ,华夏中证智选500成长创新策略ETF,0.938,0.942,0.938,0.94,0.938,0.002,0.2132,5425.0,510.666,1.0
20250516,159621.SZ,国泰MSCI中国A股ESG通用ETF,0.979,0.981,0.979,0.981,0.989,-0.008,-0.8089,1813.0,177.813,1.0
20250516,159622.SZ,创新药ETF沪港深,0.86,0.875,0.858,0.87,0.86,0.01,1.1628,124051.0,10756.479,1.0
20250516,159623.SZ,博时成渝经济圈ETF,0.8,0.8,0.792,0.794,0.793,0.001,0.1261,12335.0,980.314,1.0
20250516,159625.SZ,嘉实国证绿色电力ETF,1.139,1.146,1.134,1.136,1.143,-0.007,-0.6124,220302.0,25098.324,1.0
20250516,159627.SZ,华夏中证A100ETF,1.062,1.065,1.057,1.06,1.066,-0.006,-0.5629,19340.0,2053.781,1.0
20250516,159628.SZ,万家国证2000ETF,1.038,1.056,1.038,1.05,1.046,0.004,0.3824,829934.0,87190.094,1.0
20250516,159629.SZ,富国中证1000ETF,2.456,2.48,2.456,2.464,2.464,0.0,0.0,1628465.01,402275.931,0.352
20250516,159630.SZ,汇添富中证A100ETF,1.115,1.115,1.109,1.11,1.117,-0.007,-0.6267,17165.0,1909.959,1.0
20250516,159631.SZ,招商中证A100ETF,1.013,1.013,1.008,1.011,1.015,-0.004,-0.3941,23475.0,2372.648,1.0
20250516,159632.SZ,华安纳斯达克100ETF(QDII),1.749,1.755,1.748,1.748,1.747,0.001,0.0572,882776.0,154645.087,1.0
20250516,159633.SZ,易方达中证1000ETF,2.482,2.505,2.481,2.491,2.49,0.001,0.0402,200583.03,50034.103,0.355
20250516,159635.SZ,华夏中证基建ETF,0.992,1.002,0.992,0.995,1.0,-0.005,-0.5,72598.0,7238.159,1.0
20250516,159636.SZ,港股通科技30ETF,1.258,1.274,1.257,1.273,1.276,-0.003,-0.2351,5116405.0,647706.5,1.0
20250516,159637.SZ,新能源车龙头ETF,0.614,0.622,0.611,0.618,0.614,0.004,0.6515,133954.0,8263.362,1.0
20250516,159638.SZ,嘉实中证高端装备细分50ETF,0.77,0.783,0.77,0.771,0.773,-0.002,-0.2587,390474.0,30316.288,1.0
20250516,159639.SZ,南方中证上海环交所碳中和ETF,0.758,0.761,0.756,0.759,0.759,0.0,0.0,93298.12,7082.834,1.0
20250516,159640.SZ,碳中和龙头ETF,0.75,0.752,0.748,0.751,0.75,0.001,0.1333,48657.01,3649.89,1.0
20250516,159641.SZ,招商中证上海环交所碳中和ETF,0.795,0.798,0.794,0.795,0.795,0.0,0.0,175781.04,13990.378,1.0
20250516,159642.SZ,大成中证上海环交所碳中和ETF,0.764,0.766,0.764,0.764,0.764,0.0,0.0,1484.01,113.589,1.0
20250516,159643.SZ,国泰国证疫苗与生物科技ETF,0.56,0.564,0.557,0.564,0.558,0.006,1.0753,136058.0,7636.268,1.0
20250516,159645.SZ,富国国证疫苗与生物科技ETF,0.63,0.638,0.629,0.637,0.632,0.005,0.7911,6326.01,400.81,1.0
20250516,159647.SZ,中药ETF,0.967,0.977,0.965,0.975,0.966,0.009,0.9317,359808.0,35007.663,1.0
20250516,159649.SZ,华安中债1-5年国开行债券ETF,107.899,107.899,107.803,107.822,107.9,-0.078,-0.0723,38228.0,412148.731,1.0
20250516,159650.SZ,博时中债0-3年国开行ETF,106.728,106.728,106.627,106.638,106.697,-0.059,-0.0553,140068.0,1493725.029,1.0
20250516,159651.SZ,平安中债-0-3年国开行债券ETF,105.996,106.041,105.981,105.988,106.042,-0.054,-0.0509,59092.0,626333.807,1.0
20250516,159652.SZ,汇添富中证细分有色金属产业主题ETF,0.918,0.922,0.912,0.915,0.916,-0.001,-0.1092,56257.01,5152.947,1.0
20250516,159653.SZ,国联安ESG300ETF,0.975,0.976,0.972,0.976,0.978,-0.002,-0.2045,638.0,62.246,1.0
20250516,159655.SZ,华夏标普500ETF(QDII),1.544,1.545,1.541,1.544,1.533,0.011,0.7175,361110.0,55736.09,1.0
20250516,159656.SZ,万家沪深300成长ETF,0.851,0.854,0.849,0.851,0.851,0.0,0.0,135941.0,11567.994,1.0
20250516,159657.SZ,生物疫苗ETF,0.61,0.615,0.607,0.614,0.61,0.004,0.6557,62963.02,3844.209,1.0
20250516,159658.SZ,华安中证数字经济主题ETF,1.193,1.194,1.183,1.188,1.193,-0.005,-0.4191,59038.0,7012.946,1.0
20250516,159659.SZ,招商纳斯达克100ETF(QDII),1.649,1.653,1.648,1.648,1.648,0.0,0.0,1649180.0,272155.03,1.0
20250516,159660.SZ,汇添富纳斯达克100ETF,1.676,1.682,1.675,1.675,1.676,-0.001,-0.0597,456955.0,76679.804,1.0
20250516,159661.SZ,嘉实中证A100ETF,1.148,1.148,1.14,1.144,1.149,-0.005,-0.4352,8076.0,922.796,1.0
20250516,159662.SZ,南方国证交通运输行业ETF,1.014,1.014,1.002,1.008,1.014,-0.006,-0.5917,78108.0,7859.212,1.0
20250516,159663.SZ,华夏中证机床ETF,1.118,1.151,1.118,1.139,1.123,0.016,1.4248,83907.0,9587.893,1.0
20250516,159665.SZ,半导体龙头ETF,1.248,1.253,1.242,1.246,1.252,-0.006,-0.4792,98142.0,12230.352,1.0
20250516,159666.SZ,华夏中证全指运输ETF,0.982,0.982,0.971,0.975,0.983,-0.008,-0.8138,44385.0,4338.369,1.0
20250516,159667.SZ,国泰中证机床ETF,1.126,1.16,1.125,1.149,1.132,0.017,1.5018,516843.0,59483.419,1.0
20250516,159669.SZ,国泰国证绿色电力ETF,1.05,1.053,1.044,1.044,1.05,-0.006,-0.5714,25887.0,2704.58,1.0
20250516,159670.SZ,国联安消费50ETF,0.979,0.979,0.973,0.976,0.982,-0.006,-0.611,32209.0,3145.44,1.0
20250516,159671.SZ,稀有金属ETF基金,0.704,0.71,0.701,0.704,0.704,0.0,0.0,147783.0,10418.59,1.0
20250516,159672.SZ,博时主要消费ETF,0.786,0.786,0.777,0.78,0.786,-0.006,-0.7634,55737.0,4345.815,1.0
20250516,159673.SZ,鹏华沪深300ETF,1.048,1.048,1.038,1.042,1.048,-0.006,-0.5725,264695.0,27575.831,1.0
20250516,159675.SZ,嘉实创业板增强策略ETF,0.845,0.851,0.845,0.847,0.847,0.0,0.0,46847.0,3977.303,1.0
20250516,159676.SZ,富国创业板增强策略ETF,0.891,0.896,0.889,0.89,0.891,-0.001,-0.1122,13391.0,1195.161,1.0
20250516,159677.SZ,1000增强ETF,1.08,1.084,1.078,1.079,1.077,0.002,0.1857,148666.0,16072.352,1.0
20250516,159678.SZ,博时中证500增强ETF,1.029,1.032,1.028,1.028,1.029,-0.001,-0.0972,3733.0,384.441,1.0
20250516,159679.SZ,国泰中证1000增强策略ETF,0.998,1.009,0.998,1.002,0.998,0.004,0.4008,22050.0,2212.614,1.0
20250516,159680.SZ,招商中证1000增强策略ETF,1.191,1.201,1.188,1.195,1.191,0.004,0.3359,176903.76,21155.254,1.0
20250516,159681.SZ,创50ETF,0.891,0.896,0.888,0.89,0.893,-0.003,-0.3359,276469.0,24681.217,1.0
20250516,159682.SZ,景顺长城创业板50ETF,0.88,0.885,0.876,0.88,0.882,-0.002,-0.2268,798233.33,70401.53,1.0
20250516,159685.SZ,1000增强ETF天弘,1.039,1.043,1.037,1.04,1.036,0.004,0.3861,15062.0,1566.506,1.0
20250516,159686.SZ,易方达中证A100ETF,1.036,1.036,1.03,1.032,1.039,-0.007,-0.6737,1395.0,144.431,1.0
20250516,159687.SZ,南方基金南方东英富时亚太低碳精选ETF(QDII),1.341,1.345,1.338,1.34,1.34,0.0,0.0,470745.0,63138.58,1.0
20250516,159688.SZ,华安恒生互联网科技业ETF(QDII),0.973,0.98,0.973,0.975,0.979,-0.004,-0.4086,1508431.0,147269.729,1.0
20250516,159689.SZ,南方中证主要消费ETF,0.789,0.789,0.779,0.781,0.789,-0.008,-1.0139,25468.0,1988.138,1.0
20250516,159690.SZ,招商中证有色金属矿业主题ETF,1.047,1.054,1.043,1.047,1.048,-0.001,-0.0954,2159.0,227.041,1.0
20250516,159691.SZ,高股息ETF港股,1.134,1.134,1.124,1.131,1.136,-0.005,-0.4401,910779.0,102846.73,1.009
20250516,159692.SZ,证券ETF东财,1.181,1.184,1.167,1.171,1.183,-0.012,-1.0144,78649.0,9223.326,1.0
20250516,159695.SZ,嘉实国证通信ETF,1.151,1.158,1.142,1.153,1.147,0.006,0.5231,54797.0,6319.627,1.0
20250516,159696.SZ,易方达纳斯达克100ETF(QDII),1.42,1.425,1.42,1.421,1.419,0.002,0.1409,904337.08,128642.202,1.0
20250516,159697.SZ,油气ETF,0.968,0.969,0.96,0.96,0.968,-0.008,-0.8264,47772.0,4597.811,1.0
20250516,159698.SZ,粮食ETF,0.879,0.879,0.869,0.873,0.879,-0.006,-0.6826,170966.01,14913.988,1.0
20250516,159699.SZ,广发恒生消费(QDII-ETF),1.008,1.01,1.0,1.004,1.013,-0.009,-0.8885,829250.0,83223.528,1.0
20250516,159701.SZ,招商中证物联网主题ETF,0.781,0.785,0.781,0.782,0.782,0.0,0.0,8764.02,686.751,1.0
20250516,159703.SZ,天弘中证新材料主题ETF,0.577,0.58,0.576,0.578,0.577,0.001,0.1733,37800.0,2184.762,1.0
20250516,159706.SZ,深证100ETF华安,0.689,0.689,0.681,0.684,0.683,0.001,0.1464,4206.0,286.869,1.0
20250516,159707.SZ,华宝中证800地产ETF,0.591,0.593,0.585,0.589,0.59,-0.001,-0.1695,264866.0,15557.281,1.0
20250516,159708.SZ,红利ETF,0.785,0.785,0.779,0.783,0.786,-0.003,-0.3817,200968.0,15716.252,1.0
20250516,159709.SZ,物联网ETF工银,0.875,0.881,0.874,0.879,0.876,0.003,0.3425,814.0,71.424,1.0
20250516,159711.SZ,华夏中证港股通50ETF,1.274,1.274,1.25,1.259,1.268,-0.009,-0.7098,45300.0,5695.599,1.0
20250516,159712.SZ,国泰中证港股通50ETF,1.169,1.173,1.164,1.172,1.179,-0.007,-0.5937,77246.04,9028.966,1.0
20250516,159713.SZ,富国中证稀土产业ETF,0.797,0.807,0.792,0.795,0.799,-0.004,-0.5006,351048.0,28084.36,1.0
20250516,159715.SZ,易方达中证稀土产业ETF,0.728,0.735,0.723,0.726,0.729,-0.003,-0.4115,106064.0,7746.116,1.0
20250516,159716.SZ,华宝深创100ETF,0.798,0.802,0.796,0.799,0.796,0.003,0.3769,5878.0,469.634,1.0
20250516,159717.SZ,ESGETF,0.867,0.873,0.867,0.873,0.873,0.0,0.0,41902.49,3645.301,1.0
20250516,159718.SZ,平安中证港股医药ETF,0.691,0.712,0.691,0.705,0.693,0.012,1.7316,549884.0,38581.635,1.0
20250516,159719.SZ,平安富时中国国企开放共赢ETF,1.51,1.512,1.496,1.5,1.51,-0.01,-0.6623,61655.0,9257.136,1.0
20250516,159720.SZ,智能车TK,0.643,0.654,0.643,0.651,0.647,0.004,0.6182,29509.0,1920.363,1.0
20250516,159721.SZ,深证100ETF永赢,0.767,0.77,0.765,0.767,0.768,-0.001,-0.1302,13410.0,1028.431,1.0
20250516,159723.SZ,汇添富中证沪港深科技龙头ETF,0.863,0.864,0.855,0.859,0.866,-0.007,-0.8083,11882.0,1020.595,1.0
20250516,159725.SZ,线上消费ETF,0.787,0.794,0.785,0.79,0.788,0.002,0.2538,18215.0,1439.723,1.0
20250516,159726.SZ,华夏恒生中国内地企业高股息率ETF,1.151,1.152,1.142,1.15,1.154,-0.004,-0.3466,66437.0,7620.173,1.0
20250516,159728.SZ,南方国证在线消费ETF,0.793,0.8,0.792,0.795,0.796,-0.001,-0.1256,6931.0,551.924,1.0
20250516,159729.SZ,汇添富中证沪港深互联网ETF,0.84,0.85,0.84,0.844,0.849,-0.005,-0.5889,4996.0,420.695,1.0
20250516,159730.SZ,博时龙头家电ETF,0.99,0.994,0.988,0.993,0.993,0.0,0.0,56158.0,5563.932,1.0
20250516,159731.SZ,华夏中证石化产业ETF,0.667,0.667,0.659,0.661,0.666,-0.005,-0.7508,16892.0,1116.214,1.0
20250516,159732.SZ,华夏国证消费电子主题ETF,0.772,0.781,0.771,0.775,0.774,0.001,0.1292,905565.0,70301.396,1.0
20250516,159735.SZ,港股消费,0.818,0.825,0.815,0.822,0.831,-0.009,-1.083,906599.0,74406.54,1.0
20250516,159736.SZ,天弘中证食品饮料ETF,0.731,0.731,0.718,0.722,0.728,-0.006,-0.8242,228160.0,16453.118,1.0
20250516,159738.SZ,云计算ETF华泰柏瑞,1.165,1.187,1.164,1.172,1.182,-0.01,-0.846,219079.0,25661.111,1.0
20250516,159739.SZ,大数据ETF,1.075,1.083,1.068,1.078,1.079,-0.001,-0.0927,106455.0,11478.207,1.0
20250516,159740.SZ,大成恒生科技ETF(QDII),0.702,0.709,0.702,0.706,0.709,-0.003,-0.4231,16881294.0,1191609.06,1.0
20250516,159741.SZ,嘉实恒生科技ETF(QDII),0.699,0.706,0.699,0.704,0.707,-0.003,-0.4243,1731015.0,121681.748,1.0
20250516,159742.SZ,博时恒生科技ETF(QDII),0.723,0.729,0.722,0.727,0.73,-0.003,-0.411,2882146.0,209040.766,1.0
20250516,159743.SZ,博时湖北新旧动能转换ETF,0.904,0.905,0.903,0.903,0.901,0.002,0.222,684.0,61.869,1.0
20250516,159745.SZ,国泰中证全指建筑材料ETF,0.575,0.576,0.57,0.572,0.571,0.001,0.1751,151881.0,8680.687,1.0
20250516,159747.SZ,南方中证香港科技ETF(QDII),1.348,1.365,1.345,1.362,1.359,0.003,0.2208,692931.0,94125.76,0.5
20250516,159748.SZ,富国中证沪港深创新药产业ETF,0.603,0.613,0.599,0.609,0.602,0.007,1.1628,113455.0,6887.523,1.0
20250516,159750.SZ,招商中证香港科技ETF(QDII),0.988,1.002,0.988,0.999,0.997,0.002,0.2006,600659.0,59892.778,1.0
20250516,159751.SZ,港股科技ETF,1.001,1.014,1.0,1.014,1.01,0.004,0.396,802200.0,80906.573,1.0
20250516,159752.SZ,申万菱信中证内地新能源主题ETF,0.449,0.453,0.448,0.45,0.449,0.001,0.2227,36842.0,1660.9,1.0
20250516,159755.SZ,广发国证新能源车电池ETF,0.682,0.694,0.681,0.691,0.683,0.008,1.1713,958213.0,66103.99,1.0
20250516,159757.SZ,景顺长城国证新能源车电池ETF,0.564,0.574,0.564,0.571,0.566,0.005,0.8834,153256.0,8739.25,1.0
20250516,159758.SZ,华夏中证红利质量ETF,0.913,0.913,0.903,0.909,0.913,-0.004,-0.4381,51271.0,4648.767,1.0
20250516,159760.SZ,公共卫生健康ETF,0.572,0.574,0.569,0.573,0.573,0.0,0.0,8305.0,475.126,1.0
20250516,159761.SZ,国泰中证新材料主题ETF,0.496,0.498,0.495,0.496,0.497,-0.001,-0.2012,137426.0,6825.826,1.0
20250516,159763.SZ,建信中证新材料主题ETF,0.465,0.465,0.463,0.465,0.465,0.0,0.0,2131.01,98.852,1.0
20250516,159766.SZ,富国中证旅游主题ETF,0.671,0.674,0.667,0.674,0.671,0.003,0.4471,1464757.0,98222.859,1.0
20250516,159767.SZ,兴银国证新能源车电池ETF,0.559,0.565,0.557,0.564,0.558,0.006,1.0753,16884.0,948.5,1.0
20250516,159768.SZ,房地产ETF,0.53,0.531,0.525,0.528,0.53,-0.002,-0.3774,329129.0,17348.778,1.0
20250516,159770.SZ,机器人ETF,0.895,0.915,0.895,0.902,0.9,0.002,0.2222,2318135.0,210482.793,1.0
20250516,159773.SZ,创业板科技ETF,0.68,0.689,0.68,0.686,0.686,0.0,0.0,21054.0,1445.596,1.0
20250516,159775.SZ,建信国证新能源车电池ETF,0.574,0.581,0.574,0.579,0.575,0.004,0.6957,4099.0,237.23,1.0
20250516,159776.SZ,港股通医药ETF,0.924,0.95,0.923,0.942,0.926,0.016,1.7279,263336.0,24670.641,1.0
20250516,159777.SZ,国联安创业板科技ETF,0.658,0.664,0.658,0.662,0.662,0.0,0.0,19300.0,1276.651,1.0
20250516,159778.SZ,工业互联ETF,0.827,0.835,0.827,0.833,0.831,0.002,0.2407,6821.0,568.266,1.0
20250516,159779.SZ,招商中证消费电子主题ETF,0.737,0.742,0.737,0.738,0.74,-0.002,-0.2703,55996.0,4144.174,1.0
20250516,159780.SZ,南方中证科创创业50ETF,0.538,0.54,0.536,0.537,0.539,-0.002,-0.3711,382741.24,20584.962,1.0
20250516,159781.SZ,易方达中证科创创业50ETF,0.533,0.536,0.532,0.534,0.535,-0.001,-0.1869,754198.98,40253.078,1.0
20250516,159782.SZ,双创50,0.539,0.54,0.536,0.538,0.539,-0.001,-0.1855,86499.0,4653.21,1.0
20250516,159783.SZ,华夏中证科创创业50ETF,0.538,0.541,0.537,0.538,0.54,-0.002,-0.3704,282395.4,15212.214,1.0
20250516,159786.SZ,VRETF,0.841,0.851,0.841,0.846,0.845,0.001,0.1183,24515.0,2078.204,1.0
20250516,159787.SZ,易方达中证全指建筑材料ETF,0.626,0.626,0.621,0.624,0.625,-0.001,-0.16,7488.0,468.452,1.0
20250516,159788.SZ,易方达中证港股通中国100ETF,1.251,1.251,1.24,1.248,1.258,-0.01,-0.7949,193233.0,24044.963,1.0
20250516,159790.SZ,华夏中证内地低碳经济主题ETF,0.554,0.555,0.552,0.552,0.554,-0.002,-0.361,188682.01,10444.715,1.0
20250516,159791.SZ,华夏沪深300ESG基准ETF,0.94,0.94,0.933,0.934,0.942,-0.008,-0.8493,9970.0,934.247,1.0
20250516,159792.SZ,富国中证港股通互联网ETF,0.836,0.849,0.836,0.847,0.851,-0.004,-0.47,24227926.5,2041825.384,1.0
20250516,159793.SZ,平安中证沪港深线上消费主题ETF,0.898,0.898,0.889,0.895,0.901,-0.006,-0.6659,3241.0,289.391,1.0
20250516,159795.SZ,汇添富中证智能汽车主题ETF,0.897,0.919,0.897,0.911,0.9,0.011,1.2222,34742.0,3163.574,1.0
20250516,159796.SZ,汇添富中证电池主题ETF,0.56,0.571,0.56,0.566,0.564,0.002,0.3546,205938.0,11690.039,1.0
20250516,159797.SZ,汇添富中证全指医疗器械ETF,0.722,0.734,0.722,0.727,0.727,0.0,0.0,6152.0,446.923,1.0
20250516,159798.SZ,易方达中证消费50ETF,0.967,0.967,0.956,0.96,0.967,-0.007,-0.7239,94361.0,9048.193,1.0
20250516,159800.SZ,鹏华中证800ETF,1.147,1.153,1.138,1.14,1.153,-0.013,-1.1275,50995.0,5831.418,1.0
20250516,159801.SZ,广发国证半导体芯片ETF,0.606,0.608,0.602,0.604,0.608,-0.004,-0.6579,1027649.0,62142.512,1.998
20250516,159804.SZ,国寿安保创精选88ETF,1.152,1.154,1.144,1.144,1.146,-0.002,-0.1745,638.0,73.4,1.0
20250516,159805.SZ,传媒ETF,1.112,1.116,1.108,1.113,1.112,0.001,0.0899,87450.0,9729.063,1.0
20250516,159806.SZ,国泰中证新能源汽车ETF,0.536,0.547,0.536,0.544,0.539,0.005,0.9276,247940.0,13474.54,3.001
20250516,159807.SZ,易方达中证科技50ETF,0.492,0.493,0.489,0.492,0.493,-0.001,-0.2028,365780.26,17965.805,1.999
20250516,159808.SZ,融通创业板ETF,0.773,0.779,0.771,0.775,0.776,-0.001,-0.1289,4432.0,344.243,1.0
20250516,159810.SZ,浦银安盛创业板ETF,0.819,0.826,0.818,0.819,0.819,0.0,0.0,11713.0,961.389,1.0
20250516,159811.SZ,博时5G50ETF,1.185,1.19,1.18,1.186,1.185,0.001,0.0844,26657.02,3162.619,1.0
20250516,159812.SZ,前海开源黄金ETF,7.169,7.186,7.137,7.156,7.045,0.111,1.5756,36977.0,26493.489,1.0
20250516,159813.SZ,芯片,0.781,0.784,0.777,0.778,0.782,-0.004,-0.5115,1865635.5,145444.305,1.5
20250516,159814.SZ,西部利得创业板大盘ETF,0.388,0.392,0.388,0.39,0.391,-0.001,-0.2558,695589.0,27163.065,2.06
20250516,159816.SZ,0-4地债,113.571,113.571,113.479,113.5,113.5,0.0,0.0,230555.0,2617160.81,1.013
20250516,159819.SZ,易方达中证人工智能主题ETF,0.914,0.922,0.911,0.918,0.916,0.002,0.2183,3186049.51,292566.956,1.0
20250516,159820.SZ,天弘中证500ETF,0.954,0.957,0.952,0.953,0.955,-0.002,-0.2094,28022.0,2672.956,1.0
20250516,159821.SZ,中银证券创业板ETF,0.763,0.767,0.76,0.763,0.762,0.001,0.1312,2000.0,152.417,1.0
20250516,159822.SZ,新经济,0.701,0.725,0.69,0.698,0.727,-0.029,-3.989,24418997.27,1726523.307,1.0
20250516,159824.SZ,博时新能源汽车ETF,0.828,0.841,0.828,0.836,0.829,0.007,0.8444,36624.0,3060.476,1.0
20250516,159825.SZ,富国中证农业主题ETF,0.687,0.687,0.68,0.683,0.687,-0.004,-0.5822,520379.05,35481.85,1.0
20250516,159827.SZ,农业50,0.739,0.739,0.731,0.734,0.739,-0.005,-0.6766,9554.0,700.626,1.0
20250516,159828.SZ,国泰中证医疗ETF,0.4,0.401,0.397,0.398,0.4,-0.002,-0.5,793594.06,31611.742,1.0
20250516,159830.SZ,天弘上海金ETF,7.486,7.499,7.447,7.477,7.352,0.125,1.7002,63404.68,47390.858,0.936
20250516,159831.SZ,嘉实上海金ETF,7.27,7.279,7.23,7.25,7.14,0.11,1.5406,125131.0,90829.306,1.0
20250516,159834.SZ,南方上海金ETF,7.507,7.523,7.466,7.487,7.375,0.112,1.5186,99744.06,74740.504,1.0
20250516,159835.SZ,建信中证创新药产业ETF,0.57,0.575,0.565,0.575,0.569,0.006,1.0545,57478.0,3287.077,1.0
20250516,159836.SZ,天弘创业板300ETF,0.8,0.812,0.792,0.8,0.8,0.0,0.0,3630.0,290.341,1.0
20250516,159837.SZ,易方达中证生物科技主题ETF,0.448,0.45,0.445,0.45,0.448,0.002,0.4464,503060.05,22563.501,1.0
20250516,159838.SZ,博时医药50ETF,0.545,0.549,0.544,0.548,0.549,-0.001,-0.1821,58297.0,3185.352,1.0
20250516,159839.SZ,汇添富国证生物医药ETF,0.324,0.325,0.322,0.325,0.324,0.001,0.3086,505511.1,16355.677,1.0
20250516,159840.SZ,锂电池ETF,0.546,0.556,0.546,0.553,0.548,0.005,0.9124,466945.0,25805.945,1.0
20250516,159841.SZ,天弘中证全指证券公司ETF,0.977,0.979,0.965,0.968,0.978,-0.01,-1.0225,1651523.0,160052.989,1.0
20250516,159842.SZ,券商ETF,1.019,1.022,1.009,1.01,1.022,-0.012,-1.1742,579816.0,58740.096,1.0
20250516,159843.SZ,招商国证食品饮料ETF,0.681,0.681,0.67,0.673,0.679,-0.006,-0.8837,288743.0,19427.817,1.0
20250516,159845.SZ,华夏中证1000ETF,2.462,2.488,2.461,2.472,2.47,0.002,0.081,1690986.28,418664.704,0.263
20250516,159847.SZ,易方达中证医疗ETF,0.378,0.378,0.374,0.375,0.378,-0.003,-0.7937,166689.0,6258.786,1.0
20250516,159848.SZ,国联安证券ETF,0.86,0.86,0.85,0.851,0.861,-0.01,-1.1614,32467.0,2766.706,1.0
20250516,159849.SZ,招商中证生物科技主题ETF,0.465,0.469,0.465,0.469,0.466,0.003,0.6438,19245.0,898.431,1.0
20250516,159850.SZ,华夏恒生中国企业ETF(QDII),0.86,0.863,0.856,0.863,0.868,-0.005,-0.576,192145.0,16536.883,1.0
20250516,159851.SZ,华宝中证金融科技主题ETF,1.401,1.409,1.394,1.397,1.409,-0.012,-0.8517,1823688.0,255494.543,1.0
20250516,159852.SZ,嘉实中证软件服务ETF,0.791,0.796,0.788,0.792,0.794,-0.002,-0.2519,2693597.75,213518.717,1.0
20250516,159855.SZ,影视ETF,0.846,0.851,0.84,0.847,0.845,0.002,0.2367,24196.0,2050.545,1.0
20250516,159856.SZ,互联网龙头ETF,0.712,0.712,0.702,0.707,0.711,-0.004,-0.5626,53835.05,3795.668,1.0
20250516,159857.SZ,天弘中证光伏产业ETF,0.562,0.568,0.56,0.565,0.563,0.002,0.3552,904744.0,51092.878,1.0
20250516,159858.SZ,南方中证创新药产业ETF,0.575,0.584,0.572,0.581,0.577,0.004,0.6932,201727.0,11692.414,1.0
20250516,159859.SZ,天弘国证生物医药ETF,0.345,0.348,0.344,0.347,0.346,0.001,0.289,2145929.0,74275.604,1.0
20250516,159861.SZ,国泰中证环保产业50ETF,0.794,0.799,0.793,0.795,0.794,0.001,0.1259,80922.0,6432.088,1.0
20250516,159862.SZ,食品ETF,0.705,0.705,0.695,0.697,0.704,-0.007,-0.9943,6928.0,482.069,1.0
20250516,159863.SZ,光伏产业,0.44,0.446,0.44,0.442,0.442,0.0,0.0,53697.0,2380.461,1.5
20250516,159864.SZ,国泰中证光伏产业ETF,0.429,0.434,0.428,0.431,0.429,0.002,0.4662,167570.0,7231.623,1.0
20250516,159865.SZ,国泰中证畜牧养殖ETF,0.589,0.591,0.584,0.587,0.592,-0.005,-0.8446,2833332.8,166505.71,1.0
20250516,159866.SZ,日经ETF,1.086,1.09,1.085,1.086,1.087,-0.001,-0.092,363960.0,39555.434,1.0
20250516,159867.SZ,畜牧ETF,0.601,0.601,0.593,0.598,0.601,-0.003,-0.4992,113224.0,6751.479,1.0
20250516,159869.SZ,华夏中证动漫游戏ETF,1.07,1.082,1.07,1.074,1.073,0.001,0.0932,2835113.0,304933.455,1.0
20250516,159870.SZ,化工ETF,0.565,0.566,0.562,0.564,0.565,-0.001,-0.177,262571.3,14809.131,1.0
20250516,159871.SZ,有色金属,1.083,1.092,1.081,1.084,1.083,0.001,0.0923,17898.0,1943.737,1.0
20250516,159872.SZ,车联网,0.89,0.913,0.89,0.906,0.895,0.011,1.2291,9643.0,872.613,1.0
20250516,159873.SZ,天弘中证全指医疗保健设备与服务ETF,0.561,0.563,0.56,0.56,0.563,-0.003,-0.5329,70570.0,3957.729,1.0
20250516,159875.SZ,嘉实中证新能源ETF,0.432,0.435,0.431,0.433,0.432,0.001,0.2315,329878.0,14301.151,1.0
20250516,159876.SZ,华宝中证有色金属ETF,1.11,1.12,1.107,1.11,1.112,-0.002,-0.1799,32620.0,3626.275,1.0
20250516,159877.SZ,南方中证全指医疗保健设备与服务ETF,0.558,0.56,0.557,0.557,0.56,-0.003,-0.5357,24563.0,1371.978,1.0
20250516,159880.SZ,有色50,1.064,1.072,1.061,1.065,1.065,0.0,0.0,25240.0,2686.848,1.0
20250516,159881.SZ,国泰中证有色金属ETF,1.029,1.043,1.028,1.034,1.036,-0.002,-0.1931,33741.0,3492.86,1.0
20250516,159883.SZ,医疗器械ETF,0.473,0.475,0.472,0.473,0.474,-0.001,-0.211,286836.01,13578.683,1.0
20250516,159885.SZ,低碳ETF,0.574,0.575,0.571,0.573,0.574,-0.001,-0.1742,8575.0,491.688,1.5
20250516,159886.SZ,富国中证细分机械设备产业主题ETF,0.749,0.752,0.748,0.749,0.751,-0.002,-0.2663,92816.0,6958.627,1.0
20250516,159887.SZ,富国中证800银行ETF,1.313,1.318,1.295,1.305,1.315,-0.01,-0.7605,428983.0,55924.779,1.0
20250516,159888.SZ,华夏中证智能汽车主题ETF,1.057,1.08,1.057,1.069,1.057,0.012,1.1353,125414.0,13458.873,1.0
20250516,159889.SZ,国泰中证智能汽车主题ETF,0.911,0.931,0.911,0.923,0.911,0.012,1.3172,15594.0,1439.863,1.0
20250516,159890.SZ,招商中证云计算ETF,1.131,1.145,1.131,1.138,1.139,-0.001,-0.0878,227184.0,25901.648,1.0
20250516,159891.SZ,建信中证全指医疗保健设备与服务ETF,0.421,0.422,0.419,0.42,0.42,0.0,0.0,12395.0,521.112,1.0
20250516,159892.SZ,华夏恒生生物科技ETF(QDII),0.594,0.611,0.594,0.605,0.593,0.012,2.0236,12948034.0,778413.824,1.0
20250516,159895.SZ,易方达中证物联网主题ETF,0.845,0.845,0.835,0.838,0.838,0.0,0.0,2586.0,216.555,1.0
20250516,159896.SZ,南方中证物联网主题ETF,0.779,0.782,0.777,0.781,0.779,0.002,0.2567,5135.0,401.386,1.0
20250516,159898.SZ,招商中证全指医疗器械ETF,0.513,0.515,0.512,0.513,0.514,-0.001,-0.1946,148607.0,7626.463,1.0
20250516,159899.SZ,招商中证全指软件ETF,0.796,0.798,0.79,0.793,0.796,-0.003,-0.3769,125018.0,9923.777,1.0
20250516,159901.SZ,易方达深证100ETF,2.682,2.693,2.676,2.682,2.688,-0.006,-0.2232,238820.19,64170.899,2.061
20250516,159902.SZ,华夏中小企业100ETF,3.303,3.32,3.296,3.31,3.307,0.003,0.0907,6804.0,2251.356,1.048
20250516,159903.SZ,南方深证成份ETF,1.222,1.226,1.219,1.224,1.226,-0.002,-0.1631,113981.0,13938.399,1.0
20250516,159905.SZ,深红利ETF,1.646,1.647,1.634,1.641,1.647,-0.006,-0.3643,224447.0,36804.288,1.187
20250516,159906.SZ,大成深证成长40ETF,0.907,0.916,0.907,0.912,0.913,-0.001,-0.1095,12804.0,1168.614,1.0
20250516,159907.SZ,广发国证2000ETF,0.791,0.799,0.791,0.796,0.793,0.003,0.3783,120324.0,9592.142,2.0
20250516,159908.SZ,博时创业板ETF,1.89,1.903,1.885,1.888,1.891,-0.003,-0.1586,31274.0,5911.956,1.0
20250516,159909.SZ,深证TMT50ETF,0.628,0.633,0.627,0.629,0.628,0.001,0.1592,11758.0,739.153,9.792
20250516,159910.SZ,嘉实深证基本面120ETF,2.034,2.085,2.015,2.039,2.047,-0.008,-0.3908,551.0,112.358,1.0
20250516,159912.SZ,汇添富深证300ETF,1.383,1.383,1.373,1.376,1.381,-0.005,-0.3621,3765.0,519.09,1.0
20250516,159913.SZ,交银深证300价值ETF,2.146,2.153,2.146,2.153,2.147,0.006,0.2795,67.0,14.393,1.0
20250516,159915.SZ,易方达创业板ETF,2.006,2.02,2.005,2.008,2.012,-0.004,-0.1988,5946975.16,1197218.183,1.0
20250516,159916.SZ,建信深证基本面60ETF,4.619,4.62,4.619,4.62,4.646,-0.026,-0.5596,4.0,1.848,1.0
20250516,159918.SZ,嘉实中创400ETF,1.806,1.815,1.806,1.81,1.806,0.004,0.2215,679.0,123.033,1.0
20250516,159919.SZ,嘉实沪深300ETF,4.044,4.044,4.01,4.023,4.047,-0.024,-0.593,1741498.32,700652.331,0.458
20250516,159920.SZ,华夏恒生ETF,1.433,1.438,1.428,1.435,1.444,-0.009,-0.6233,3993809.99,572310.135,1.052
20250516,159922.SZ,嘉实中证500ETF,2.28,2.29,2.277,2.281,2.286,-0.005,-0.2187,582707.41,133065.877,2.949
20250516,159923.SZ,大成中证A100ETF,1.76,1.76,1.75,1.756,1.764,-0.008,-0.4535,336.0,58.98,1.0
20250516,159925.SZ,南方沪深300ETF,3.932,3.942,3.908,3.922,3.943,-0.021,-0.5326,168316.99,66032.144,0.515
20250516,159928.SZ,汇添富中证主要消费ETF,0.831,0.831,0.82,0.823,0.831,-0.008,-0.9627,2380868.0,196053.931,4.0
20250516,159929.SZ,汇添富中证医药卫生ETF,1.275,1.28,1.266,1.28,1.274,0.006,0.471,348914.44,44457.859,1.0
20250516,159930.SZ,汇添富中证能源ETF,1.257,1.257,1.242,1.246,1.257,-0.011,-0.8751,152566.0,19003.647,1.0
20250516,159931.SZ,汇添富中证金融地产ETF,1.85,1.85,1.825,1.829,1.85,-0.021,-1.1351,8793.0,1611.801,1.0
20250516,159933.SZ,国投瑞银金融地产ETF,2.829,2.855,2.818,2.822,2.853,-0.031,-1.0866,894.0,252.911,1.0
20250516,159934.SZ,易方达黄金ETF,7.113,7.133,7.085,7.106,6.996,0.11,1.5723,2540925.92,1806946.873,1.0
20250516,159935.SZ,景顺长城中证500ETF,1.778,1.787,1.778,1.78,1.784,-0.004,-0.2242,6277.0,1119.876,1.0
20250516,159936.SZ,广发中证全指可选消费ETF,2.032,2.062,2.032,2.056,2.038,0.018,0.8832,40193.0,8247.075,1.0
20250516,159937.SZ,博时黄金ETF,7.173,7.193,7.146,7.163,7.057,0.106,1.5021,1638317.0,1174713.988,1.0
20250516,159938.SZ,广发中证全指医药卫生ETF,0.62,0.621,0.614,0.62,0.618,0.002,0.3236,328232.0,20301.735,2.0
20250516,159939.SZ,广发中证全指信息技术ETF,0.616,0.618,0.613,0.616,0.617,-0.001,-0.1621,124683.0,7676.184,2.0
20250516,159940.SZ,广发中证全指金融地产ETF,1.187,1.187,1.166,1.17,1.182,-0.012,-1.0152,135390.0,15845.127,1.0
20250516,159941.SZ,广发纳指100ETF,1.178,1.183,1.175,1.176,1.174,0.002,0.1704,8484754.0,1000333.294,4.0
20250516,159943.SZ,深证ETF,1.094,1.098,1.091,1.094,1.096,-0.002,-0.1825,47049.0,5153.159,11.82
20250516,159944.SZ,广发中证全指原材料ETF,0.936,0.937,0.931,0.933,0.935,-0.002,-0.2139,15525.0,1448.765,1.0
20250516,159945.SZ,广发中证全指能源ETF,1.025,1.031,1.021,1.026,1.031,-0.005,-0.485,25912.0,2651.25,1.0
20250516,159948.SZ,南方创业板ETF,2.236,2.248,2.232,2.234,2.24,-0.006,-0.2679,132477.0,29678.649,1.0
20250516,159949.SZ,华安创业板50ETF,0.903,0.911,0.902,0.905,0.906,-0.001,-0.1104,6319248.0,573490.625,1.0
20250516,159952.SZ,广发创业板ETF,1.227,1.235,1.226,1.228,1.23,-0.002,-0.1626,686940.0,84516.589,1.0
20250516,159954.SZ,南方恒生中国企业ETF,0.971,0.979,0.969,0.978,0.984,-0.006,-0.6098,95005.0,9259.827,1.0
20250516,159956.SZ,建信创业板ETF,1.275,1.29,1.275,1.29,1.285,0.005,0.3891,2209.0,283.555,1.0
20250516,159957.SZ,华夏创业板ETF,1.328,1.334,1.325,1.326,1.331,-0.005,-0.3757,233991.0,31129.49,1.0
20250516,159958.SZ,创业板ETF工银,1.22,1.232,1.22,1.226,1.227,-0.001,-0.0815,14218.0,1744.431,1.0
20250516,159959.SZ,央企ETF,1.409,1.412,1.4,1.404,1.409,-0.005,-0.3549,19244.0,2700.393,1.0
20250516,159960.SZ,平安恒生中国企业ETF,0.874,0.874,0.864,0.871,0.875,-0.004,-0.4571,82904.0,7187.513,1.228
20250516,159961.SZ,方正富邦深证100ETF,1.608,1.609,1.603,1.607,1.61,-0.003,-0.1863,12390.0,1989.809,1.0
20250516,159964.SZ,平安创业板ETF,1.319,1.323,1.312,1.316,1.319,-0.003,-0.2274,19871.0,2623.814,1.0
20250516,159965.SZ,国联央视50ETF,1.479,1.482,1.473,1.478,1.492,-0.014,-0.9383,1323.0,195.505,1.0
20250516,159966.SZ,华夏创业板低波价值ETF,0.458,0.458,0.455,0.456,0.458,-0.002,-0.4367,87467.0,3985.829,3.076
20250516,159967.SZ,华夏创成长ETF,0.419,0.424,0.418,0.42,0.421,-0.001,-0.2375,1315959.0,55401.764,3.638
20250516,159968.SZ,博时中证500ETF,7.069,7.086,7.047,7.055,7.064,-0.009,-0.1274,5285.0,3734.004,1.0
20250516,159969.SZ,深100P,1.143,1.143,1.137,1.143,1.143,0.0,0.0,8562.03,977.127,1.0
20250516,159970.SZ,深100ETF工银,4.557,4.561,4.536,4.557,4.56,-0.003,-0.0658,318.0,144.759,1.0
20250516,159971.SZ,富国创业板ETF,1.408,1.418,1.403,1.411,1.414,-0.003,-0.2122,126601.0,17890.438,1.0
20250516,159972.SZ,5年地债,115.9,115.901,115.815,115.826,115.883,-0.057,-0.0492,188114.0,2178977.988,1.082
20250516,159973.SZ,弘毅远方国证民企领先100ETF,1.335,1.341,1.331,1.335,1.335,0.0,0.0,4321.0,578.407,1.0
20250516,159974.SZ,富国中证央企创新驱动ETF,1.556,1.556,1.545,1.548,1.557,-0.009,-0.578,6180.0,957.001,1.0
20250516,159975.SZ,招商深证100ETF,0.557,0.558,0.555,0.556,0.558,-0.002,-0.3584,29287.0,1628.897,10.0
20250516,159976.SZ,湾创ETF,1.143,1.148,1.139,1.146,1.145,0.001,0.0873,218.0,24.943,1.0
20250516,159977.SZ,天弘创业板ETF,2.108,2.117,2.102,2.106,2.11,-0.004,-0.1896,182024.0,38427.517,1.0
20250516,159980.SZ,大成有色金属期货ETF,1.687,1.687,1.676,1.678,1.678,0.0,0.0,236200.37,39689.323,1.0
20250516,159981.SZ,建信能源化工期货ETF,1.326,1.329,1.311,1.312,1.327,-0.015,-1.1304,326037.0,43001.809,1.0
20250516,159982.SZ,中证500,1.461,1.464,1.456,1.46,1.463,-0.003,-0.2051,43177.0,6302.166,1.0
20250516,159985.SZ,华夏饲料豆粕期货ETF,1.906,1.909,1.904,1.905,1.913,-0.008,-0.4182,487366.0,92883.531,1.0
20250516,159991.SZ,招商创业板大盘ETF,0.442,0.445,0.442,0.443,0.444,-0.001,-0.2252,73071.39,3241.264,2.84
20250516,159992.SZ,创新药,0.732,0.741,0.726,0.739,0.733,0.006,0.8186,5040291.03,371053.293,1.0
20250516,159993.SZ,龙头券商,1.147,1.151,1.134,1.138,1.149,-0.011,-0.9574,288693.0,32900.637,1.0
20250516,159994.SZ,5GETF,0.845,0.859,0.845,0.853,0.85,0.003,0.3529,196205.0,16774.666,1.0
20250516,159995.SZ,华夏国证半导体芯片ETF,1.216,1.222,1.21,1.212,1.219,-0.007,-0.5742,2854884.0,346895.413,1.0
20250516,159996.SZ,国泰中证全指家用电器ETF,1.35,1.355,1.346,1.35,1.351,-0.001,-0.074,338431.0,45687.084,1.0
20250516,159997.SZ,天弘中证电子ETF,1.076,1.082,1.072,1.078,1.078,0.0,0.0,187020.0,20138.707,1.0
20250516,159998.SZ,天弘中证计算机主题ETF,0.871,0.877,0.869,0.872,0.874,-0.002,-0.2288,517794.0,45204.118,1.0
20250516,510010.SH,交银上证180公司治理ETF,1.633,1.633,1.612,1.614,1.628,-0.014,-0.86,421.0,67.905,1.0
20250516,510020.SH,博时上证超大盘ETF,3.213,3.238,3.17,3.177,3.213,-0.036,-1.1204,7109.0,2258.124,0.101
20250516,510030.SH,上证180价值ETF,1.024,1.06,1.005,1.021,1.032,-0.011,-1.0659,20300.0,2070.183,8.039
20250516,510040.SH,鹏华上证180ETF,0.988,1.0,0.988,0.998,1.0,-0.002,-0.2,9583.0,954.352,1.0
20250516,510050.SH,华夏上证50ETF,2.798,2.804,2.767,2.778,2.803,-0.025,-0.8919,6900619.2,1916601.343,1.41
20250516,510060.SH,工银上证央企ETF,2.523,2.527,2.498,2.503,2.529,-0.026,-1.0281,8109.99,2030.68,1.0
20250516,510090.SH,建信上证社会责任ETF,2.535,2.535,2.504,2.513,2.535,-0.022,-0.8679,684.0,171.895,1.0
20250516,510100.SH,易方达上证50ETF,2.731,2.74,2.705,2.716,2.74,-0.024,-0.8759,708830.35,192444.7,0.45
20250516,510130.SH,易方达上证中盘ETF,6.034,6.034,5.85,5.951,5.982,-0.031,-0.5182,220.71,131.534,1.0
20250516,510150.SH,招商上证消费80ETF,0.534,0.535,0.53,0.533,0.535,-0.002,-0.3738,646360.0,34448.033,12.067
20250516,510160.SH,南方小康ETF,0.836,0.838,0.832,0.834,0.839,-0.005,-0.5959,4062.0,338.814,1.0
20250516,510170.SH,国联安上证商品ETF,0.875,0.881,0.872,0.874,0.877,-0.003,-0.3421,7922.0,694.251,4.046
20250516,510180.SH,华安上证180ETF,3.542,3.564,3.519,3.534,3.553,-0.019,-0.5348,61005.0,21534.571,3.294
20250516,510190.SH,华安上证50ETF,3.883,3.883,3.844,3.855,3.889,-0.034,-0.8743,7162.0,2757.636,1.001
20250516,510200.SH,上证券商,1.151,1.151,1.136,1.14,1.15,-0.01,-0.8696,21665.0,2472.783,1.0
20250516,510210.SH,上证综指ETF,0.827,0.828,0.822,0.826,0.829,-0.003,-0.3619,1677961.0,138400.787,6.188
20250516,510230.SH,国泰上证180金融ETF,1.363,1.368,1.346,1.351,1.369,-0.018,-1.3148,320738.98,43334.911,6.006
20250516,510270.SH,国企ETF,1.339,1.34,1.327,1.333,1.336,-0.003,-0.2246,1302.0,173.405,1.0
20250516,510290.SH,南方上证380ETF,1.975,1.978,1.971,1.975,1.979,-0.004,-0.2021,291.0,57.437,1.0
20250516,510300.SH,华泰柏瑞沪深300ETF,4.002,4.009,3.977,3.989,4.011,-0.022,-0.5485,7302837.31,2913902.471,1.208
20250516,510310.SH,易方达沪深300ETF发起式,3.827,3.831,3.8,3.813,3.833,-0.02,-0.5218,2173143.77,828221.538,0.513
20250516,510320.SH,中金沪深300ETF,1.031,1.034,1.025,1.028,1.033,-0.005,-0.484,495051.0,50881.564,1.0
20250516,510330.SH,华夏沪深300ETF,4.031,4.035,4.001,4.014,4.036,-0.022,-0.5451,704466.0,282737.117,1.237
20250516,510350.SH,工银沪深300ETF,3.961,3.964,3.933,3.943,3.967,-0.024,-0.605,57490.0,22687.156,1.095
20250516,510360.SH,广发沪深300ETF,1.455,1.455,1.442,1.448,1.455,-0.007,-0.4811,653293.0,94532.461,1.0
20250516,510370.SH,300指数ETF,0.859,0.859,0.852,0.856,0.859,-0.003,-0.3492,1282.0,109.547,1.0
20250516,510380.SH,国寿安保沪深300ETF,1.121,1.122,1.118,1.122,1.127,-0.005,-0.4437,1734.0,193.919,1.0
20250516,510390.SH,平安沪深300ETF,4.247,4.247,4.22,4.235,4.256,-0.021,-0.4934,3484.0,1474.255,1.108
20250516,510410.SH,博时上证自然资源ETF,1.206,1.211,1.201,1.202,1.206,-0.004,-0.3317,34713.0,4178.989,1.0
20250516,510500.SH,南方中证500ETF,5.706,5.735,5.703,5.711,5.721,-0.01,-0.1748,1753815.74,1002830.482,0.332
20250516,510510.SH,广发中证500ETF,1.783,1.798,1.783,1.788,1.791,-0.003,-0.1675,153712.0,27520.076,1.0
20250516,510530.SH,工银中证500ETF,6.024,6.045,6.018,6.02,6.034,-0.014,-0.232,17439.0,10521.528,1.0
20250516,510550.SH,方正富邦中证500ETF,1.432,1.434,1.428,1.434,1.431,0.003,0.2096,1873.0,268.185,1.0
20250516,510560.SH,国寿安保中证500ETF,1.48,1.48,1.342,1.353,1.349,0.004,0.2965,1727.0,234.457,1.0
20250516,510570.SH,兴业中证500ETF,0.887,0.892,0.887,0.892,0.89,0.002,0.2247,119.0,10.564,1.0
20250516,510580.SH,易方达中证500ETF,2.873,2.883,2.865,2.866,2.872,-0.006,-0.2089,118287.81,33963.071,2.48
20250516,510590.SH,平安中证500ETF,5.937,5.94,5.916,5.917,5.928,-0.011,-0.1856,2170.0,1286.768,1.123
20250516,510600.SH,申万菱信上证50交易型开放式指数发起式,3.5,3.509,3.47,3.483,3.517,-0.034,-0.9667,20379.0,7096.333,1.0
20250516,510630.SH,华夏消费ETF,0.981,0.981,0.967,0.973,0.982,-0.009,-0.9165,143902.0,13977.591,3.949
20250516,510650.SH,华夏金融ETF,2.839,2.841,2.799,2.806,2.844,-0.038,-1.3361,21444.0,6016.814,1.0
20250516,510660.SH,华夏医药ETF,2.199,2.219,2.193,2.217,2.207,0.01,0.4531,10051.0,2218.9,1.0
20250516,510680.SH,万家上证50ETF,2.849,2.849,2.812,2.825,2.85,-0.025,-0.8772,34886.0,9849.121,1.0
20250516,510710.SH,博时上证50ETF,3.772,3.775,3.69,3.736,3.776,-0.04,-1.0593,20894.0,7826.255,1.0
20250516,510720.SH,国泰上证国有企业红利ETF,0.961,0.962,0.95,0.955,0.961,-0.006,-0.6243,694406.0,66267.498,1.048
20250516,510760.SH,国泰上证综合ETF,1.073,1.074,1.066,1.069,1.074,-0.005,-0.4655,500713.0,53550.533,1.148
20250516,510770.SH,申万菱信上证G60战略新兴产业成份ETF,0.553,0.559,0.553,0.556,0.556,0.0,0.0,4195.0,233.461,1.0
20250516,510800.SH,建信上证50ETF,1.261,1.273,1.247,1.249,1.261,-0.012,-0.9516,62483.0,7812.948,1.0
20250516,510810.SH,中证上海国企ETF,0.826,0.827,0.821,0.823,0.826,-0.003,-0.3632,357894.0,29454.46,1.09
20250516,510850.SH,工银上证50ETF,3.152,3.152,3.117,3.128,3.154,-0.026,-0.8244,55406.0,17329.046,1.0
20250516,510880.SH,华泰柏瑞上证红利ETF,3.118,3.123,3.09,3.106,3.124,-0.018,-0.5762,867006.3,268988.03,1.733
20250516,510900.SH,易方达恒生国企(QDII-ETF),1.096,1.099,1.091,1.096,1.105,-0.009,-0.8145,2377407.0,260382.795,1.045
20250516,510950.SH,广发上证50ETF,1.138,1.138,1.076,1.127,1.137,-0.01,-0.8795,52053.0,5863.595,1.0
20250516,510980.SH,汇添富上证综合ETF,1.151,1.152,1.143,1.147,1.152,-0.005,-0.434,208454.0,23905.661,1.0
20250516,510990.SH,180ESGETF,0.888,0.909,0.888,0.903,0.909,-0.006,-0.6601,95259.0,8606.965,1.0
20250516,511010.SH,国泰上证5年期国债ETF,141.027,141.027,140.902,140.943,141.037,-0.094,-0.0666,10243.0,144356.714,1.012
20250516,511020.SH,平安5-10年期国债活跃券ETF,117.182,117.182,117.05,117.096,117.192,-0.096,-0.0819,23940.0,280269.908,1.084
20250516,511030.SH,平安中高等级公司债利差因子ETF,105.734,105.734,105.601,105.649,105.717,-0.068,-0.0643,39531.46,417638.649,1.118
20250516,511060.SH,海富通上证5年期地方政府债ETF,107.165,107.176,107.052,107.136,107.139,-0.003,-0.0028,226871.0,2429874.638,1.15
20250516,511070.SH,南方上证基准做市公司债ETF,100.2,100.256,100.185,100.239,100.24,-0.001,-0.001,445063.87,4459681.441,1.0
20250516,511090.SH,鹏扬中债-30年期国债ETF,122.986,122.99,122.684,122.92,123.096,-0.176,-0.143,626783.96,7696658.771,1.052
20250516,511100.SH,华夏上证基准做市国债ETF,108.971,108.971,108.736,108.833,108.925,-0.092,-0.0845,142873.0,1554335.726,1.0
20250516,511110.SH,易方达上证基准做市公司债ETF,100.337,100.337,100.226,100.291,100.35,-0.059,-0.0588,419151.98,4202059.307,1.0
20250516,511130.SH,博时上证30年期国债ETF,111.679,111.679,111.31,111.582,111.728,-0.146,-0.1307,231672.55,2581504.585,1.025
20250516,511160.SH,国债ETF东财,99.959,99.96,99.914,99.926,99.945,-0.019,-0.019,69222.0,691679.702,1.0
20250516,511180.SH,海富通上证投资级可转债ETF,11.44,11.456,11.404,11.42,11.447,-0.027,-0.2359,416626.49,475897.796,1.0
20250516,511190.SH,海富通上证基准做市公司债ETF,100.252,100.253,100.192,100.212,100.271,-0.059,-0.0588,594864.1,5961733.705,1.0
20250516,511200.SH,华夏上证基准做市公司债ETF,100.398,100.409,100.375,100.381,100.46,-0.079,-0.0786,497705.9,4996683.719,1.0
20250516,511220.SH,海富通上证城投债ETF,10.263,10.263,10.246,10.251,10.258,-0.007,-0.0682,856495.97,877843.127,15.16
20250516,511260.SH,上证10年期国债ETF,136.045,136.132,136.001,136.048,136.149,-0.101,-0.0742,19687.0,267824.382,1.0
20250516,511270.SH,海富通上证10年期地方政府债ETF,117.956,117.956,117.821,117.901,117.915,-0.014,-0.0119,92379.54,1089043.564,1.195
20250516,511360.SH,海富通中证短融ETF,111.796,111.798,111.783,111.786,111.785,0.001,0.0009,1198477.39,13397875.698,1.0
20250516,511380.SH,博时可转债ETF,11.969,12.011,11.966,11.992,11.975,0.017,0.142,2257387.0,2706453.039,1.0
20250516,511520.SH,富国中债7-10年政策性金融债ETF,115.289,115.289,115.147,115.188,115.323,-0.135,-0.1171,1025032.81,11806793.655,1.0
20250516,511580.SH,招商中证国债及政策性金融债0-3年ETF,107.614,107.614,107.595,107.598,107.609,-0.011,-0.0102,31620.0,340232.392,1.003
20250516,511600.SH,华安日日鑫货币H,100.009,100.012,100.007,100.012,100.011,0.001,0.001,77.0,770.088,1.0
20250516,511620.SH,国泰瞬利货币A,100.05,100.05,100.014,100.018,100.013,0.005,0.005,1092.11,10922.858,1.0
20250516,511650.SH,华夏快线货币E,100.006,100.007,100.003,100.007,100.001,0.006,0.006,58.3,583.037,1.0
20250516,511660.SH,建信现金添益货币H,100.007,100.013,100.006,100.01,100.005,0.005,0.005,71602.97,716094.786,1.0
20250516,511670.SH,华泰紫金天天金货币ETFA,100.017,100.017,100.006,100.006,100.006,0.0,0.0,15.0,150.012,1.0
20250516,511690.SH,大成添益交易型货币,100.007,100.016,100.007,100.013,100.009,0.004,0.004,865.09,8651.923,1.0
20250516,511700.SH,平安货币ETF,100.015,100.016,100.014,100.015,100.007,0.008,0.008,7052.44,70534.954,1.0
20250516,511770.SH,金鹰现金增益E,100.002,100.02,100.002,100.011,100.012,-0.001,-0.001,113.03,1130.387,1.0
20250516,511800.SH,易方达货币E,100.006,100.011,100.002,100.006,100.004,0.002,0.002,234.01,2340.254,1.0
20250516,511810.SH,南方理财金货币ETF,100.008,100.014,100.008,100.011,100.009,0.002,0.002,599.37,5994.306,1.0
20250516,511820.SH,鹏华添利交易型货币B,100.01,100.01,100.004,100.006,100.001,0.005,0.005,42.01,420.123,1.0
20250516,511830.SH,华泰货币,100.012,100.013,100.004,100.006,100.001,0.005,0.005,65.03,650.344,1.0
20250516,511850.SH,招商财富宝货币ETFE,100.011,100.014,100.011,100.013,100.006,0.007,0.007,22096.16,220989.907,1.0
20250516,511860.SH,博时保证金货币ETF,100.008,100.008,100.007,100.007,100.003,0.004,0.004,49.0,490.035,1.0
20250516,511900.SH,富国收益宝交易型货币H,100.005,100.008,100.005,100.006,100.002,0.004,0.004,944.03,9440.976,1.0
20250516,511910.SH,融通易支付货币E,100.006,100.008,99.9,99.9,100.007,-0.107,-0.107,44.0,440.014,1.0
20250516,511920.SH,广发货币E,100.006,100.007,100.004,100.006,100.001,0.005,0.005,69.0,690.043,1.0
20250516,511930.SH,国联日盈A,100.006,100.011,100.006,100.006,100.003,0.003,0.003,50.01,500.139,1.0
20250516,511950.SH,广发添利货币A,100.006,100.007,100.004,100.006,100.001,0.005,0.005,77.89,778.946,1.0
20250516,511960.SH,嘉实快线货币H,100.01,100.01,100.01,100.01,100.004,0.006,0.006,20.12,201.22,1.0
20250516,511970.SH,国寿安保货币E,100.005,100.006,100.0,100.006,100.001,0.005,0.005,56.45,564.525,1.0
20250516,511980.SH,汇添富添富通货币E,100.15,100.275,100.096,100.1,100.1,0.0,0.0,257.0,2574.195,1.0
20250516,512000.SH,华宝中证全指证券公司ETF,1.029,1.032,1.017,1.02,1.032,-0.012,-1.1628,6431603.1,656987.281,1.0
20250516,512010.SH,易方达沪深300医药ETF,0.363,0.364,0.36,0.363,0.363,0.0,0.0,9219030.24,333833.364,3.905
20250516,512020.SH,鹏华中证A500ETF,1.003,1.004,0.997,1.0,1.003,-0.003,-0.2991,629503.7,62944.5,1.0
20250516,512040.SH,富国中证价值ETF,0.944,0.945,0.938,0.942,0.946,-0.004,-0.4228,440405.0,41483.439,2.247
20250516,512050.SH,华夏中证A500ETF,0.944,0.946,0.939,0.942,0.946,-0.004,-0.4228,34613304.2,3261604.431,1.0
20250516,512070.SH,易方达沪深300非银ETF,0.775,0.778,0.766,0.767,0.777,-0.01,-1.287,3590038.24,276027.79,2.968
20250516,512080.SH,中金中证A500ETF,1.02,1.075,1.014,1.017,1.023,-0.006,-0.5865,806319.0,82033.983,1.0
20250516,512090.SH,易方达MSCI中国A股国际通ETF,1.572,1.574,1.564,1.57,1.575,-0.005,-0.3175,5085.0,797.562,1.0
20250516,512100.SH,南方中证1000ETF,2.423,2.444,2.422,2.432,2.428,0.004,0.1647,4261753.22,1036770.442,0.368
20250516,512120.SH,华安中证细分医药ETF,0.42,0.422,0.416,0.42,0.42,0.0,0.0,158216.0,6631.458,3.095
20250516,512150.SH,A50ETF,1.675,1.675,1.657,1.66,1.674,-0.014,-0.8363,7622.0,1266.818,1.0
20250516,512160.SH,南方MSCI中国A股国际通ETF,1.201,1.201,1.194,1.201,1.206,-0.005,-0.4146,6353.0,761.608,1.241
20250516,512170.SH,华宝中证医疗ETF,0.323,0.325,0.321,0.322,0.324,-0.002,-0.6173,10279946.24,331751.276,3.119
20250516,512180.SH,建信MSCI中国A股国际通ETF,1.399,1.399,1.393,1.397,1.401,-0.004,-0.2855,98.0,13.678,1.0
20250516,512190.SH,浙商之江凤凰ETF,1.887,1.893,1.879,1.892,1.887,0.005,0.265,87.0,16.378,1.0
20250516,512200.SH,南方中证全指房地产ETF,1.355,1.359,1.346,1.354,1.355,-0.001,-0.0738,963728.91,130170.305,0.358
20250516,512220.SH,景顺长城中证科技传媒通信150ETF,1.658,1.67,1.658,1.665,1.665,0.0,0.0,6889.0,1146.996,1.0
20250516,512240.SH,鹏华中证A50ETF,1.01,1.01,1.003,1.005,1.01,-0.005,-0.495,84595.0,8513.708,1.0
20250516,512250.SH,招商中证A50ETF,1.07,1.072,1.064,1.067,1.075,-0.008,-0.7442,13092.0,1397.108,1.0
20250516,512260.SH,华安中证500低波ETF,1.539,1.539,1.533,1.534,1.536,-0.002,-0.1302,2819.0,432.764,1.0
20250516,512280.SH,景顺长城MSCI中国A股国际通ETF,1.45,1.45,1.449,1.449,1.46,-0.011,-0.7534,502.0,72.79,1.0
20250516,512290.SH,国泰中证生物医药ETF,0.929,0.935,0.925,0.932,0.931,0.001,0.1074,403162.0,37532.216,1.0
20250516,512330.SH,南方中证500信息技术ETF,0.988,0.994,0.987,0.987,0.988,-0.001,-0.1012,24246.0,2398.901,1.0
20250516,512360.SH,平安MSCI中国A股国际ETF,1.501,1.501,1.501,1.501,1.494,0.007,0.4685,2800.0,420.28,1.0
20250516,512380.SH,MSCI中国,1.327,1.327,1.316,1.319,1.325,-0.006,-0.4528,26577.0,3503.842,1.0
20250516,512390.SH,平安MSCI中国A股低波动ETF,1.098,1.098,1.094,1.094,1.101,-0.007,-0.6358,7476.0,818.275,1.309
20250516,512400.SH,南方中证申万有色金属ETF,1.057,1.063,1.051,1.055,1.057,-0.002,-0.1892,1072267.0,113099.548,1.012
20250516,512480.SH,国联安中证全指半导体ETF,1.023,1.029,1.021,1.023,1.025,-0.002,-0.1951,5591834.2,572787.448,1.964
20250516,512500.SH,华夏中证500ETF,3.128,3.146,3.128,3.131,3.138,-0.007,-0.2231,641722.0,201285.687,1.0
20250516,512510.SH,华泰柏瑞中证500ETF,1.62,1.624,1.616,1.617,1.621,-0.004,-0.2468,83631.38,13557.953,1.02
20250516,512520.SH,MSCIETF,1.18,1.182,1.18,1.181,1.19,-0.009,-0.7563,5352.0,631.76,1.273
20250516,512530.SH,建信沪深300红利ETF,1.504,1.511,1.489,1.495,1.505,-0.01,-0.6645,252199.0,37718.607,1.0
20250516,512550.SH,嘉实富时中国A50ETF,1.564,1.565,1.549,1.554,1.565,-0.011,-0.7029,40242.0,6256.364,1.0
20250516,512560.SH,易方达中证军工ETF,0.635,0.642,0.632,0.633,0.634,-0.001,-0.1577,336211.0,21383.012,1.929
20250516,512570.SH,易方达中证全指证券公司ETF,1.076,1.076,1.063,1.066,1.077,-0.011,-1.0214,54295.0,5798.824,1.0
20250516,512580.SH,广发中证环保ETF,0.922,0.93,0.921,0.922,0.925,-0.003,-0.3243,21206.0,1958.93,1.0
20250516,512600.SH,嘉实中证主要消费ETF,0.705,0.705,0.696,0.699,0.707,-0.008,-1.1315,108174.0,7557.342,4.975
20250516,512640.SH,嘉实中证金融地产ETF,2.329,2.331,2.301,2.305,2.332,-0.027,-1.1578,61653.0,14222.205,1.0
20250516,512650.SH,添富中证长三角ETF,0.985,0.985,0.975,0.981,0.983,-0.002,-0.2035,23200.0,2274.453,1.0
20250516,512660.SH,国泰中证军工ETF,1.036,1.051,1.035,1.038,1.037,0.001,0.0964,5383051.97,561726.547,1.0
20250516,512670.SH,国防ETF,0.705,0.717,0.705,0.706,0.707,-0.001,-0.1414,2560120.8,181760.41,2.004
20250516,512680.SH,广发中证军工ETF,1.062,1.078,1.061,1.064,1.063,0.001,0.0941,1500882.0,160549.801,1.0
20250516,512690.SH,酒ETF,0.606,0.607,0.599,0.599,0.606,-0.007,-1.1551,5687444.0,341901.272,2.667
20250516,512700.SH,南方中证银行ETF,1.636,1.636,1.609,1.617,1.632,-0.015,-0.9191,738529.0,119445.197,1.163
20250516,512710.SH,富国中证军工龙头ETF,0.61,0.622,0.61,0.613,0.612,0.001,0.1634,8230893.64,507336.982,1.996
20250516,512720.SH,国泰中证计算机主题ETF,1.041,1.047,1.036,1.04,1.045,-0.005,-0.4785,1391626.0,144880.514,1.1
20250516,512730.SH,银行FUND,1.65,1.655,1.629,1.641,1.655,-0.014,-0.8459,28036.0,4591.639,1.0
20250516,512750.SH,嘉实基本面50ETF,1.438,1.438,1.419,1.424,1.438,-0.014,-0.9736,23839.0,3392.839,1.0
20250516,512760.SH,国泰CES半导体芯片行业ETF,1.135,1.141,1.132,1.134,1.139,-0.005,-0.439,1756405.0,199640.237,2.095
20250516,512770.SH,华夏战略新兴成指ETF,1.305,1.313,1.305,1.307,1.305,0.002,0.1533,552.0,72.387,1.0
20250516,512800.SH,华宝中证银行ETF,1.613,1.619,1.591,1.601,1.615,-0.014,-0.8669,3294419.34,527443.735,1.0
20250516,512810.SH,华宝中证军工ETF,1.2,1.215,1.197,1.199,1.199,0.0,0.0,495859.0,59725.17,1.0
20250516,512820.SH,中证银行ETF,1.415,1.421,1.397,1.406,1.419,-0.013,-0.9161,288402.0,40562.468,1.156
20250516,512870.SH,南华中证杭州湾区ETF,1.165,1.171,1.16,1.171,1.168,0.003,0.2568,184.0,21.467,1.0
20250516,512880.SH,国泰中证全指证券公司ETF,1.076,1.079,1.064,1.067,1.079,-0.012,-1.1121,10483008.48,1119774.634,1.0
20250516,512890.SH,红利低波,1.146,1.148,1.135,1.14,1.148,-0.008,-0.6969,2708057.89,308510.581,2.046
20250516,512900.SH,南方中证全指证券ETF,1.069,1.069,1.052,1.055,1.067,-0.012,-1.1246,316680.0,33469.795,1.0
20250516,512910.SH,广发中证A100ETF,1.039,1.039,1.03,1.034,1.039,-0.005,-0.4812,57824.0,5971.287,1.161
20250516,512930.SH,平安人工智能ETF,1.306,1.317,1.303,1.312,1.31,0.002,0.1527,353730.53,46407.87,1.159
20250516,512950.SH,华夏中证央企ETF,1.304,1.304,1.294,1.298,1.304,-0.006,-0.4601,90422.0,11727.305,1.0
20250516,512960.SH,博时央企结构调整ETF,1.258,1.264,1.253,1.259,1.262,-0.003,-0.2377,113586.0,14294.868,1.031
20250516,512970.SH,粤港澳大湾区ETF,1.2,1.213,1.193,1.2,1.228,-0.028,-2.2801,17691.0,2117.018,1.0
20250516,512980.SH,广发中证传媒ETF,0.79,0.796,0.79,0.792,0.792,0.0,0.0,777398.73,61588.807,1.0
20250516,512990.SH,华夏MSCI中国A股国际通ETF,1.611,1.611,1.597,1.604,1.608,-0.004,-0.2488,8370.0,1341.883,1.0
20250516,513000.SH,易方达日兴资管日经225ETF(QDII),1.441,1.447,1.436,1.446,1.441,0.005,0.347,524750.0,75731.503,0.999
20250516,513010.SH,易方达恒生科技ETF(QDII),0.73,0.735,0.728,0.731,0.736,-0.005,-0.6793,13769023.0,1006506.164,1.0
20250516,513020.SH,国泰中证港股通科技ETF,1.075,1.089,1.073,1.088,1.086,0.002,0.1842,1322485.0,143233.073,1.0
20250516,513030.SH,华安德国(DAX)ETF,1.834,1.892,1.833,1.859,1.816,0.043,2.3678,15385710.05,2870548.896,1.0
20250516,513040.SH,易方达中证港股通互联网ETF,1.362,1.372,1.357,1.371,1.382,-0.011,-0.7959,628482.0,85846.455,1.0
20250516,513050.SH,易方达中证海外中国互联网50(QDII-ETF),1.41,1.422,1.407,1.414,1.434,-0.02,-1.3947,15032882.0,2126338.852,1.0
20250516,513060.SH,博时恒生医疗保健(QDII-ETF),0.472,0.483,0.471,0.48,0.471,0.009,1.9108,21465604.0,1024176.112,1.0
20250516,513070.SH,易方达中证港股通消费主题ETF,1.34,1.34,1.33,1.337,1.351,-0.014,-1.0363,153337.0,20470.659,1.0
20250516,513080.SH,华安法国CAC40ETF,1.663,1.678,1.661,1.67,1.656,0.014,0.8454,1771197.0,295619.179,1.0
20250516,513090.SH,易方达中证香港证券投资主题ETF,1.531,1.535,1.519,1.524,1.54,-0.016,-1.039,12428574.0,1895563.482,1.0
20250516,513100.SH,国泰纳斯达克100(QDII-ETF),1.561,1.568,1.559,1.561,1.559,0.002,0.1283,3176076.0,496405.563,5.002
20250516,513110.SH,纳指100,1.767,1.772,1.767,1.768,1.767,0.001,0.0566,834937.0,147768.97,1.0
20250516,513120.SH,广发中证香港创新药(QDII-ETF),0.883,0.913,0.883,0.901,0.882,0.019,2.1542,29180729.0,2620454.129,1.0
20250516,513130.SH,恒生科技,0.705,0.71,0.703,0.707,0.71,-0.003,-0.4225,42838337.0,3026344.096,1.0
20250516,513140.SH,港股金融,1.361,1.361,1.351,1.361,1.365,-0.004,-0.293,50913.0,6902.461,1.0
20250516,513150.SH,港科技50,1.1,1.114,1.098,1.114,1.109,0.005,0.4509,224513.0,24868.939,1.0
20250516,513160.SH,科技30,1.072,1.08,1.069,1.076,1.084,-0.008,-0.738,2332798.0,250669.911,1.0
20250516,513170.SH,恒生央企ETF,1.291,1.295,1.285,1.291,1.298,-0.007,-0.5393,81191.0,10469.473,1.0
20250516,513180.SH,华夏恒生科技ETF(QDII),0.715,0.721,0.714,0.717,0.721,-0.004,-0.5548,50786340.79,3642709.948,1.0
20250516,513190.SH,华夏中证港股通内地金融ETF,1.519,1.52,1.501,1.515,1.523,-0.008,-0.5253,483886.93,73084.677,1.0
20250516,513200.SH,易方达中证港股通医药卫生综合ETF,0.813,0.837,0.812,0.827,0.813,0.014,1.722,4450429.67,367712.756,1.0
20250516,513210.SH,易方达恒生ETF(QDII),1.459,1.459,1.442,1.449,1.459,-0.01,-0.6854,33654.0,4870.118,1.0
20250516,513220.SH,招商中证全球中国互联网ETF(QDII),1.254,1.261,1.25,1.256,1.271,-0.015,-1.1802,729785.0,91537.867,1.0
20250516,513230.SH,华夏中证港股通消费主题ETF,1.059,1.063,1.054,1.06,1.071,-0.011,-1.0271,299089.0,31663.061,1.0
20250516,513260.SH,汇添富恒生科技ETF,1.365,1.375,1.363,1.368,1.377,-0.009,-0.6536,3965073.0,542514.862,1.0
20250516,513280.SH,汇添富恒生生物科技ETF,0.843,0.865,0.843,0.857,0.843,0.014,1.6607,538108.0,45909.279,1.0
20250516,513290.SH,汇添富纳斯达克生物科技ETF,1.058,1.066,1.058,1.065,1.043,0.022,2.1093,1098084.0,116689.651,1.0
20250516,513300.SH,华夏纳斯达克100ETF(QDII),1.932,1.934,1.922,1.922,1.93,-0.008,-0.4145,3524833.0,679668.143,1.0
20250516,513310.SH,中韩芯片,1.516,1.529,1.514,1.522,1.518,0.004,0.2635,680928.0,103626.148,1.0
20250516,513320.SH,易方达恒生港股通新经济ETF,1.276,1.292,1.275,1.29,1.294,-0.004,-0.3091,300148.0,38569.081,1.0
20250516,513330.SH,华夏恒生互联网科技业ETF(QDII),0.479,0.483,0.479,0.48,0.483,-0.003,-0.6211,35290260.3,1696740.633,1.0
20250516,513350.SH,富国标普石油天然气勘探及生产精选行业ETF(QDII),0.923,0.931,0.92,0.922,0.917,0.005,0.5453,1235623.0,114320.658,1.0
20250516,513360.SH,博时全球中国教育(QDII-ETF),0.512,0.516,0.51,0.514,0.513,0.001,0.1949,1981166.01,101652.592,1.0
20250516,513380.SH,广发恒生科技(QDII-ETF),0.65,0.653,0.646,0.65,0.654,-0.004,-0.6116,4626253.0,300578.708,1.999
20250516,513390.SH,博时纳斯达克100ETF,1.72,1.721,1.717,1.718,1.716,0.002,0.1166,487797.0,83865.751,1.0
20250516,513400.SH,道琼斯ETF,1.095,1.1,1.094,1.099,1.085,0.014,1.2903,1299377.0,142551.131,1.0
20250516,513500.SH,博时标普500ETF,2.007,2.014,2.007,2.012,1.999,0.013,0.6503,1262025.0,253887.95,1.985
20250516,513520.SH,华夏野村日经225ETF,1.443,1.45,1.442,1.449,1.445,0.004,0.2768,376048.0,54407.496,1.0
20250516,513530.SH,港股红利,1.541,1.543,1.53,1.539,1.544,-0.005,-0.3238,298376.0,45875.081,1.0
20250516,513550.SH,港股通50,1.064,1.064,1.052,1.06,1.067,-0.007,-0.656,390735.0,41315.28,1.0
20250516,513560.SH,兴银中证港股通科技ETF,1.285,1.296,1.28,1.294,1.293,0.001,0.0773,1070488.0,138021.085,1.0
20250516,513580.SH,华安恒生科技ETF,0.708,0.714,0.707,0.71,0.714,-0.004,-0.5602,2073803.0,147216.956,1.0
20250516,513590.SH,香港消费,0.94,0.941,0.932,0.94,0.948,-0.008,-0.8439,601578.0,56332.761,1.0
20250516,513600.SH,南方恒指ETF,2.674,2.686,2.668,2.682,2.697,-0.015,-0.5562,684042.0,183159.794,1.021
20250516,513630.SH,摩根标普港股通低波红利ETF,1.386,1.386,1.373,1.377,1.385,-0.008,-0.5776,1197031.0,164985.797,1.0
20250516,513650.SH,南方标普500ETF(QDII),1.528,1.533,1.527,1.53,1.519,0.011,0.7242,324229.0,49615.163,1.0
20250516,513660.SH,华夏沪港通恒生ETF,2.871,2.881,2.862,2.88,2.892,-0.012,-0.4149,546897.0,157077.437,1.0
20250516,513690.SH,博时恒生高股息ETF,0.963,0.963,0.954,0.958,0.963,-0.005,-0.5192,694727.0,66459.539,1.031
20250516,513700.SH,香港医药,0.492,0.504,0.491,0.498,0.491,0.007,1.4257,2320292.0,115250.96,1.0
20250516,513730.SH,东南亚,1.242,1.248,1.237,1.242,1.244,-0.002,-0.1608,710666.02,88239.038,1.0
20250516,513750.SH,广发中证港股通非银ETF,1.318,1.318,1.298,1.303,1.318,-0.015,-1.1381,897879.0,116996.525,1.0
20250516,513770.SH,华宝中证港股通互联网ETF,1.026,1.041,1.025,1.039,1.043,-0.004,-0.3835,5249003.0,542850.859,1.0
20250516,513780.SH,景顺长城中证港股通创新药ETF,1.13,1.166,1.13,1.153,1.128,0.025,2.2163,1340367.0,153819.61,1.0
20250516,513800.SH,南方顶峰TOPIXETF(QDII),1.448,1.455,1.444,1.455,1.447,0.008,0.5529,80978.0,11741.757,1.023
20250516,513810.SH,华夏中证香港内地国有企业ETF(QDII),1.443,1.443,1.428,1.436,1.444,-0.008,-0.554,53028.0,7598.495,1.0
20250516,513820.SH,汇添富中证港股通高股息投资ETF,1.151,1.154,1.139,1.149,1.151,-0.002,-0.1738,511346.94,58608.665,1.028
20250516,513830.SH,嘉实中证港股通高股息投资ETF,1.041,1.045,1.035,1.043,1.044,-0.001,-0.0958,207566.0,21601.327,1.0
20250516,513850.SH,易方达MSCI美国50ETF(QDII),1.356,1.36,1.356,1.358,1.356,0.002,0.1475,523085.0,71049.273,1.0
20250516,513860.SH,海富通中证港股通科技ETF,0.692,0.703,0.691,0.701,0.7,0.001,0.1429,2193940.0,153022.63,1.0
20250516,513870.SH,富国纳斯达克100ETF(QDII),1.456,1.46,1.456,1.457,1.456,0.001,0.0687,419596.0,61171.928,1.0
20250516,513880.SH,华安日经225ETF,1.339,1.346,1.337,1.345,1.339,0.006,0.4481,284315.0,38129.786,1.0
20250516,513890.SH,摩根恒生科技ETF(QDII),1.066,1.078,1.064,1.074,1.079,-0.005,-0.4634,505781.0,54287.223,1.0
20250516,513900.SH,华安CES港股通精选100ETF,0.982,0.982,0.973,0.978,0.986,-0.008,-0.8114,208996.0,20423.869,1.0
20250516,513910.SH,华夏中证港股通央企红利ETF,1.385,1.385,1.369,1.376,1.386,-0.01,-0.7215,655126.0,89987.268,1.0
20250516,513920.SH,华安恒生港股通中国央企红利ETF,1.393,1.393,1.378,1.386,1.395,-0.009,-0.6452,398333.0,55130.231,1.026
20250516,513950.SH,富国恒生港股通高股息低波动ETF(QDII),1.275,1.275,1.257,1.265,1.274,-0.009,-0.7064,127907.0,16152.13,1.084
20250516,513970.SH,景顺长城恒生消费ETF(QDII),0.925,0.928,0.918,0.923,0.931,-0.008,-0.8593,768758.0,70799.626,1.0
20250516,513980.SH,景顺长城中证港股通科技ETF,0.692,0.703,0.69,0.702,0.699,0.003,0.4292,9295226.89,648451.111,1.0
20250516,513990.SH,招商上证港股通ETF,1.069,1.069,1.061,1.067,1.074,-0.007,-0.6518,272893.0,29049.529,1.0
20250516,515000.SH,华宝中证科技龙头ETF,1.269,1.274,1.264,1.267,1.27,-0.003,-0.2362,182332.0,23146.209,1.0
20250516,515010.SH,华夏中证全指证券公司ETF,1.23,1.231,1.215,1.218,1.231,-0.013,-1.0561,113984.0,13912.383,1.0
20250516,515020.SH,华夏中证银行ETF,1.708,1.71,1.685,1.695,1.708,-0.013,-0.7611,102253.0,17331.266,1.0
20250516,515030.SH,华夏中证新能源汽车ETF,1.235,1.258,1.234,1.25,1.239,0.011,0.8878,475625.0,59450.526,1.0
20250516,515050.SH,华夏中证5G通信主题ETF,1.031,1.045,1.03,1.037,1.035,0.002,0.1932,550734.0,57198.093,1.0
20250516,515060.SH,华夏中证全指房地产ETF,0.641,0.644,0.638,0.641,0.642,-0.001,-0.1558,244776.0,15668.796,1.0
20250516,515070.SH,华夏中证人工智能主题ETF,1.162,1.174,1.162,1.169,1.167,0.002,0.1714,524520.0,61281.784,1.0
20250516,515080.SH,招商中证红利ETF,1.527,1.529,1.516,1.523,1.529,-0.006,-0.3924,984555.0,149677.055,1.265
20250516,515090.SH,博时可持续发展100ETF,1.205,1.207,1.2,1.207,1.209,-0.002,-0.1654,1902.0,229.166,1.0
20250516,515100.SH,景顺长城中证红利低波动100ETF,1.481,1.483,1.467,1.473,1.483,-0.01,-0.6743,512186.21,75370.171,1.343
20250516,515110.SH,易方达中证国企一带一路ETF,1.335,1.337,1.326,1.33,1.335,-0.005,-0.3745,6641.0,884.801,1.0
20250516,515120.SH,广发创新药ETF,0.546,0.554,0.543,0.553,0.548,0.005,0.9124,1730697.0,95204.425,1.0
20250516,515130.SH,博时沪深300ETF,1.242,1.242,1.232,1.236,1.242,-0.006,-0.4831,84619.0,10448.386,1.0
20250516,515150.SH,富国中证国企一带一路ETF,1.256,1.259,1.25,1.256,1.259,-0.003,-0.2383,34984.0,4390.32,1.0
20250516,515160.SH,招商MSCI中国A股国际通ETF,1.288,1.288,1.283,1.288,1.294,-0.006,-0.4637,4871.0,626.715,1.0
20250516,515170.SH,华夏中证细分食品饮料产业主题ETF,0.6,0.6,0.592,0.595,0.601,-0.006,-0.9983,1705365.87,101368.216,1.0
20250516,515180.SH,易方达中证红利ETF,1.362,1.365,1.351,1.359,1.365,-0.006,-0.4396,788298.0,106884.361,1.242
20250516,515190.SH,中银证券中证500ETF,1.17,1.178,1.168,1.17,1.172,-0.002,-0.1706,210.0,24.568,1.0
20250516,515200.SH,申万菱信中证研发创新100交易型开放式指数,1.512,1.658,1.511,1.57,1.58,-0.01,-0.6329,33523.0,5287.856,1.0
20250516,515210.SH,国泰中证钢铁ETF,1.225,1.229,1.218,1.222,1.226,-0.004,-0.3263,437878.0,53498.75,1.129
20250516,515220.SH,国泰中证煤炭ETF,0.986,0.992,0.982,0.986,0.991,-0.005,-0.5045,1436202.08,141529.506,2.252
20250516,515230.SH,国泰中证全指软件ETF,0.799,0.804,0.795,0.797,0.803,-0.006,-0.7472,552026.0,44135.124,1.0
20250516,515250.SH,富国中证智能汽车主题ETF,0.953,0.97,0.948,0.963,0.952,0.011,1.1555,342481.0,32960.126,1.0
20250516,515260.SH,华宝中证电子50ETF,0.852,0.856,0.849,0.851,0.853,-0.002,-0.2345,95625.0,8151.308,1.0
20250516,515290.SH,天弘中证银行ETF,1.444,1.45,1.424,1.432,1.445,-0.013,-0.8997,460302.0,65857.925,1.0
20250516,515300.SH,嘉实沪深300红利低波动ETF,1.396,1.397,1.38,1.389,1.397,-0.008,-0.5727,708829.0,98255.551,1.22
20250516,515310.SH,添富沪深300ETF,1.14,1.142,1.132,1.135,1.143,-0.008,-0.6999,129989.0,14768.978,1.0
20250516,515320.SH,华安中证电子50ETF,0.79,0.791,0.787,0.789,0.79,-0.001,-0.1266,52649.0,4154.861,1.0
20250516,515330.SH,天弘沪深300ETF,1.097,1.097,1.088,1.093,1.097,-0.004,-0.3646,104590.0,11423.079,1.0
20250516,515350.SH,民生加银沪深300ETF,5.21,5.21,5.069,5.083,5.114,-0.031,-0.6062,3214.0,1634.033,1.0
20250516,515360.SH,方正富邦沪深300ETF,5.284,5.284,5.254,5.269,5.301,-0.032,-0.6037,1320.0,695.317,1.0
20250516,515380.SH,泰康300,4.399,4.402,4.368,4.379,4.407,-0.028,-0.6354,42855.0,18792.736,1.0
20250516,515390.SH,华安沪深300ETF,1.11,1.11,1.1,1.103,1.11,-0.007,-0.6306,207475.0,22891.888,1.0
20250516,515400.SH,富国中证大数据产业ETF,0.845,0.85,0.841,0.842,0.848,-0.006,-0.7075,869927.0,73487.53,1.0
20250516,515450.SH,南方标普中国A股大盘红利低波50ETF,1.439,1.44,1.424,1.432,1.439,-0.007,-0.4864,585957.0,83934.081,1.323
20250516,515530.SH,泰康500,3.051,3.063,3.051,3.053,3.051,0.002,0.0656,5905.0,1803.122,1.0
20250516,515550.SH,国联中证500ETF,1.253,1.253,1.253,1.253,1.257,-0.004,-0.3182,160.0,20.048,1.0
20250516,515560.SH,建信中证全指证券公司ETF,0.984,0.985,0.974,0.976,0.986,-0.01,-1.0142,24514.0,2393.27,1.0
20250516,515580.SH,华泰柏瑞中证科技100ETF,0.813,0.817,0.807,0.813,0.813,0.0,0.0,48978.0,3969.464,1.962
20250516,515590.SH,前海开源中证500等权ETF,1.427,1.427,1.424,1.424,1.426,-0.002,-0.1403,2622.0,373.399,1.0
20250516,515600.SH,广发中证央企创新驱动ETF,1.43,1.436,1.422,1.428,1.433,-0.005,-0.3489,57528.0,8207.478,1.0
20250516,515630.SH,保险证券,1.248,1.249,1.232,1.234,1.248,-0.014,-1.1218,140909.0,17411.769,1.0
20250516,515650.SH,富国中证消费50ETF,1.193,1.193,1.182,1.186,1.194,-0.008,-0.67,245118.0,29054.009,1.0
20250516,515660.SH,国联安沪深300ETF,4.687,4.726,4.686,4.706,4.734,-0.028,-0.5915,1606.0,754.539,1.0
20250516,515680.SH,嘉实央企创新驱动ETF,1.438,1.438,1.43,1.433,1.441,-0.008,-0.5552,34505.0,4939.317,1.0
20250516,515700.SH,平安中证新能源汽车产业ETF,1.641,1.668,1.637,1.657,1.644,0.013,0.7908,280311.0,46426.627,1.0
20250516,515710.SH,华宝中证细分食品饮料产业主题ETF,0.638,0.638,0.63,0.632,0.638,-0.006,-0.9404,215561.0,13624.148,1.0
20250516,515750.SH,富国中证科技50策略ETF,1.318,1.331,1.316,1.325,1.322,0.003,0.2269,57630.56,7636.86,1.0
20250516,515760.SH,华夏中证浙江国资创新发展ETF,1.25,1.256,1.247,1.253,1.255,-0.002,-0.1594,14389.0,1801.808,1.0
20250516,515770.SH,摩根MSCI中国A股ETF,1.158,1.158,1.152,1.154,1.159,-0.005,-0.4314,34039.0,3928.774,0.999
20250516,515790.SH,光伏ETF,0.665,0.673,0.664,0.668,0.666,0.002,0.3003,3182182.0,212872.141,1.0
20250516,515800.SH,添富中证800ETF,1.015,1.016,1.003,1.005,1.012,-0.007,-0.6917,267989.0,26972.199,1.119
20250516,515810.SH,易方达中证800ETF,1.293,1.294,1.287,1.29,1.294,-0.004,-0.3091,64385.0,8302.337,1.0
20250516,515850.SH,富国中证全指证券公司ETF,1.315,1.32,1.302,1.306,1.32,-0.014,-1.0606,178206.0,23280.509,1.0
20250516,515860.SH,嘉实新兴科技100ETF,1.124,1.128,1.119,1.123,1.122,0.001,0.0891,26954.0,3035.276,1.0
20250516,515880.SH,国泰中证全指通信设备ETF,1.226,1.252,1.224,1.241,1.232,0.009,0.7305,1163819.08,144782.068,1.0
20250516,515890.SH,博时中证红利ETF,1.392,1.392,1.378,1.383,1.389,-0.006,-0.432,25233.0,3488.739,1.236
20250516,515900.SH,博时央企创新ETF,1.435,1.436,1.423,1.427,1.435,-0.008,-0.5575,125803.0,17958.51,1.0
20250516,515910.SH,质量ETF,0.494,0.494,0.49,0.49,0.494,-0.004,-0.8097,32118.0,1578.28,1.0
20250516,515920.SH,博时智能消费主题ETF,0.848,0.854,0.848,0.852,0.85,0.002,0.2353,29615.0,2520.179,1.0
20250516,515950.SH,富国中证医药50ETF,0.869,0.873,0.865,0.872,0.871,0.001,0.1148,135888.0,11823.639,1.124
20250516,515960.SH,嘉实医药健康100ETF,0.736,0.742,0.732,0.74,0.736,0.004,0.5435,85995.0,6350.723,1.0
20250516,515980.SH,华富中证人工智能产业ETF,0.97,0.982,0.968,0.979,0.976,0.003,0.3074,948189.5,92705.666,1.0
20250516,515990.SH,添富中证国企一带一路ETF,1.261,1.262,1.253,1.257,1.261,-0.004,-0.3172,18402.0,2313.217,1.0
20250516,516000.SH,华夏中证大数据产业ETF,0.912,0.915,0.906,0.908,0.913,-0.005,-0.5476,136293.0,12413.08,1.0
20250516,516010.SH,国泰中证动漫游戏ETF,1.064,1.076,1.063,1.07,1.068,0.002,0.1873,313158.0,33535.106,1.0
20250516,516020.SH,华宝化工ETF,0.597,0.598,0.595,0.597,0.598,-0.001,-0.1672,168480.0,10049.699,1.0
20250516,516050.SH,科技龙头ETF,0.669,0.67,0.665,0.667,0.668,-0.001,-0.1497,37208.0,2485.685,1.0
20250516,516060.SH,创新药产业ETF,0.505,0.509,0.495,0.508,0.505,0.003,0.5941,60146.0,3048.434,1.0
20250516,516070.SH,易方达中证内地低碳经济主题ETF,0.437,0.44,0.437,0.439,0.439,0.0,0.0,85574.0,3756.213,1.973
20250516,516080.SH,易方达中证创新药产业ETF,0.57,0.576,0.565,0.574,0.57,0.004,0.7018,145400.0,8315.242,1.0
20250516,516090.SH,易方达中证新能源ETF,0.355,0.357,0.354,0.355,0.355,0.0,0.0,259612.0,9233.497,1.971
20250516,516100.SH,华夏中证金融科技主题ETF,1.151,1.153,1.142,1.144,1.155,-0.011,-0.9524,139361.0,15987.432,1.0
20250516,516110.SH,国泰中证800汽车与零部件ETF,1.292,1.327,1.291,1.321,1.298,0.023,1.772,309376.54,40597.764,1.0
20250516,516120.SH,富国中证细分化工产业主题ETF,0.605,0.607,0.604,0.607,0.607,0.0,0.0,102069.0,6180.88,1.0
20250516,516130.SH,华宝消费龙头ETF,0.786,0.786,0.78,0.782,0.788,-0.006,-0.7614,38720.0,3030.654,1.0
20250516,516150.SH,嘉实中证稀土产业ETF,1.111,1.128,1.109,1.113,1.118,-0.005,-0.4472,442837.82,49530.685,1.0
20250516,516160.SH,南方中证新能源ETF,1.826,1.838,1.824,1.829,1.828,0.001,0.0547,224730.13,41139.399,0.309
20250516,516180.SH,平安中证光伏产业ETF,0.549,0.554,0.549,0.552,0.55,0.002,0.3636,116607.0,6431.031,1.0
20250516,516190.SH,华夏中证文娱传媒ETF,0.975,0.979,0.972,0.974,0.973,0.001,0.1028,10993.0,1072.075,1.0
20250516,516200.SH,华安中证全指证券公司ETF,1.023,1.031,1.017,1.02,1.032,-0.012,-1.1628,128802.0,13161.976,1.0
20250516,516210.SH,华安中证银行ETF,1.376,1.376,1.351,1.36,1.37,-0.01,-0.7299,83411.0,11320.23,1.0
20250516,516220.SH,国泰中证细分化工产业主题ETF,0.625,0.625,0.62,0.622,0.624,-0.002,-0.3205,113791.0,7081.174,1.0
20250516,516260.SH,华夏中证物联网主题ETF,0.831,0.836,0.829,0.834,0.832,0.002,0.2404,3110.0,259.115,1.0
20250516,516270.SH,华安中证内地新能源主题ETF,0.439,0.441,0.437,0.439,0.438,0.001,0.2283,88715.0,3890.388,1.0
20250516,516290.SH,汇添富中证光伏产业ETF,0.412,0.417,0.412,0.415,0.414,0.001,0.2415,138428.0,5749.054,1.0
20250516,516300.SH,中证1000,2.48,2.497,2.472,2.481,2.486,-0.005,-0.2011,71504.43,17756.02,0.422
20250516,516310.SH,易方达中证银行ETF,1.328,1.329,1.307,1.315,1.328,-0.013,-0.9789,685929.0,90192.565,1.0
20250516,516320.SH,华夏中证装备产业ETF,0.72,0.725,0.72,0.722,0.722,0.0,0.0,8993.0,650.186,1.0
20250516,516330.SH,物联网,0.965,0.972,0.964,0.968,0.966,0.002,0.207,19254.0,1865.309,1.0
20250516,516350.SH,易方达中证芯片产业ETF,0.834,0.838,0.831,0.833,0.838,-0.005,-0.5967,159800.0,13331.203,1.0
20250516,516360.SH,华宝新材料ETF,0.66,0.663,0.659,0.66,0.661,-0.001,-0.1513,46104.0,3046.752,1.0
20250516,516380.SH,华宝智能电动汽车ETF,0.769,0.778,0.767,0.777,0.772,0.005,0.6477,8244.0,636.94,1.0
20250516,516390.SH,汇添富中证新能源汽车产业ETF,0.666,0.68,0.666,0.675,0.669,0.006,0.8969,108277.0,7306.249,1.0
20250516,516460.SH,鹏华中证800自由现金流ETF,1.02,1.023,1.013,1.018,1.026,-0.008,-0.7797,94161.0,9585.907,1.0
20250516,516480.SH,国联安新材料ETF,0.593,0.593,0.589,0.59,0.59,0.0,0.0,1368.0,80.769,1.0
20250516,516500.SH,华夏中证生物科技主题ETF,0.575,0.579,0.573,0.578,0.575,0.003,0.5217,35973.0,2073.464,1.0
20250516,516510.SH,易方达中证云计算与大数据主题ETF,1.116,1.13,1.115,1.123,1.124,-0.001,-0.089,993379.0,111709.217,1.0
20250516,516520.SH,智能驾驶,1.048,1.071,1.048,1.061,1.049,0.012,1.1439,129107.0,13726.478,1.0
20250516,516530.SH,物流快递,0.904,0.907,0.89,0.894,0.901,-0.007,-0.7769,6439.0,574.742,1.0
20250516,516550.SH,嘉实中证大农业ETF,0.646,0.647,0.639,0.645,0.647,-0.002,-0.3091,135673.0,8707.584,1.0
20250516,516560.SH,华宝养老ETF,0.821,0.825,0.815,0.823,0.82,0.003,0.3659,62413.0,5116.598,1.0
20250516,516570.SH,易方达中证石化产业ETF,0.713,0.716,0.712,0.714,0.718,-0.004,-0.5571,17830.0,1272.821,1.0
20250516,516580.SH,博时新能源ETF,0.431,0.433,0.431,0.432,0.431,0.001,0.232,45939.0,1985.657,1.0
20250516,516590.SH,易方达中证智能电动汽车ETF,0.97,0.981,0.968,0.977,0.969,0.008,0.8256,59218.0,5779.486,1.0
20250516,516600.SH,消费服务ETF,0.609,0.609,0.604,0.607,0.611,-0.004,-0.6547,94735.0,5746.598,1.0
20250516,516610.SH,医服ETF,0.469,0.469,0.466,0.467,0.468,-0.001,-0.2137,36937.0,1727.054,1.0
20250516,516620.SH,国泰中证影视主题ETF,0.937,0.949,0.937,0.944,0.945,-0.001,-0.1058,68970.0,6518.055,1.0
20250516,516630.SH,华夏中证云计算与大数据主题ETF,1.084,1.095,1.084,1.089,1.09,-0.001,-0.0917,145903.0,15884.871,1.0
20250516,516640.SH,富国中证芯片产业ETF,0.751,0.752,0.745,0.749,0.751,-0.002,-0.2663,276595.0,20705.658,1.0
20250516,516650.SH,华夏中证细分有色金属产业主题ETF,1.034,1.041,1.032,1.033,1.035,-0.002,-0.1932,74622.0,7721.427,1.0
20250516,516660.SH,华安中证新能源汽车ETF,0.763,0.774,0.763,0.77,0.763,0.007,0.9174,30162.0,2325.524,1.0
20250516,516670.SH,招商中证畜牧养殖ETF,0.65,0.65,0.642,0.646,0.65,-0.004,-0.6154,261955.0,16869.2,1.0
20250516,516700.SH,华宝大数据ETF,0.89,0.893,0.885,0.888,0.891,-0.003,-0.3367,40603.0,3612.503,1.0
20250516,516710.SH,华夏中证新材料主题ETF,0.475,0.476,0.473,0.473,0.474,-0.001,-0.211,31401.0,1489.464,1.0
20250516,516720.SH,浦银安盛中证ESG120策略ETF,0.89,0.89,0.886,0.888,0.896,-0.008,-0.8929,392.0,34.81,1.0
20250516,516730.SH,浦银安盛中证证券公司30ETF,0.967,0.971,0.958,0.961,0.97,-0.009,-0.9278,20494.0,1971.432,1.0
20250516,516750.SH,富国中证全指建筑材料ETF,0.63,0.63,0.624,0.626,0.626,0.0,0.0,175875.0,10988.685,1.0
20250516,516760.SH,平安中证畜牧养殖ETF,0.628,0.628,0.623,0.626,0.63,-0.004,-0.6349,40712.0,2546.838,1.0
20250516,516770.SH,游戏动漫,1.106,1.122,1.106,1.114,1.113,0.001,0.0898,75352.0,8414.936,1.0
20250516,516780.SH,稀土ETF,1.067,1.088,1.066,1.072,1.078,-0.006,-0.5566,515895.47,55617.072,1.0
20250516,516790.SH,保健ETF,0.56,0.561,0.557,0.557,0.559,-0.002,-0.3578,24151.0,1347.592,1.0
20250516,516800.SH,华宝中证智能制造主题ETF,1.118,1.122,1.114,1.118,1.118,0.0,0.0,21885.0,2447.518,1.0
20250516,516810.SH,华夏中证农业主题ETF,0.699,0.699,0.692,0.695,0.699,-0.004,-0.5722,191304.0,13273.553,1.0
20250516,516820.SH,平安中证医疗创新ETF,0.342,0.344,0.339,0.342,0.343,-0.001,-0.2915,1223697.0,41771.473,1.0
20250516,516830.SH,富国沪深300ESG基准ETF,0.848,0.848,0.844,0.846,0.852,-0.006,-0.7042,32775.0,2770.633,1.0
20250516,516850.SH,华夏中证新能源ETF,0.665,0.67,0.665,0.666,0.666,0.0,0.0,31861.0,2125.106,1.0
20250516,516860.SH,博时金融科技ETF,1.205,1.205,1.193,1.195,1.207,-0.012,-0.9942,440113.0,52770.629,1.0
20250516,516880.SH,光伏50,0.559,0.566,0.559,0.562,0.56,0.002,0.3571,101715.42,5727.838,1.0
20250516,516890.SH,平安中证新材料主题ETF,0.499,0.499,0.497,0.498,0.499,-0.001,-0.2004,6253.0,311.579,1.0
20250516,516900.SH,华安中证申万食品饮料ETF,0.633,0.633,0.623,0.626,0.633,-0.007,-1.1058,95874.0,5997.582,1.0
20250516,516910.SH,富国中证现代物流ETF,1.038,1.042,1.03,1.035,1.046,-0.011,-1.0516,193762.0,20064.777,1.0
20250516,516920.SH,汇添富中证芯片产业ETF,0.731,0.733,0.726,0.729,0.732,-0.003,-0.4098,93278.0,6808.572,1.0
20250516,516930.SH,生物科技ETF基金,0.462,0.467,0.462,0.465,0.464,0.001,0.2155,8095.0,376.44,1.0
20250516,516950.SH,基建ETF,1.044,1.046,1.037,1.038,1.042,-0.004,-0.3839,150018.0,15587.944,1.0
20250516,516960.SH,国泰中证细分机械设备产业主题ETF,0.726,0.73,0.723,0.727,0.726,0.001,0.1377,11067.0,805.563,1.0
20250516,516970.SH,广发中证基建工程ETF,1.058,1.061,1.048,1.053,1.058,-0.005,-0.4726,540747.14,56830.651,1.0
20250516,516980.SH,华富中证证券公司先锋策略ETF,1.058,1.062,1.044,1.055,1.058,-0.003,-0.2836,29316.0,3073.465,1.0
20250516,517000.SH,沪港深,0.87,0.87,0.864,0.867,0.873,-0.006,-0.6873,19421.0,1683.825,1.0
20250516,517010.SH,易方达中证沪港深500ETF,0.961,0.965,0.96,0.962,0.967,-0.005,-0.5171,304.0,29.257,1.0
20250516,517030.SH,易方达中证沪港深300ETF,0.966,0.985,0.95,0.958,0.97,-0.012,-1.2371,25384.0,2444.316,1.0
20250516,517050.SH,互联网50,0.794,0.801,0.79,0.794,0.802,-0.008,-0.9975,45377.0,3601.075,1.0
20250516,517080.SH,汇添富中证沪港深500ETF,0.874,0.874,0.857,0.861,0.866,-0.005,-0.5774,12799.0,1100.442,1.0
20250516,517090.SH,国泰富时中国国企开放共赢ETF,1.458,1.465,1.448,1.452,1.466,-0.014,-0.955,91196.86,13245.267,1.0
20250516,517100.SH,富国中证沪港深500ETF,0.871,0.875,0.869,0.873,0.88,-0.007,-0.7955,5555.0,485.002,1.0
20250516,517110.SH,国泰中证沪港深创新药产业ETF,0.571,0.583,0.566,0.577,0.571,0.006,1.0508,102090.0,5898.127,1.0
20250516,517120.SH,创新药50,0.541,0.551,0.539,0.548,0.541,0.007,1.2939,74881.0,4083.046,1.0
20250516,517160.SH,南方中证长江保护主题ETF,0.723,0.723,0.721,0.721,0.722,-0.001,-0.1385,46.0,3.317,1.0
20250516,517170.SH,华夏中证沪港深500ETF,0.879,0.881,0.874,0.876,0.881,-0.005,-0.5675,1950.0,171.657,1.0
20250516,517180.SH,南方富时中国国企开放共赢ETF,1.427,1.427,1.41,1.416,1.427,-0.011,-0.7708,139832.0,19789.412,1.087
20250516,517200.SH,嘉实中证沪港深互联网ETF,0.701,0.72,0.701,0.715,0.72,-0.005,-0.6944,20748.0,1480.017,1.0
20250516,517300.SH,国寿安保中证沪港深300ETF,0.798,0.798,0.794,0.796,0.801,-0.005,-0.6242,9618.0,765.947,1.0
20250516,517330.SH,易方达中证长江保护主题ETF,0.727,0.727,0.723,0.725,0.726,-0.001,-0.1377,367.0,26.633,1.0
20250516,517350.SH,广发中证沪港深科技龙头ETF,0.748,0.748,0.742,0.747,0.75,-0.003,-0.4,13845.0,1031.168,1.0
20250516,517360.SH,华安中证沪港深科技100ETF,1.018,1.028,1.017,1.028,1.029,-0.001,-0.0972,4175.0,425.882,1.0
20250516,517380.SH,天弘恒生沪深港创新药精选50ETF,0.569,0.578,0.565,0.575,0.569,0.006,1.0545,27718.0,1591.671,1.0
20250516,517390.SH,天弘中证沪港深云计算产业ETF,1.105,1.114,1.101,1.11,1.113,-0.003,-0.2695,94442.0,10478.134,1.0
20250516,517400.SH,国泰中证沪深港黄金产业股票ETF,1.071,1.074,1.062,1.066,1.06,0.006,0.566,93989.62,10043.6,1.0
20250516,517520.SH,黄金股ETF,1.347,1.356,1.338,1.34,1.337,0.003,0.2244,880266.86,118536.252,1.0
20250516,517550.SH,招商中证沪港深消费龙头ETF,0.808,0.808,0.797,0.8,0.809,-0.009,-1.1125,17802.0,1421.758,1.0
20250516,517660.SH,物联网AH,0.957,0.96,0.957,0.959,0.959,0.0,0.0,3225.0,308.787,1.0
20250516,517770.SH,浦银安盛中证沪港深游戏及文化传媒ETF,0.966,0.967,0.961,0.965,0.967,-0.002,-0.2068,22604.0,2176.65,1.0
20250516,517800.SH,方正富邦沪港深人工智能50ETF,0.74,0.746,0.74,0.74,0.746,-0.006,-0.8043,71199.0,5288.258,1.0
20250516,517850.SH,汇添富中证沪港深张江自主创新50ETF,0.866,0.868,0.862,0.866,0.866,0.0,0.0,1857.0,160.965,1.0
20250516,517880.SH,品牌消费,0.902,0.902,0.894,0.899,0.905,-0.006,-0.663,13270.0,1190.451,1.0
20250516,517900.SH,招商中证银行AH价格优选ETF,1.486,1.491,1.465,1.476,1.486,-0.01,-0.6729,142955.0,21054.556,1.0
20250516,517990.SH,招商中证沪港深500医药卫生ETF,0.783,0.792,0.78,0.791,0.783,0.008,1.0217,6615.0,521.72,1.0
20250516,518600.SH,广发上海金ETF,7.08,7.094,7.045,7.068,6.946,0.122,1.7564,324493.5,229505.762,1.0
20250516,518660.SH,黄金ETF基金,7.187,7.194,7.145,7.165,7.05,0.115,1.6312,548569.0,393442.836,1.0
20250516,518680.SH,富国上海金ETF,7.498,7.508,7.458,7.484,7.361,0.123,1.671,330735.05,247584.424,0.958
20250516,518800.SH,国泰黄金ETF,7.105,7.117,7.07,7.093,6.978,0.115,1.648,465846.0,330584.133,1.0
20250516,518850.SH,华夏黄金ETF,7.225,7.239,7.193,7.215,7.098,0.117,1.6484,694631.0,501436.369,1.0
20250516,518860.SH,建信上海金ETF,7.2,7.243,7.177,7.198,7.073,0.125,1.7673,71823.0,51762.787,1.0
20250516,518880.SH,华安黄金易(ETF),7.195,7.204,7.157,7.177,7.062,0.115,1.6284,8552747.88,6143784.727,1.0
20250516,518890.SH,中银黄金,7.215,7.225,7.177,7.205,7.077,0.128,1.8087,87482.0,63027.047,1.0
20250516,520500.SH,恒生新药,1.25,1.289,1.246,1.274,1.246,0.028,2.2472,2625893.0,333048.456,1.0
20250516,520520.SH,HK消费,1.094,1.094,1.082,1.084,1.095,-0.011,-1.0046,195290.0,21191.004,1.0
20250516,520550.SH,招商恒生港股通高股息低波动ETF,1.083,1.085,1.076,1.08,1.087,-0.007,-0.644,183188.0,19756.141,1.002
20250516,520580.SH,招商利安新兴亚洲精选ETF(QDII),1.03,1.053,1.028,1.029,1.018,0.011,1.0806,10713631.44,1109913.621,1.0
20250516,520600.SH,广发中证港股通汽车ETF,1.207,1.226,1.204,1.226,1.211,0.015,1.2386,2200255.0,267850.006,1.0
20250516,520660.SH,南方中证国新港股通央企红利ETF,0.928,0.928,0.918,0.923,0.927,-0.004,-0.4315,214339.0,19725.576,1.017
20250516,520700.SH,万家中证港股通创新药ETF,1.095,1.124,1.091,1.111,1.089,0.022,2.0202,1019231.0,112800.756,1.0
20250516,520830.SH,沙特ETF,0.996,1.015,0.996,1.0,0.996,0.004,0.4016,4397820.0,442406.077,1.0
20250516,520890.SH,港红利,1.282,1.287,1.261,1.271,1.28,-0.009,-0.7031,208498.0,26442.284,1.0
20250516,520900.SH,广发中证国新港股通央企红利ETF,0.928,0.929,0.92,0.925,0.929,-0.004,-0.4306,589660.0,54445.71,1.012
20250516,520990.SH,景顺长城中证国新港股通央企红利ETF,0.938,0.939,0.93,0.934,0.938,-0.004,-0.4264,463168.0,43219.548,1.0
20250516,530000.SH,天弘上证50ETF,1.229,1.229,1.211,1.225,1.233,-0.008,-0.6488,22731.0,2777.427,1.0
20250516,530050.SH,上证50ETF东财,1.044,1.044,1.032,1.034,1.044,-0.01,-0.9579,11075.0,1150.597,1.0
20250516,530080.SH,天弘上证180ETF,1.037,1.039,1.03,1.035,1.04,-0.005,-0.4808,85988.0,8881.521,1.0
20250516,530180.SH,易方达上证180ETF,0.99,0.995,0.988,0.99,0.997,-0.007,-0.7021,11759.35,1163.703,1.0
20250516,530280.SH,平安上证180ETF,1.031,1.031,1.024,1.028,1.032,-0.004,-0.3876,2609.0,267.853,1.0
20250516,530300.SH,华泰柏瑞上证180ETF,1.029,1.029,1.023,1.026,1.03,-0.004,-0.3883,103688.0,10642.19,1.0
20250516,530580.SH,南方上证180ETF,0.988,0.992,0.984,0.986,0.994,-0.008,-0.8048,145798.0,14380.314,1.0
20250516,530680.SH,兴业上证180ETF,1.012,1.012,1.004,1.01,1.015,-0.005,-0.4926,232995.0,23465.427,1.0
20250516,530800.SH,上180ETF,1.015,1.032,1.015,1.03,1.034,-0.004,-0.3868,18628.0,1917.416,1.0
20250516,530880.SH,银河上证国有企业红利ETF,1.0,1.002,0.99,0.995,1.004,-0.009,-0.8964,54547.0,5422.342,1.005
20250516,560000.SH,浦银安盛中证智能电动汽车ETF,0.663,0.676,0.663,0.675,0.672,0.003,0.4464,10172.0,683.744,1.0
20250516,560010.SH,广发中证1000ETF,2.455,2.483,2.455,2.47,2.47,0.0,0.0,1782479.91,441106.984,0.354
20250516,560020.SH,汇添富中证红利ETF,1.074,1.084,1.066,1.068,1.074,-0.006,-0.5587,6413.0,685.398,1.035
20250516,560030.SH,汇添富中证800价值ETF,1.195,1.195,1.186,1.189,1.195,-0.006,-0.5021,5093.0,605.636,1.0
20250516,560050.SH,汇添富MSCI中国A50互联互通ETF,0.833,0.833,0.825,0.829,0.833,-0.004,-0.4802,348973.76,28902.742,1.0
20250516,560060.SH,汇添富中证上海环交所碳中和ETF,0.745,0.747,0.743,0.746,0.744,0.002,0.2688,7141.0,531.712,1.0
20250516,560070.SH,汇添富中证国新央企股东回报ETF,1.023,1.023,1.016,1.02,1.026,-0.006,-0.5848,28563.87,2909.435,1.049
20250516,560080.SH,汇添富中证中药ETF,1.046,1.057,1.042,1.054,1.044,0.01,0.9579,636375.0,66960.056,1.0
20250516,560090.SH,汇添富中证全指证券公司ETF,1.157,1.157,1.142,1.145,1.157,-0.012,-1.0372,276036.0,31655.917,1.0
20250516,560100.SH,南方中证500增强策略ETF,0.956,0.958,0.953,0.955,0.956,-0.001,-0.1046,74016.0,7067.785,1.0
20250516,560110.SH,汇添富中证1000ETF,0.884,0.893,0.884,0.885,0.889,-0.004,-0.4499,179644.0,15976.318,1.0
20250516,560150.SH,红利TK,1.149,1.149,1.133,1.137,1.145,-0.008,-0.6987,97409.0,11104.438,1.005
20250516,560170.SH,南方中证国新央企科技引领ETF,0.824,0.831,0.821,0.823,0.824,-0.001,-0.1214,165246.44,13626.47,1.0
20250516,560180.SH,南方沪深300ESG基准ETF,1.01,1.01,1.003,1.005,1.011,-0.006,-0.5935,81898.0,8238.892,1.0
20250516,560190.SH,鹏华中证全指公用事业ETF,0.986,0.988,0.977,0.978,0.986,-0.008,-0.8114,5133.0,504.608,1.0
20250516,560220.SH,广发中证2000ETF,1.145,1.161,1.145,1.155,1.147,0.008,0.6975,20562.0,2374.599,1.0
20250516,560260.SH,广发中证医疗ETF,0.808,0.81,0.803,0.804,0.809,-0.005,-0.618,131781.0,10609.34,1.0
20250516,560280.SH,广发中证工程机械ETF,1.287,1.301,1.286,1.292,1.288,0.004,0.3106,70545.0,9128.955,1.0
20250516,560300.SH,汇添富中证电信主题ETF,1.346,1.349,1.337,1.343,1.346,-0.003,-0.2229,20120.0,2700.71,1.0
20250516,560330.SH,申万菱信沪深300价值ETF,1.168,1.172,1.159,1.164,1.172,-0.008,-0.6826,24127.0,2807.632,1.0
20250516,560350.SH,摩根中证A50ETF,1.127,1.127,1.118,1.121,1.128,-0.007,-0.6206,545876.03,61207.616,1.025
20250516,560360.SH,万家中证软件服务ETF,1.38,1.386,1.373,1.378,1.382,-0.004,-0.2894,23301.0,3212.742,1.0
20250516,560380.SH,南方中证A100ETF,1.001,1.001,0.995,0.997,1.002,-0.005,-0.499,80024.0,7982.628,1.0
20250516,560500.SH,鹏扬中证500质量成长ETF,0.931,0.938,0.931,0.934,0.931,0.003,0.3222,44873.0,4189.454,1.0
20250516,560510.SH,中证A500,0.946,0.948,0.94,0.944,0.946,-0.002,-0.2114,1201341.59,113306.976,1.002
20250516,560520.SH,大成中证红利低波动100ETF,1.078,1.124,1.071,1.115,1.08,0.035,3.2407,2831.0,310.768,1.0
20250516,560530.SH,摩根中证A500ETF,0.975,0.978,0.971,0.972,0.978,-0.006,-0.6135,3606247.88,351218.073,1.003
20250516,560550.SH,广发中证上海环交所碳中和ETF,0.76,0.764,0.758,0.761,0.76,0.001,0.1316,6691.0,508.93,1.0
20250516,560560.SH,碳中和TK,0.54,0.54,0.537,0.538,0.541,-0.003,-0.5545,38270.0,2063.904,1.0
20250516,560580.SH,南方中证全指电力公用事业ETF,1.028,1.031,1.021,1.023,1.027,-0.004,-0.3895,16656.0,1705.975,1.0
20250516,560590.SH,1000ETF增强,1.094,1.107,1.094,1.1,1.103,-0.003,-0.272,9140.0,1007.757,1.0
20250516,560610.SH,招商中证A500ETF,0.948,0.949,0.941,0.944,0.949,-0.005,-0.5269,6666682.3,629563.259,1.001
20250516,560620.SH,万家中证全指公用事业ETF,0.916,0.918,0.91,0.913,0.917,-0.004,-0.4362,5266.0,482.057,1.0
20250516,560630.SH,万家中证机器人ETF,0.95,0.963,0.945,0.951,0.948,0.003,0.3165,126770.0,12113.067,1.0
20250516,560650.SH,核心50ETF,0.829,0.832,0.829,0.832,0.834,-0.002,-0.2398,2678.0,222.806,1.0
20250516,560660.SH,新华中证云计算50ETF,1.091,1.115,1.09,1.105,1.105,0.0,0.0,26377.0,2920.597,1.0
20250516,560680.SH,广发中证主要消费ETF,0.905,0.905,0.894,0.898,0.907,-0.009,-0.9923,139267.0,12493.67,1.0
20250516,560690.SH,电信主题ETF,1.287,1.291,1.283,1.288,1.292,-0.004,-0.3096,2125.0,273.295,1.0
20250516,560700.SH,广发中证国新央企股东回报ETF,1.032,1.034,1.024,1.028,1.036,-0.008,-0.7722,162030.0,16657.172,1.058
20250516,560750.SH,申万菱信中证A500ETF,1.024,1.025,1.019,1.022,1.026,-0.004,-0.3899,104702.0,10693.389,1.0
20250516,560780.SH,广发中证半导体材料设备ETF,1.112,1.118,1.108,1.108,1.112,-0.004,-0.3597,14392.0,1599.73,1.0
20250516,560800.SH,鹏扬中证数字经济主题ETF,0.757,0.761,0.754,0.756,0.759,-0.003,-0.3953,155327.0,11766.061,1.0
20250516,560810.SH,融通中证诚通央企ESGETF,0.95,0.953,0.943,0.943,0.949,-0.006,-0.6322,15879.0,1505.331,1.0
20250516,560820.SH,新华中证A50ETF,1.045,1.045,1.039,1.044,1.048,-0.004,-0.3817,11989.0,1249.188,1.0
20250516,560850.SH,汇添富中证信息技术应用创新产业ETF,1.26,1.278,1.26,1.262,1.271,-0.009,-0.7081,49858.0,6309.418,1.0
20250516,560860.SH,万家中证工业有色金属主题ETF,0.825,0.833,0.824,0.828,0.832,-0.004,-0.4808,178715.0,14790.255,1.0
20250516,560880.SH,广发中证全指家用电器ETF,1.405,1.41,1.402,1.406,1.407,-0.001,-0.0711,129430.0,18211.862,1.0
20250516,560890.SH,新华中证红利低波动ETF,1.193,1.193,1.181,1.186,1.193,-0.007,-0.5868,69482.0,8231.158,1.0
20250516,560900.SH,摩根中证创新药产业ETF,0.789,0.796,0.775,0.796,0.789,0.007,0.8872,23739.0,1883.756,1.0
20250516,560950.SH,汇添富中证500增强策略ETF,1.047,1.048,1.043,1.045,1.043,0.002,0.1918,30305.0,3170.131,1.0
20250516,560980.SH,广发中证光伏龙头30ETF,0.451,0.458,0.451,0.453,0.451,0.002,0.4435,136325.0,6193.783,1.0
20250516,560990.SH,中金中证科技先锋ETF,0.824,0.827,0.822,0.825,0.826,-0.001,-0.1211,74.0,6.099,1.0
20250516,561000.SH,华安沪深300增强策略ETF,1.108,1.109,1.101,1.106,1.111,-0.005,-0.45,31987.0,3535.588,1.0
20250516,561010.SH,华安中证全指软件开发ETF,1.019,1.028,1.019,1.021,1.025,-0.004,-0.3902,20158.0,2061.934,1.0
20250516,561060.SH,华安中证国有企业红利ETF,1.069,1.069,1.063,1.067,1.074,-0.007,-0.6518,19935.0,2124.943,1.026
20250516,561080.SH,华安中证全指自由现金流ETF,1.023,1.025,1.018,1.022,1.024,-0.002,-0.1953,139528.0,14262.356,1.0
20250516,561100.SH,富国中证消费电子主题ETF,0.837,0.843,0.836,0.837,0.841,-0.004,-0.4756,336902.0,28325.184,1.0
20250516,561120.SH,富国中证全指家用电器ETF,1.205,1.209,1.2,1.205,1.205,0.0,0.0,85312.0,10280.844,1.0
20250516,561130.SH,富国中证新华社民族品牌工程ETF,0.786,0.789,0.784,0.787,0.79,-0.003,-0.3797,80883.0,6361.051,1.0
20250516,561160.SH,富国中证电池主题ETF,0.477,0.484,0.474,0.48,0.477,0.003,0.6289,338285.0,16281.465,1.0
20250516,561170.SH,富国中证绿色电力ETF,1.071,1.076,1.064,1.066,1.072,-0.006,-0.5597,80665.0,8607.748,1.0
20250516,561180.SH,富国中证A100ETF,1.068,1.069,1.067,1.068,1.074,-0.006,-0.5587,247.0,26.379,1.0
20250516,561190.SH,富国中证上海环交所碳中和ETF,0.758,0.761,0.757,0.759,0.759,0.0,0.0,158286.0,12019.002,1.0
20250516,561200.SH,中证A100ETF工银,1.187,1.187,1.18,1.181,1.19,-0.009,-0.7563,1158.0,136.648,1.0
20250516,561230.SH,中证A50ETF基金,1.131,1.133,1.124,1.129,1.135,-0.006,-0.5286,529679.0,59813.408,1.028
20250516,561260.SH,能源ETF,1.052,1.065,1.052,1.059,1.065,-0.006,-0.5634,39268.0,4155.769,1.0
20250516,561280.SH,中证1000ETF增强,1.124,1.129,1.123,1.124,1.121,0.003,0.2676,16368.0,1843.818,1.0
20250516,561300.SH,国泰沪深300增强策略ETF,0.825,0.826,0.818,0.823,0.827,-0.004,-0.4837,301863.0,24801.756,1.0
20250516,561310.SH,国泰中证消费电子主题ETF,0.759,0.763,0.756,0.762,0.762,0.0,0.0,10213.0,776.395,1.0
20250516,561320.SH,国泰中证内地运输主题ETF,0.957,0.959,0.947,0.952,0.957,-0.005,-0.5225,8132.0,775.708,1.0
20250516,561330.SH,国泰中证有色金属矿业主题ETF,1.009,1.016,1.007,1.012,1.013,-0.001,-0.0987,16478.0,1668.65,1.0
20250516,561350.SH,国泰中证500ETF,0.896,0.899,0.895,0.895,0.899,-0.004,-0.4449,305925.0,27440.548,1.0
20250516,561360.SH,国泰中证油气产业ETF,1.001,1.002,0.992,0.995,1.002,-0.007,-0.6986,117185.92,11669.688,1.0
20250516,561370.SH,国泰中证2000ETF,1.08,1.099,1.08,1.095,1.084,0.011,1.0148,3580.0,391.419,1.0
20250516,561380.SH,国泰恒生A股电网设备ETF,0.945,0.949,0.94,0.943,0.941,0.002,0.2125,57957.0,5468.703,1.0
20250516,561500.SH,漂亮50,0.654,0.656,0.652,0.655,0.656,-0.001,-0.1524,6951.0,455.177,1.0
20250516,561510.SH,中医药,1.022,1.031,1.019,1.03,1.021,0.009,0.8815,65412.0,6712.231,1.0
20250516,561550.SH,500指增,0.912,0.916,0.911,0.914,0.914,0.0,0.0,195052.0,17823.877,1.0
20250516,561560.SH,电力ETF,1.179,1.184,1.171,1.174,1.18,-0.006,-0.5085,424582.0,49891.962,1.0
20250516,561570.SH,油气基金,0.938,0.939,0.933,0.933,0.942,-0.009,-0.9554,3804.0,356.268,1.0
20250516,561580.SH,央企红利,1.208,1.209,1.195,1.2,1.209,-0.009,-0.7444,268946.45,32258.548,1.0
20250516,561590.SH,1000增强,1.033,1.039,1.031,1.037,1.033,0.004,0.3872,34361.0,3560.228,1.0
20250516,561600.SH,平安中证消费电子主题ETF,0.786,0.789,0.783,0.783,0.787,-0.004,-0.5083,136520.0,10726.753,1.0
20250516,561700.SH,博时中证全指电力公用事业ETF,1.024,1.029,1.018,1.021,1.023,-0.002,-0.1955,78039.0,7969.957,1.0
20250516,561760.SH,博时中证油气资源ETF,0.895,0.901,0.895,0.899,0.904,-0.005,-0.5531,21319.0,1913.607,1.0
20250516,561780.SH,博时中证1000增强ETF,1.111,1.139,1.106,1.108,1.108,0.0,0.0,12240.0,1359.624,1.0
20250516,561790.SH,博时中证国新央企现代能源ETF,1.065,1.067,1.056,1.06,1.067,-0.007,-0.656,73963.78,7834.143,1.0
20250516,561800.SH,华富中证稀有金属主题ETF,0.542,0.546,0.54,0.54,0.542,-0.002,-0.369,30098.0,1631.74,1.0
20250516,561870.SH,华富中证全指自由现金流ETF,1.02,1.026,1.015,1.018,1.022,-0.004,-0.3914,106022.0,10798.16,1.0
20250516,561880.SH,华富中证A100ETF,1.035,1.035,1.027,1.029,1.035,-0.006,-0.5797,88733.0,9143.759,1.0
20250516,561900.SH,招商沪深300ESG基准ETF,0.837,0.837,0.833,0.836,0.84,-0.004,-0.4762,42011.0,3510.391,1.0
20250516,561910.SH,招商中证电池主题ETF,0.477,0.483,0.476,0.479,0.478,0.001,0.2092,353186.0,16954.987,1.0
20250516,561920.SH,招商中证疫苗与生物技术ETF,0.632,0.645,0.627,0.638,0.628,0.01,1.5924,33445.0,2135.377,1.0
20250516,561930.SH,招商沪深300ETF,1.239,1.239,1.23,1.235,1.242,-0.007,-0.5636,178406.0,22005.383,1.0
20250516,561950.SH,招商中证500增强策略ETF,1.065,1.068,1.064,1.065,1.065,0.0,0.0,17394.0,1852.687,1.0
20250516,561960.SH,招商中证国新央企股东回报ETF,1.067,1.069,1.064,1.067,1.075,-0.008,-0.7442,10113.98,1080.292,1.022
20250516,561980.SH,招商中证半导体产业ETF,1.268,1.276,1.263,1.266,1.27,-0.004,-0.315,179538.0,22770.874,1.0
20250516,561990.SH,招商沪深300增强策略ETF,0.868,0.868,0.861,0.864,0.869,-0.005,-0.5754,171195.0,14801.152,1.0
20250516,562000.SH,华宝中证A100ETF,0.959,0.959,0.953,0.954,0.959,-0.005,-0.5214,126186.0,12050.957,1.0
20250516,562010.SH,华宝中证绿色能源ETF,0.718,0.725,0.718,0.721,0.719,0.002,0.2782,1311.0,94.838,1.0
20250516,562030.SH,华宝中证信息技术应用创新产业ETF,0.95,0.956,0.947,0.948,0.962,-0.014,-1.4553,118482.0,11272.96,1.0
20250516,562060.SH,华宝标普中国A股红利机会ETF,1.094,1.097,1.092,1.095,1.098,-0.003,-0.2732,321166.0,35171.143,1.042
20250516,562080.SH,华宝沪深300自由现金流ETF,1.047,1.056,1.039,1.043,1.05,-0.007,-0.6667,146133.0,15224.609,1.0
20250516,562260.SH,海富通中证汽车零部件主题ETF,1.117,1.148,1.117,1.137,1.118,0.019,1.6995,4500.0,512.219,1.0
20250516,562300.SH,低碳ETF,0.545,0.545,0.542,0.543,0.544,-0.001,-0.1838,6302.0,342.824,1.0
20250516,562310.SH,300成长,0.773,0.775,0.77,0.773,0.774,-0.001,-0.1292,121668.01,9389.362,1.0
20250516,562320.SH,300价值A,1.254,1.256,1.239,1.246,1.255,-0.009,-0.7171,41386.0,5151.475,1.0
20250516,562330.SH,500价值,0.965,0.974,0.965,0.971,0.974,-0.003,-0.308,14396.0,1399.252,1.0
20250516,562340.SH,500成长,1.015,1.019,1.015,1.019,1.015,0.004,0.3941,35.0,3.565,1.0
20250516,562350.SH,电力,1.025,1.032,1.023,1.025,1.029,-0.004,-0.3887,46015.0,4721.074,1.0
20250516,562360.SH,机器人YH,0.939,0.959,0.939,0.947,0.944,0.003,0.3178,247702.0,23598.13,1.0
20250516,562380.SH,科技引领,0.854,0.86,0.852,0.853,0.853,0.0,0.0,18810.0,1608.247,1.0
20250516,562390.SH,中药,0.96,0.967,0.956,0.965,0.955,0.01,1.0471,34764.0,3348.859,1.0
20250516,562500.SH,华夏中证机器人ETF,0.864,0.883,0.863,0.872,0.868,0.004,0.4608,7905474.97,693105.022,1.0
20250516,562510.SH,华夏中证旅游主题ETF,0.677,0.68,0.673,0.679,0.676,0.003,0.4438,420241.0,28413.005,1.0
20250516,562520.SH,华夏中证智选1000成长创新策略ETF,1.041,1.047,1.04,1.04,1.041,-0.001,-0.0961,11345.0,1181.055,1.0
20250516,562530.SH,华夏中证智选1000价值稳健策略ETF,1.146,1.147,1.141,1.143,1.143,0.0,0.0,6379.0,729.441,1.0
20250516,562550.SH,华夏中证绿色电力ETF,1.067,1.071,1.061,1.062,1.069,-0.007,-0.6548,64235.0,6844.776,1.0
20250516,562560.SH,华夏中证全指信息技术ETF,1.284,1.338,1.279,1.285,1.286,-0.001,-0.0778,5833.0,749.425,1.0
20250516,562570.SH,华夏中证信息技术应用创新产业ETF,1.249,1.249,1.238,1.24,1.248,-0.008,-0.641,110875.0,13788.764,1.0
20250516,562580.SH,华夏中证全指可选消费ETF,1.189,1.199,1.187,1.196,1.183,0.013,1.0989,8220.0,978.963,1.0
20250516,562590.SH,华夏中证半导体材料设备主题ETF,1.067,1.073,1.063,1.065,1.067,-0.002,-0.1874,58390.0,6231.737,1.0
20250516,562600.SH,华夏中证全指医疗器械ETF,0.818,0.827,0.818,0.825,0.823,0.002,0.243,13326.0,1096.921,1.0
20250516,562660.SH,华夏中证2000ETF,1.268,1.284,1.268,1.278,1.271,0.007,0.5507,111850.0,14298.09,1.0
20250516,562700.SH,华夏中证汽车零部件主题ETF,1.135,1.167,1.135,1.156,1.135,0.021,1.8502,26636.0,3079.894,1.0
20250516,562800.SH,嘉实中证稀有金属主题ETF,0.503,0.511,0.503,0.506,0.506,0.0,0.0,386403.0,19600.792,1.0
20250516,562810.SH,嘉实上证综合增强策略ETF,1.019,1.022,1.014,1.016,1.022,-0.006,-0.5871,33907.0,3447.197,1.0
20250516,562820.SH,嘉实中证全指集成电路ETF,1.61,1.614,1.602,1.607,1.609,-0.002,-0.1243,47107.0,7575.22,1.0
20250516,562850.SH,嘉实中证国新央企现代能源ETF,1.063,1.067,1.057,1.059,1.068,-0.009,-0.8427,77053.91,8172.858,1.0
20250516,562860.SH,嘉实中证疫苗与生物技术ETF,0.601,0.608,0.599,0.608,0.6,0.008,1.3333,200598.0,12151.61,1.0
20250516,562880.SH,嘉实中证电池主题ETF,0.486,0.496,0.486,0.492,0.49,0.002,0.4082,131162.0,6466.017,1.0
20250516,562890.SH,嘉实中证A50ETF,1.152,1.152,1.145,1.148,1.154,-0.006,-0.5199,235979.0,27097.464,1.0
20250516,562900.SH,易方达中证现代农业主题ETF,0.737,0.737,0.728,0.73,0.737,-0.007,-0.9498,126332.0,9218.215,1.0
20250516,562910.SH,易方达中证装备产业ETF,0.621,0.625,0.62,0.621,0.623,-0.002,-0.321,23977.0,1494.651,1.0
20250516,562920.SH,易方达中证信息安全主题ETF,0.897,0.899,0.893,0.893,0.897,-0.004,-0.4459,8691.0,778.458,1.0
20250516,562930.SH,易方达中证软件服务ETF,0.806,0.809,0.803,0.805,0.808,-0.003,-0.3713,19476.0,1569.875,1.0
20250516,562950.SH,易方达中证消费电子主题ETF,0.799,0.801,0.794,0.797,0.799,-0.002,-0.2503,58397.0,4653.757,1.0
20250516,562960.SH,易方达中证绿色电力ETF,1.063,1.071,1.058,1.061,1.066,-0.005,-0.469,9769.0,1040.088,1.0
20250516,562970.SH,易方达中证光伏产业ETF,0.752,0.758,0.752,0.754,0.752,0.002,0.266,14020.0,1058.345,1.0
20250516,562990.SH,易方达中证上海环交所碳中和ETF,0.757,0.76,0.755,0.759,0.758,0.001,0.1319,107097.0,8124.189,1.0
20250516,563000.SH,易方达MSCI中国A50互联互通ETF,0.837,0.839,0.831,0.835,0.839,-0.004,-0.4768,239395.1,19985.926,1.0
20250516,563010.SH,易方达中证电信主题ETF,1.255,1.256,1.246,1.251,1.256,-0.005,-0.3981,11718.0,1465.706,1.0
20250516,563020.SH,易方达中证红利低波动ETF,1.194,1.196,1.181,1.188,1.195,-0.007,-0.5858,297271.0,35275.167,1.047
20250516,563030.SH,易方达中证500增强策略ETF,1.012,1.013,1.009,1.01,1.011,-0.001,-0.0989,11146.0,1127.582,1.0
20250516,563050.SH,易方达中证国新央企科技引领ETF,0.861,0.867,0.858,0.86,0.861,-0.001,-0.1161,38185.0,3292.467,1.0
20250516,563080.SH,易方达中证A50ETF,1.16,1.16,1.151,1.156,1.162,-0.006,-0.5164,427731.79,49417.26,1.0
20250516,563090.SH,易方达上证50增强策略ETF,1.043,1.047,1.037,1.042,1.053,-0.011,-1.0446,4404.0,458.051,1.0
20250516,563150.SH,油气资源,0.898,0.898,0.89,0.892,0.899,-0.007,-0.7786,18803.0,1679.401,1.0
20250516,563180.SH,高股息,1.057,1.058,1.048,1.052,1.058,-0.006,-0.5671,127200.0,13421.171,1.0
20250516,563200.SH,富国中证2000ETF,1.143,1.157,1.13,1.151,1.146,0.005,0.4363,25553.0,2941.963,1.0
20250516,563210.SH,富国恒生A股专精特新企业ETF,1.003,1.003,0.995,0.996,0.999,-0.003,-0.3003,8989.0,896.446,1.0
20250516,563220.SH,富国中证A500ETF,0.984,0.988,0.98,0.984,0.987,-0.003,-0.304,10903039.97,1072331.279,1.0
20250516,563280.SH,富国MSCI中国A50互联互通增强策略ETF,1.094,1.095,1.094,1.094,1.105,-0.011,-0.9955,550.0,60.175,1.0
20250516,563300.SH,中证2000,1.079,1.096,1.076,1.09,1.082,0.008,0.7394,4181244.0,455810.602,1.0
20250516,563330.SH,A股ETF,3.317,3.321,3.304,3.309,3.318,-0.009,-0.2712,53684.28,17790.035,0.333
20250516,563350.SH,中证A50,1.171,1.171,1.161,1.166,1.172,-0.006,-0.5119,134870.0,15717.412,1.0
20250516,563360.SH,A500基金,1.004,1.006,0.999,1.001,1.005,-0.004,-0.398,3778083.2,378465.37,1.0
20250516,563390.SH,现金流ETF全指,1.027,1.027,1.019,1.023,1.028,-0.005,-0.4864,977465.0,99958.894,1.0
20250516,563500.SH,华宝中证A500ETF,1.006,1.01,1.0,1.005,1.01,-0.005,-0.495,980559.37,98590.166,1.0
20250516,563520.SH,沪深300ETF永赢,0.974,0.974,0.968,0.97,0.976,-0.006,-0.6148,251400.0,24383.579,1.0
20250516,563550.SH,摩根中证A500增强策略ETF,0.995,0.998,0.991,0.994,0.998,-0.004,-0.4008,1804071.0,179501.109,1.0
20250516,563650.SH,兴业中证A500ETF,0.997,0.997,0.99,0.992,0.998,-0.006,-0.6012,93465.0,9271.346,1.0
20250516,563660.SH,银河中证A500ETF,0.99,0.99,0.984,0.986,0.991,-0.005,-0.5045,93947.0,9265.725,1.0
20250516,563680.SH,汇添富中证800自由现金流ETF,1.004,1.013,1.002,1.008,1.015,-0.007,-0.6897,434741.0,43800.641,1.0
20250516,563700.SH,易方达中证红利价值ETF,1.019,1.019,1.009,1.013,1.021,-0.008,-0.7835,111823.0,11318.024,1.0
20250516,563770.SH,招商中证全指自由现金流ETF,1.005,1.008,1.0,1.003,1.009,-0.006,-0.5946,1522024.0,152859.48,1.0
20250516,563780.SH,方正富邦中证全指自由现金流ETF,1.01,1.012,1.006,1.011,1.011,0.0,0.0,140242.0,14147.409,1.0
20250516,563800.SH,广发中证A500ETF,0.948,0.949,0.941,0.944,0.948,-0.004,-0.4219,22539584.34,2128006.397,1.0
20250516,563860.SH,海富通中证A500ETF,0.996,0.997,0.991,0.992,0.997,-0.005,-0.5015,463272.0,46027.392,1.0
20250516,563880.SH,汇添富中证A500ETF,0.977,0.982,0.974,0.977,0.982,-0.005,-0.5092,4336516.0,423895.216,1.0
20250516,563900.SH,摩根沪深300自由现金流ETF,1.028,1.028,1.018,1.023,1.029,-0.006,-0.5831,123012.0,12562.042,1.0
20250516,563990.SH,富国中证800自由现金流ETF,1.024,1.025,1.016,1.02,1.026,-0.006,-0.5848,276763.0,28219.95,1.0
20250516,588000.SH,华夏上证科创板50成份ETF,1.048,1.05,1.041,1.044,1.05,-0.006,-0.5714,18728821.38,1956884.201,1.0
20250516,588010.SH,博时上证科创板新材料ETF,0.595,0.6,0.592,0.594,0.594,0.0,0.0,173844.25,10361.164,1.0
20250516,588020.SH,易方达上证科创板成长ETF,1.178,1.179,1.168,1.171,1.174,-0.003,-0.2555,146145.0,17138.288,1.0
20250516,588030.SH,博时科创100ETF,0.95,0.964,0.949,0.958,0.952,0.006,0.6303,1974259.0,189008.11,1.0
20250516,588040.SH,鹏华科创板50ETF,1.04,1.04,1.032,1.032,1.038,-0.006,-0.578,7555.0,781.671,1.0
20250516,588050.SH,科创ETF,1.027,1.027,1.018,1.019,1.026,-0.007,-0.6823,2450822.64,250539.801,1.0
20250516,588060.SH,广发科创50ETF,0.636,0.637,0.631,0.632,0.637,-0.005,-0.7849,1366544.0,86561.566,1.0
20250516,588070.SH,万家上证科创板成长ETF,1.011,1.017,1.009,1.012,1.013,-0.001,-0.0987,9894.0,1001.652,1.0
20250516,588080.SH,易方达上证科创板50ETF,1.02,1.022,1.014,1.017,1.023,-0.006,-0.5865,4386091.19,446465.385,1.0
20250516,588090.SH,科创板ETF,1.03,1.03,1.02,1.024,1.03,-0.006,-0.5825,410228.87,42035.335,1.0
20250516,588100.SH,嘉实上证科创板新一代信息技术ETF,1.319,1.319,1.308,1.312,1.32,-0.008,-0.6061,73827.0,9688.262,1.0
20250516,588110.SH,广发上证科创板成长ETF,1.151,1.156,1.143,1.149,1.151,-0.002,-0.1738,136478.0,15672.362,1.0
20250516,588120.SH,国泰上证科创板100ETF,0.955,0.966,0.951,0.958,0.954,0.004,0.4193,415618.0,39829.051,1.0
20250516,588150.SH,南方上证科创板50成份ETF,0.7,0.705,0.695,0.696,0.702,-0.006,-0.8547,180660.0,12604.5,1.0
20250516,588160.SH,南方上证科创板新材料ETF,0.603,0.609,0.601,0.603,0.603,0.0,0.0,47997.0,2906.304,1.0
20250516,588170.SH,华夏上证科创板半导体材料设备主题ETF,0.974,0.976,0.965,0.965,0.972,-0.007,-0.7202,250339.0,24270.945,1.0
20250516,588180.SH,国联安科创ETF,0.647,0.647,0.639,0.643,0.647,-0.004,-0.6182,346877.0,22260.92,1.0
20250516,588190.SH,科创100,0.949,0.961,0.947,0.954,0.949,0.005,0.5269,1546753.0,147729.753,1.0
20250516,588200.SH,嘉实上证科创板芯片ETF,1.509,1.515,1.502,1.506,1.514,-0.008,-0.5284,5560482.0,838314.769,1.0
20250516,588210.SH,易方达上证科创板100ETF,0.93,0.942,0.93,0.937,0.931,0.006,0.6445,17626.0,1652.633,1.0
20250516,588220.SH,科创100ETF基金,0.951,0.965,0.95,0.957,0.953,0.004,0.4197,1931643.0,185011.552,1.0
20250516,588230.SH,科创200,1.024,1.045,1.024,1.038,1.03,0.008,0.7767,159102.0,16542.941,1.0
20250516,588240.SH,鹏华科创板200ETF,0.955,0.973,0.955,0.965,0.961,0.004,0.4162,173081.0,16780.986,1.0
20250516,588250.SH,鹏华上证科创板生物医药ETF,0.996,1.008,0.991,1.003,0.996,0.007,0.7028,103009.0,10294.825,1.0
20250516,588260.SH,华安上证科创板新一代信息技术ETF,1.31,1.31,1.3,1.303,1.31,-0.007,-0.5344,19133.0,2493.454,1.0
20250516,588280.SH,华安上证科创板50ETF,0.72,0.722,0.716,0.717,0.722,-0.005,-0.6925,67077.0,4818.953,1.0
20250516,588290.SH,华安上证科创板芯片ETF,1.477,1.479,1.468,1.472,1.478,-0.006,-0.406,599034.0,88229.802,1.0
20250516,588300.SH,招商中证科创创业50ETF,0.552,0.555,0.551,0.552,0.554,-0.002,-0.361,225336.0,12459.672,1.0
20250516,588310.SH,方正富邦科创创业50ETF,0.595,0.595,0.591,0.593,0.593,0.0,0.0,1566.0,92.782,1.0
20250516,588320.SH,广发中证科创创业50增强策略ETF,0.87,0.872,0.867,0.871,0.87,0.001,0.1149,2364.0,205.837,1.0
20250516,588330.SH,华宝双创龙头ETF,0.545,0.549,0.545,0.545,0.547,-0.002,-0.3656,382388.0,20916.58,1.0
20250516,588350.SH,鹏扬中证科创创业50ETF,0.833,0.834,0.829,0.83,0.833,-0.003,-0.3601,10145.0,844.306,1.0
20250516,588360.SH,国泰中证科创创业50ETF,0.581,0.583,0.578,0.581,0.581,0.0,0.0,401077.0,23265.608,1.0
20250516,588370.SH,南方上证科创板50成份增强策略ETF,1.003,1.003,0.993,0.996,1.002,-0.006,-0.5988,44157.0,4398.36,1.0
20250516,588380.SH,富国中证科创创业50ETF,0.549,0.552,0.547,0.549,0.55,-0.001,-0.1818,254432.0,13988.104,1.0
20250516,588390.SH,博时中证科创创业50ETF,0.585,0.588,0.584,0.586,0.586,0.0,0.0,99122.0,5811.522,1.0
20250516,588400.SH,嘉实中证科创创业50ETF,0.541,0.545,0.54,0.542,0.542,0.0,0.0,191508.0,10376.143,1.0
20250516,588450.SH,招商上证科创板50成份增强策略ETF,1.261,1.262,1.254,1.256,1.264,-0.008,-0.6329,22067.0,2773.612,1.0
20250516,588460.SH,科创50增强ETF,1.142,1.142,1.131,1.138,1.142,-0.004,-0.3503,184470.0,20997.516,1.0
20250516,588500.SH,易方达上证科创板100增强策略ETF,1.337,1.35,1.336,1.339,1.337,0.002,0.1496,8797.0,1180.413,1.0
20250516,588660.SH,兴银中证科创创业50ETF,0.922,0.926,0.918,0.919,0.919,0.0,0.0,42272.0,3896.503,1.0
20250516,588680.SH,广发上证科创板100增强策略ETF,1.397,1.41,1.397,1.406,1.397,0.009,0.6442,4016.0,564.033,1.0
20250516,588700.SH,嘉实上证科创板生物医药ETF,0.942,0.956,0.935,0.949,0.943,0.006,0.6363,221894.0,21049.623,1.0
20250516,588720.SH,中银上证科创板50ETF,0.992,1.014,0.992,1.013,1.015,-0.002,-0.197,11900.0,1197.813,1.0
20250516,588730.SH,易方达上证科创板人工智能ETF,1.06,1.07,1.059,1.063,1.066,-0.003,-0.2814,561350.0,59756.605,1.0
20250516,588750.SH,汇添富上证科创板芯片ETF,1.008,1.012,1.004,1.005,1.013,-0.008,-0.7897,244464.0,24637.36,1.0
20250516,588760.SH,广发上证科创板人工智能ETF,0.549,0.553,0.546,0.55,0.55,0.0,0.0,1768915.0,97178.248,2.0
20250516,588770.SH,摩根上证科创板新一代信息技术ETF,0.954,0.954,0.944,0.948,0.954,-0.006,-0.6289,46600.0,4415.709,1.0
20250516,588780.SH,国联安科创芯片设计ETF,1.043,1.05,1.041,1.044,1.048,-0.004,-0.3817,132317.0,13833.671,1.0
20250516,588790.SH,博时科创板人工智能ETF,0.58,0.585,0.579,0.581,0.583,-0.002,-0.3431,2493557.0,145105.84,1.998
20250516,588800.SH,华夏上证科创板100ETF,0.922,0.936,0.922,0.929,0.924,0.005,0.5411,1647278.0,153052.986,1.0
20250516,588810.SH,富国上证科创板芯片ETF,1.061,1.064,1.056,1.06,1.066,-0.006,-0.5629,62221.0,6594.59,1.0
20250516,588820.SH,华夏上证科创板200ETF,1.099,1.114,1.099,1.103,1.1,0.003,0.2727,4619.0,512.031,1.0
20250516,588830.SH,鹏华科创板新能源ETF,1.034,1.048,1.034,1.037,1.035,0.002,0.1932,227843.0,23740.687,1.0
20250516,588840.SH,万家上证科创板50成份ETF,0.919,0.919,0.91,0.913,0.919,-0.006,-0.6529,41050.0,3750.694,1.0
20250516,588850.SH,嘉实上证科创板工业机械ETF,1.034,1.05,1.034,1.039,1.036,0.003,0.2896,48379.0,5048.484,1.0
20250516,588860.SH,科创医药ETF,1.246,1.265,1.24,1.256,1.249,0.007,0.5604,142880.0,17922.468,1.0
20250516,588870.SH,汇添富上证科创板50成份ETF,1.026,1.026,1.017,1.021,1.028,-0.007,-0.6809,141522.0,14453.711,1.0
20250516,588880.SH,科创指数,0.917,0.933,0.917,0.926,0.922,0.004,0.4338,202609.0,18772.298,1.0
20250516,588890.SH,南方上证科创板芯片ETF,1.689,1.696,1.682,1.687,1.695,-0.008,-0.472,160571.0,27122.268,1.0
20250516,588900.SH,南方上证科创板100ETF,0.953,0.966,0.953,0.958,0.954,0.004,0.4193,112095.0,10758.86,1.0
20250516,588910.SH,建信上证智选科创板创新价值ETF,0.948,0.957,0.947,0.951,0.951,0.0,0.0,183803.0,17506.753,1.0
20250516,588930.SH,科创板AI,1.142,1.153,1.139,1.146,1.147,-0.001,-0.0872,468654.0,53723.864,1.0
20250516,588950.SH,景顺长城上证科创板50成份ETF,1.024,1.028,1.02,1.023,1.031,-0.008,-0.7759,48741.0,4987.119,1.0
20250516,588960.SH,富国上证科创板新能源ETF,0.925,0.937,0.925,0.93,0.928,0.002,0.2155,6878.0,641.121,1.0
20250516,588990.SH,博时上证科创板芯片ETF,1.567,1.589,1.567,1.576,1.582,-0.006,-0.3793,74032.0,11678.887,1.0
20250516,589000.SH,华夏上证科创板综合ETF,0.93,0.937,0.929,0.932,0.931,0.001,0.1074,1217236.0,113602.996,1.0
20250516,589010.SH,华夏上证科创板人工智能ETF,1.02,1.031,1.02,1.027,1.029,-0.002,-0.1944,149755.0,15359.279,1.0
20250516,589060.SH,科创综指ETF东财,0.974,0.977,0.97,0.973,0.972,0.001,0.1029,43489.0,4233.294,1.0
20250516,589080.SH,汇添富上证科创板综合ETF,0.934,0.939,0.933,0.934,0.935,-0.001,-0.107,536603.0,50252.54,1.0
20250516,589100.SH,国泰上证科创板芯片ETF,0.975,0.975,0.969,0.971,0.975,-0.004,-0.4103,104056.0,10112.661,1.0
20250516,589300.SH,嘉实上证科创板综合ETF,1.005,1.019,1.005,1.014,1.011,0.003,0.2967,59341.0,6017.773,1.0
20250516,589500.SH,科创综指ETF工银,0.929,0.935,0.928,0.93,0.93,0.0,0.0,285171.0,26569.468,1.0
20250516,589520.SH,华宝上证科创板人工智能ETF,0.879,0.887,0.87,0.876,0.878,-0.002,-0.2278,44290.0,3885.266,1.0
20250516,589600.SH,富国上证科创板综合价格ETF,0.915,0.919,0.911,0.915,0.916,-0.001,-0.1092,162798.0,14901.683,1.0
20250516,589630.SH,国泰上证科创板综合ETF,0.93,0.938,0.93,0.932,0.932,0.0,0.0,454671.19,42442.818,1.0
20250516,589660.SH,南方上证科创板综合ETF,0.935,0.938,0.931,0.934,0.934,0.0,0.0,316563.0,29610.341,1.0
20250516,589680.SH,鹏华科创板综合ETF,0.928,0.936,0.928,0.931,0.93,0.001,0.1075,994023.0,92664.68,1.0
20250516,589770.SH,招商上证科创板综合ETF,0.933,0.939,0.931,0.935,0.933,0.002,0.2144,543353.0,50851.564,1.0
20250516,589800.SH,易方达上证科创板综合ETF,0.926,0.931,0.922,0.926,0.926,0.0,0.0,1363951.48,126462.485,1.0
20250516,589860.SH,天弘上证科创板综合ETF,0.923,0.927,0.919,0.922,0.923,-0.001,-0.1083,1018726.0,94058.456,1.0
20250516,589880.SH,建信上证科创板综合ETF,0.935,0.941,0.932,0.937,0.935,0.002,0.2139,300143.79,28116.983,1.0
20250516,589890.SH,景顺长城上证科创板综合价格ETF,0.93,0.934,0.927,0.93,0.931,-0.001,-0.1074,204187.0,19026.617,1.0
20250516,589900.SH,博时科创综指ETF,0.927,0.936,0.926,0.932,0.93,0.002,0.2151,1374997.55,128156.483,1.0
20250516,589980.SH,汇添富上证科创板100ETF,0.973,0.988,0.973,0.982,0.975,0.007,0.7179,50974.0,5012.134,1.0
20250516,589990.SH,科创板综,0.94,0.945,0.937,0.939,0.94,-0.001,-0.1064,129422.0,12183.975,1.0
