日期,ETF代码,EMA快线,EMA慢线,DIF,DEA,MACD柱,DIF高于DEA,DIF高于零轴,DEA高于零轴,DIF_DEA差值,DIF强度,MACD强度,计算时间
2023-07-28,159513,0.99,0.99,0.0,0.0,0.0,否,否,否,0.0,0.0,0.0,2025-06-29 16:58:39
2023-07-31,159513,0.991778,0.990889,0.000889,0.000178,0.001422,是,是,是,0.000711,0.000889,0.001422,2025-06-29 16:58:39
2023-08-01,159513,0.993383,0.99179,0.001593,0.000461,0.002264,是,是,是,0.001132,0.001593,0.002264,2025-06-29 16:58:39
2023-08-02,159513,0.991964,0.991258,0.000706,0.00051,0.000393,是,是,是,0.000196,0.000706,0.000393,2025-06-29 16:58:39
2023-08-03,159513,0.987972,0.98934,-0.001368,0.000134,-0.003005,否,否,是,-0.001502,0.001368,0.003005,2025-06-29 16:58:39
2023-08-04,159513,0.986867,0.988636,-0.001769,-0.000246,-0.003045,否,否,否,-0.001523,0.001769,0.003045,2025-06-29 16:58:39
2023-08-07,159513,0.98423,0.987121,-0.002891,-0.000775,-0.004231,否,否,否,-0.002116,0.002891,0.004231,2025-06-29 16:58:39
2023-08-08,159513,0.982846,0.986107,-0.003262,-0.001272,-0.003978,否,否,否,-0.00199,0.003262,0.003978,2025-06-29 16:58:39
2023-08-09,159513,0.981324,0.984984,-0.00366,-0.00175,-0.00382,否,否,否,-0.00191,0.00366,0.00382,2025-06-29 16:58:39
2023-08-10,159513,0.977697,0.982764,-0.005067,-0.002413,-0.005307,否,否,否,-0.002654,0.005067,0.005307,2025-06-29 16:58:39
2023-08-11,159513,0.974875,0.98079,-0.005915,-0.003114,-0.005602,否,否,否,-0.002801,0.005915,0.005602,2025-06-29 16:58:39
2023-08-14,159513,0.971125,0.978258,-0.007133,-0.003917,-0.00643,否,否,否,-0.003216,0.007133,0.00643,2025-06-29 16:58:39
2023-08-15,159513,0.972208,0.978007,-0.005798,-0.004294,-0.00301,否,否,否,-0.001504,0.005798,0.00301,2025-06-29 16:58:39
2023-08-16,159513,0.970607,0.976562,-0.005955,-0.004626,-0.002658,否,否,否,-0.001329,0.005955,0.002658,2025-06-29 16:58:39
2023-08-17,159513,0.967583,0.974388,-0.006805,-0.005062,-0.003487,否,否,否,-0.001743,0.006805,0.003487,2025-06-29 16:58:39
2023-08-18,159513,0.961898,0.97079,-0.008892,-0.005828,-0.006128,否,否,否,-0.003064,0.008892,0.006128,2025-06-29 16:58:39
2023-08-21,159513,0.958365,0.968035,-0.00967,-0.006596,-0.006148,否,否,否,-0.003074,0.00967,0.006148,2025-06-29 16:58:39
2023-08-22,159513,0.958728,0.967142,-0.008414,-0.00696,-0.002908,否,否,否,-0.001454,0.008414,0.002908,2025-06-29 16:58:39
2023-08-23,159513,0.959678,0.966682,-0.007005,-0.006969,-7.1e-05,否,否,否,-3.6e-05,0.007005,7.1e-05,2025-06-29 16:58:39
2023-08-24,159513,0.965749,0.96894,-0.00319,-0.006213,0.006045,是,否,否,0.003023,0.00319,0.006045,2025-06-29 16:58:39
2023-08-25,159513,0.962472,0.966946,-0.004475,-0.005865,0.002781,是,否,否,0.00139,0.004475,0.002781,2025-06-29 16:58:39
2023-08-28,159513,0.962367,0.966397,-0.00403,-0.005498,0.002937,是,否,否,0.001468,0.00403,0.002937,2025-06-29 16:58:39
2023-08-29,159513,0.963841,0.966686,-0.002845,-0.004968,0.004245,是,否,否,0.002123,0.002845,0.004245,2025-06-29 16:58:39
2023-08-30,159513,0.968543,0.968721,-0.000178,-0.00401,0.007664,是,否,否,0.003832,0.000178,0.007664,2025-06-29 16:58:39
2023-08-31,159513,0.973089,0.970974,0.002115,-0.002785,0.009799,是,是,否,0.0049,0.002115,0.009799,2025-06-29 16:58:39
2023-09-01,159513,0.976402,0.972866,0.003537,-0.001521,0.010114,是,是,否,0.005058,0.003537,0.010114,2025-06-29 16:58:39
2023-09-04,159513,0.979202,0.974659,0.004543,-0.000308,0.009702,是,是,否,0.004851,0.004543,0.009702,2025-06-29 16:58:39
2023-09-05,159513,0.982046,0.976585,0.005461,0.000846,0.009229,是,是,是,0.004615,0.005461,0.009229,2025-06-29 16:58:39
2023-09-06,159513,0.984036,0.978187,0.005849,0.001846,0.008005,是,是,是,0.004003,0.005849,0.008005,2025-06-29 16:58:39
2023-09-07,159513,0.984028,0.978833,0.005195,0.002516,0.005357,是,是,是,0.002679,0.005195,0.005357,2025-06-29 16:58:39
2023-09-08,159513,0.984244,0.979518,0.004726,0.002958,0.003535,是,是,是,0.001768,0.004726,0.003535,2025-06-29 16:58:39
2023-09-11,159513,0.983301,0.979572,0.003729,0.003112,0.001234,是,是,是,0.000617,0.003729,0.001234,2025-06-29 16:58:39
2023-09-12,159513,0.985234,0.980953,0.004281,0.003346,0.00187,是,是,是,0.000935,0.004281,0.00187,2025-06-29 16:58:39
2023-09-13,159513,0.984071,0.980847,0.003224,0.003322,-0.000195,否,是,是,-9.8e-05,0.003224,0.000195,2025-06-29 16:58:39
2023-09-14,159513,0.984722,0.98153,0.003191,0.003296,-0.000209,否,是,是,-0.000105,0.003191,0.000209,2025-06-29 16:58:39
2023-09-15,159513,0.985228,0.982138,0.00309,0.003254,-0.000329,否,是,是,-0.000164,0.00309,0.000329,2025-06-29 16:58:39
2023-09-18,159513,0.982066,0.980901,0.001166,0.002837,-0.003342,否,是,是,-0.001671,0.001166,0.003342,2025-06-29 16:58:39
2023-09-19,159513,0.979385,0.979689,-0.000305,0.002208,-0.005026,否,否,是,-0.002513,0.000305,0.005026,2025-06-29 16:58:39
2023-09-20,159513,0.976188,0.978057,-0.001869,0.001393,-0.006524,否,否,是,-0.003262,0.001869,0.006524,2025-06-29 16:58:39
2023-09-21,159513,0.969924,0.974718,-0.004793,0.000156,-0.009898,否,否,是,-0.004949,0.004793,0.009898,2025-06-29 16:58:39
2023-09-22,159513,0.962385,0.970416,-0.00803,-0.001481,-0.013097,否,否,否,-0.006549,0.00803,0.013097,2025-06-29 16:58:39
2023-09-25,159513,0.9563,0.966481,-0.010181,-0.003221,-0.013919,否,否,否,-0.00696,0.010181,0.013919,2025-06-29 16:58:39
2023-09-26,159513,0.949344,0.961872,-0.012527,-0.005083,-0.01489,否,否,否,-0.007444,0.012527,0.01489,2025-06-29 16:58:39
2023-09-27,159513,0.942823,0.957219,-0.014396,-0.006945,-0.014901,否,否,否,-0.007451,0.014396,0.014901,2025-06-29 16:58:39
2023-09-28,159513,0.937307,0.952862,-0.015554,-0.008667,-0.013775,否,否,否,-0.006887,0.015554,0.013775,2025-06-29 16:58:39
2023-10-09,159513,0.935461,0.95021,-0.014749,-0.009883,-0.009731,否,否,否,-0.004866,0.014749,0.009731,2025-06-29 16:58:39
2023-10-10,159513,0.936692,0.949187,-0.012495,-0.010406,-0.004178,否,否,否,-0.002089,0.012495,0.004178,2025-06-29 16:58:39
2023-10-11,159513,0.938983,0.948944,-0.009961,-0.010317,0.000711,是,否,否,0.000356,0.009961,0.000711,2025-06-29 16:58:39
2023-10-12,159513,0.942542,0.949617,-0.007075,-0.009668,0.005187,是,否,否,0.002593,0.007075,0.005187,2025-06-29 16:58:39
2023-10-13,159513,0.943755,0.949437,-0.005682,-0.008871,0.006378,是,否,否,0.003189,0.005682,0.006378,2025-06-29 16:58:39
2023-10-16,159513,0.942254,0.948055,-0.005801,-0.008257,0.004912,是,否,否,0.002456,0.005801,0.004912,2025-06-29 16:58:39
2023-10-17,159513,0.942197,0.947382,-0.005185,-0.007643,0.004916,是,否,否,0.002458,0.005185,0.004916,2025-06-29 16:58:39
2023-10-18,159513,0.941042,0.946229,-0.005186,-0.007152,0.00393,是,否,否,0.001966,0.005186,0.00393,2025-06-29 16:58:39
2023-10-19,159513,0.937922,0.944092,-0.00617,-0.006955,0.00157,是,否,否,0.000785,0.00617,0.00157,2025-06-29 16:58:39
2023-10-20,159513,0.933495,0.941193,-0.007698,-0.007104,-0.001189,否,否,否,-0.000594,0.007698,0.001189,2025-06-29 16:58:39
2023-10-23,159513,0.928274,0.937727,-0.009454,-0.007574,-0.003759,否,否,否,-0.00188,0.009454,0.003759,2025-06-29 16:58:39
2023-10-24,159513,0.925546,0.935313,-0.009767,-0.008012,-0.003509,否,否,否,-0.001755,0.009767,0.003509,2025-06-29 16:58:39
2023-10-25,159513,0.923425,0.933167,-0.009742,-0.008358,-0.002768,否,否,否,-0.001384,0.009742,0.002768,2025-06-29 16:58:39
2023-10-26,159513,0.915553,0.928149,-0.012596,-0.009206,-0.00678,否,否,否,-0.00339,0.012596,0.00678,2025-06-29 16:58:39
2023-10-27,159513,0.909652,0.923799,-0.014147,-0.010194,-0.007905,否,否,否,-0.003953,0.014147,0.007905,2025-06-29 16:58:39
2023-10-30,159513,0.905063,0.919932,-0.01487,-0.011129,-0.007481,否,否,否,-0.003741,0.01487,0.007481,2025-06-29 16:58:39
2023-10-31,159513,0.901049,0.916273,-0.015224,-0.011948,-0.006552,否,否,否,-0.003276,0.015224,0.006552,2025-06-29 16:58:39
2023-11-01,159513,0.899482,0.913798,-0.014316,-0.012422,-0.003788,否,否,否,-0.001894,0.014316,0.003788,2025-06-29 16:58:39
2023-11-02,159513,0.902264,0.913599,-0.011334,-0.012204,0.00174,是,否,否,0.00087,0.011334,0.00174,2025-06-29 16:58:39
2023-11-03,159513,0.906205,0.91431,-0.008104,-0.011384,0.00656,是,否,否,0.00328,0.008104,0.00656,2025-06-29 16:58:39
2023-11-06,159513,0.91216,0.916386,-0.004227,-0.009953,0.011452,是,否,否,0.005726,0.004227,0.011452,2025-06-29 16:58:39
2023-11-07,159513,0.916791,0.918232,-0.001442,-0.008251,0.013618,是,否,否,0.006809,0.001442,0.013618,2025-06-29 16:58:39
2023-11-08,159513,0.922393,0.920873,0.00152,-0.006296,0.015632,是,是,否,0.007816,0.00152,0.015632,2025-06-29 16:58:39
2023-11-09,159513,0.927639,0.923665,0.003974,-0.004242,0.016433,是,是,否,0.008216,0.003974,0.016433,2025-06-29 16:58:39
2023-11-10,159513,0.929941,0.925258,0.004684,-0.002457,0.014282,是,是,否,0.007141,0.004684,0.014282,2025-06-29 16:58:39
2023-11-13,159513,0.93551,0.928563,0.006947,-0.000576,0.015047,是,是,否,0.007523,0.006947,0.015047,2025-06-29 16:58:39
2023-11-14,159513,0.940286,0.931722,0.008563,0.001252,0.014623,是,是,是,0.007311,0.008563,0.014623,2025-06-29 16:58:39
2023-11-15,159513,0.948444,0.936753,0.011691,0.00334,0.016703,是,是,是,0.008351,0.011691,0.016703,2025-06-29 16:58:39
2023-11-16,159513,0.954123,0.940892,0.013232,0.005318,0.015827,是,是,是,0.007914,0.013232,0.015827,2025-06-29 16:58:39
2023-11-17,159513,0.958985,0.944793,0.014192,0.007093,0.014199,是,是,是,0.007099,0.014192,0.014199,2025-06-29 16:58:39
2023-11-20,159513,0.960988,0.947371,0.013617,0.008398,0.010439,是,是,是,0.005219,0.013617,0.010439,2025-06-29 16:58:39
2023-11-21,159513,0.965657,0.951219,0.014439,0.009606,0.009666,是,是,是,0.004833,0.014439,0.009666,2025-06-29 16:58:39
2023-11-22,159513,0.967734,0.953861,0.013872,0.010459,0.006826,是,是,是,0.003413,0.013872,0.006826,2025-06-29 16:58:39
2023-11-23,159513,0.970237,0.956654,0.013583,0.011084,0.004998,是,是,是,0.002499,0.013583,0.004998,2025-06-29 16:58:39
2023-11-24,159513,0.972629,0.959359,0.01327,0.011521,0.003497,是,是,是,0.001749,0.01327,0.003497,2025-06-29 16:58:39
2023-11-27,159513,0.973378,0.961208,0.01217,0.011651,0.001038,是,是,是,0.000519,0.01217,0.001038,2025-06-29 16:58:39
2023-11-28,159513,0.974183,0.962963,0.01122,0.011565,-0.000689,否,是,是,-0.000345,0.01122,0.000689,2025-06-29 16:58:39
2023-11-29,159513,0.975031,0.964634,0.010397,0.011331,-0.001868,否,是,是,-0.000934,0.010397,0.001868,2025-06-29 16:58:39
2023-11-30,159513,0.975691,0.966119,0.009572,0.010979,-0.002815,否,是,是,-0.001407,0.009572,0.002815,2025-06-29 16:58:39
2023-12-01,159513,0.974871,0.966772,0.008098,0.010403,-0.00461,否,是,是,-0.002305,0.008098,0.00461,2025-06-29 16:58:39
2023-12-04,159513,0.974455,0.967464,0.006991,0.009721,-0.00546,否,是,是,-0.00273,0.006991,0.00546,2025-06-29 16:58:39
2023-12-05,159513,0.971909,0.966968,0.004941,0.008765,-0.007647,否,是,是,-0.003824,0.004941,0.007647,2025-06-29 16:58:39
2023-12-06,159513,0.972818,0.967972,0.004847,0.007981,-0.006269,否,是,是,-0.003134,0.004847,0.006269,2025-06-29 16:58:39
2023-12-07,159513,0.971303,0.967753,0.003551,0.007095,-0.007089,否,是,是,-0.003544,0.003551,0.007089,2025-06-29 16:58:39
2023-12-08,159513,0.972791,0.968891,0.0039,0.006456,-0.005112,否,是,是,-0.002556,0.0039,0.005112,2025-06-29 16:58:39
2023-12-11,159513,0.975727,0.970792,0.004934,0.006152,-0.002435,否,是,是,-0.001218,0.004934,0.002435,2025-06-29 16:58:39
2023-12-12,159513,0.979565,0.97326,0.006305,0.006182,0.000246,是,是,是,0.000123,0.006305,0.000246,2025-06-29 16:58:39
2023-12-13,159513,0.984773,0.976564,0.008209,0.006588,0.003242,是,是,是,0.001621,0.008209,0.003242,2025-06-29 16:58:39
2023-12-14,159513,0.991934,0.981057,0.010877,0.007446,0.006864,是,是,是,0.003431,0.010877,0.006864,2025-06-29 16:58:39
2023-12-15,159513,0.99506,0.983829,0.011232,0.008203,0.006058,是,是,是,0.003029,0.011232,0.006058,2025-06-29 16:58:39
2023-12-18,159513,0.999269,0.987181,0.012088,0.00898,0.006216,是,是,是,0.003108,0.012088,0.006216,2025-06-29 16:58:39
2023-12-19,159513,1.004098,0.990939,0.01316,0.009816,0.006687,是,是,是,0.003344,0.01316,0.006687,2025-06-29 16:58:39
2023-12-20,159513,1.009187,0.994945,0.014242,0.010701,0.007082,是,是,是,0.003541,0.014242,0.007082,2025-06-29 16:58:39
2023-12-21,159513,1.009812,0.99684,0.012972,0.011155,0.003634,是,是,是,0.001817,0.012972,0.003634,2025-06-29 16:58:39
2023-12-22,159513,1.011632,0.999191,0.01244,0.011412,0.002056,是,是,是,0.001028,0.01244,0.002056,2025-06-29 16:58:39
2023-12-25,159513,1.013491,1.001504,0.011988,0.011527,0.000921,是,是,是,0.000461,0.011988,0.000921,2025-06-29 16:58:39
2023-12-26,159513,1.016716,1.004448,0.012268,0.011676,0.001185,是,是,是,0.000592,0.012268,0.001185,2025-06-29 16:58:39
2023-12-27,159513,1.01989,1.007398,0.012492,0.011839,0.001306,是,是,是,0.000653,0.012492,0.001306,2025-06-29 16:58:39
2023-12-28,159513,1.02147,1.009576,0.011894,0.01185,8.8e-05,是,是,是,4.4e-05,0.011894,8.8e-05,2025-06-29 16:58:39
2023-12-29,159513,1.022477,1.011401,0.011076,0.011695,-0.001238,否,是,是,-0.000619,0.011076,0.001238,2025-06-29 16:58:39
2024-01-02,159513,1.022371,1.012578,0.009792,0.011315,-0.003045,否,是,是,-0.001523,0.009792,0.003045,2025-06-29 16:58:39
2024-01-03,159513,1.019844,1.012403,0.007441,0.01054,-0.006198,否,是,是,-0.003099,0.007441,0.006198,2025-06-29 16:58:39
2024-01-04,159513,1.015656,1.011136,0.00452,0.009336,-0.009631,否,是,是,-0.004816,0.00452,0.009631,2025-06-29 16:58:39
2024-01-05,159513,1.010844,1.009232,0.001612,0.007791,-0.012359,否,是,是,-0.006179,0.001612,0.012359,2025-06-29 16:58:39
2024-01-08,159513,1.00799,1.007984,6e-06,0.006234,-0.012457,否,是,是,-0.006228,6e-06,0.012457,2025-06-29 16:58:39
2024-01-09,159513,1.011103,1.009541,0.001562,0.0053,-0.007476,否,是,是,-0.003738,0.001562,0.007476,2025-06-29 16:58:39
2024-01-10,159513,1.013747,1.011037,0.00271,0.004782,-0.004143,否,是,是,-0.002072,0.00271,0.004143,2025-06-29 16:58:39
2024-01-11,159513,1.018248,1.013588,0.004659,0.004757,-0.000196,否,是,是,-9.8e-05,0.004659,0.000196,2025-06-29 16:58:39
2024-01-12,159513,1.020859,1.015412,0.005447,0.004895,0.001104,是,是,是,0.000552,0.005447,0.001104,2025-06-29 16:58:39
2024-01-15,159513,1.024446,1.01781,0.006636,0.005243,0.002785,是,是,是,0.001393,0.006636,0.002785,2025-06-29 16:58:39
2024-01-16,159513,1.024791,1.01872,0.006071,0.005409,0.001324,是,是,是,0.000662,0.006071,0.001324,2025-06-29 16:58:39
2024-01-17,159513,1.024171,1.019085,0.005086,0.005344,-0.000516,否,是,是,-0.000258,0.005086,0.000516,2025-06-29 16:58:39
2024-01-18,159513,1.0248,1.019964,0.004835,0.005243,-0.000814,否,是,是,-0.000408,0.004835,0.000814,2025-06-29 16:58:39
2024-01-19,159513,1.029733,1.022968,0.006765,0.005547,0.002436,是,是,是,0.001218,0.006765,0.002436,2025-06-29 16:58:39
2024-01-22,159513,1.038904,1.028305,0.010598,0.006557,0.008082,是,是,是,0.004041,0.010598,0.008082,2025-06-29 16:58:39
2024-01-23,159513,1.044703,1.032382,0.01232,0.00771,0.009221,是,是,是,0.00461,0.01232,0.009221,2025-06-29 16:58:39
2024-01-24,159513,1.050769,1.036784,0.013985,0.008965,0.010039,是,是,是,0.00502,0.013985,0.010039,2025-06-29 16:58:39
2024-01-25,159513,1.05482,1.040364,0.014456,0.010063,0.008786,是,是,是,0.004393,0.014456,0.008786,2025-06-29 16:58:39
2024-01-26,159513,1.056416,1.042768,0.013648,0.01078,0.005736,是,是,是,0.002868,0.013648,0.005736,2025-06-29 16:58:39
2024-01-29,159513,1.058546,1.045349,0.013196,0.011263,0.003866,是,是,是,0.001933,0.013196,0.003866,2025-06-29 16:58:39
2024-01-30,159513,1.063313,1.049199,0.014114,0.011833,0.004561,是,是,是,0.002281,0.014114,0.004561,2025-06-29 16:58:39
2024-01-31,159513,1.062577,1.050399,0.012178,0.011902,0.000551,是,是,是,0.000276,0.012178,0.000551,2025-06-29 16:58:39
2024-02-01,159513,1.060004,1.050466,0.009538,0.011429,-0.003783,否,是,是,-0.001891,0.009538,0.003783,2025-06-29 16:58:39
2024-02-02,159513,1.06267,1.052859,0.009811,0.011106,-0.002589,否,是,是,-0.001295,0.009811,0.002589,2025-06-29 16:58:39
2024-02-05,159513,1.066077,1.055652,0.010424,0.01097,-0.00109,否,是,是,-0.000546,0.010424,0.00109,2025-06-29 16:58:39
2024-02-06,159513,1.068726,1.058135,0.010591,0.010894,-0.000606,否,是,是,-0.000303,0.010591,0.000606,2025-06-29 16:58:39
2024-02-07,159513,1.069454,1.059676,0.009778,0.010671,-0.001785,否,是,是,-0.000893,0.009778,0.001785,2025-06-29 16:58:39
2024-02-08,159513,1.075131,1.063601,0.01153,0.010843,0.001375,是,是,是,0.000687,0.01153,0.001375,2025-06-29 16:58:39
2024-02-19,159513,1.077991,1.066312,0.011679,0.01101,0.001338,是,是,是,0.000669,0.011679,0.001338,2025-06-29 16:58:39
2024-02-20,159513,1.07777,1.067499,0.010271,0.010862,-0.001182,否,是,是,-0.000591,0.010271,0.001182,2025-06-29 16:58:39
2024-02-21,159513,1.076044,1.067777,0.008266,0.010343,-0.004153,否,是,是,-0.002077,0.008266,0.004153,2025-06-29 16:58:39
2024-02-22,159513,1.079145,1.070246,0.008899,0.010054,-0.002311,否,是,是,-0.001155,0.008899,0.002311,2025-06-29 16:58:39
2024-02-23,159513,1.083557,1.073441,0.010116,0.010066,9.9e-05,是,是,是,5e-05,0.010116,9.9e-05,2025-06-29 16:58:39
2024-02-26,159513,1.084767,1.07517,0.009597,0.009973,-0.000751,否,是,是,-0.000376,0.009597,0.000751,2025-06-29 16:58:39
2024-02-27,159513,1.085707,1.076707,0.009001,0.009778,-0.001555,否,是,是,-0.000777,0.009001,0.001555,2025-06-29 16:58:39
2024-02-28,159513,1.087106,1.078406,0.0087,0.009563,-0.001725,否,是,是,-0.000863,0.0087,0.001725,2025-06-29 16:58:39
2024-02-29,159513,1.087082,1.079361,0.007721,0.009194,-0.002946,否,是,是,-0.001473,0.007721,0.002946,2025-06-29 16:58:39
2024-03-01,159513,1.090175,1.081765,0.00841,0.009037,-0.001255,否,是,是,-0.000627,0.00841,0.001255,2025-06-29 16:58:39
2024-03-04,159513,1.09547,1.085347,0.010123,0.009255,0.001736,是,是,是,0.000868,0.010123,0.001736,2025-06-29 16:58:39
2024-03-05,159513,1.097365,1.087419,0.009946,0.009393,0.001106,是,是,是,0.000553,0.009946,0.001106,2025-06-29 16:58:39
2024-03-06,159513,1.096617,1.088151,0.008467,0.009208,-0.001482,否,是,是,-0.000741,0.008467,0.001482,2025-06-29 16:58:39
2024-03-07,159513,1.095591,1.088578,0.007013,0.008769,-0.003511,否,是,是,-0.001756,0.007013,0.003511,2025-06-29 16:58:39
2024-03-08,159513,1.09946,1.091292,0.008168,0.008649,-0.000961,否,是,是,-0.000481,0.008168,0.000961,2025-06-29 16:58:39
2024-03-11,159513,1.098691,1.091815,0.006876,0.008294,-0.002836,否,是,是,-0.001418,0.006876,0.002836,2025-06-29 16:58:39
2024-03-12,159513,1.098982,1.092724,0.006258,0.007887,-0.003258,否,是,是,-0.001629,0.006258,0.003258,2025-06-29 16:58:39
2024-03-13,159513,1.100986,1.094422,0.006564,0.007622,-0.002116,否,是,是,-0.001058,0.006564,0.002116,2025-06-29 16:58:39
2024-03-14,159513,1.101434,1.095375,0.006059,0.00731,-0.002502,否,是,是,-0.001251,0.006059,0.002502,2025-06-29 16:58:39
2024-03-15,159513,1.099559,1.095111,0.004448,0.006737,-0.004578,否,是,是,-0.002289,0.004448,0.004578,2025-06-29 16:58:39
2024-03-18,159513,1.096768,1.09421,0.002559,0.005902,-0.006686,否,是,是,-0.003343,0.002559,0.006686,2025-06-29 16:58:39
2024-03-19,159513,1.094598,1.093409,0.001189,0.004959,-0.00754,否,是,是,-0.00377,0.001189,0.00754,2025-06-29 16:58:39
2024-03-20,159513,1.09402,1.093252,0.000768,0.004121,-0.006705,否,是,是,-0.003353,0.000768,0.006705,2025-06-29 16:58:39
2024-03-21,159513,1.099794,1.096224,0.00357,0.004011,-0.000882,否,是,是,-0.000441,0.00357,0.000882,2025-06-29 16:58:39
2024-03-22,159513,1.103617,1.098533,0.005085,0.004225,0.001719,是,是,是,0.00086,0.005085,0.001719,2025-06-29 16:58:39
2024-03-25,159513,1.105702,1.10014,0.005562,0.004493,0.002139,是,是,是,0.001069,0.005562,0.002139,2025-06-29 16:58:39
2024-03-26,159513,1.107768,1.101791,0.005977,0.00479,0.002375,是,是,是,0.001187,0.005977,0.002375,2025-06-29 16:58:39
2024-03-27,159513,1.108709,1.102925,0.005783,0.004988,0.00159,是,是,是,0.000795,0.005783,0.00159,2025-06-29 16:58:39
2024-03-28,159513,1.109218,1.103823,0.005395,0.00507,0.000651,是,是,是,0.000325,0.005395,0.000651,2025-06-29 16:58:39
2024-03-29,159513,1.109392,1.104509,0.004883,0.005032,-0.000299,否,是,是,-0.000149,0.004883,0.000299,2025-06-29 16:58:39
2024-04-01,159513,1.110638,1.105675,0.004963,0.005019,-0.00011,否,是,是,-5.6e-05,0.004963,0.00011,2025-06-29 16:58:39
2024-04-02,159513,1.110496,1.106155,0.004341,0.004883,-0.001084,否,是,是,-0.000542,0.004341,0.001084,2025-06-29 16:58:39
2024-04-03,159513,1.107719,1.105249,0.00247,0.0044,-0.003861,否,是,是,-0.00193,0.00247,0.003861,2025-06-29 16:58:39
2024-04-08,159513,1.105337,1.104333,0.001005,0.003721,-0.005433,否,是,是,-0.002716,0.001005,0.005433,2025-06-29 16:58:39
2024-04-09,159513,1.103929,1.10374,0.000189,0.003015,-0.005652,否,是,是,-0.002826,0.000189,0.005652,2025-06-29 16:58:39
2024-04-10,159513,1.1035,1.103547,-4.6e-05,0.002403,-0.004898,否,否,是,-0.002449,4.6e-05,0.004898,2025-06-29 16:58:39
2024-04-11,159513,1.101389,1.102486,-0.001097,0.001703,-0.005599,否,否,是,-0.0028,0.001097,0.005599,2025-06-29 16:58:39
2024-04-12,159513,1.103747,1.103543,0.000204,0.001403,-0.002398,否,是,是,-0.001199,0.000204,0.002398,2025-06-29 16:58:39
2024-04-15,159513,1.102692,1.103038,-0.000346,0.001053,-0.002799,否,否,是,-0.001399,0.000346,0.002799,2025-06-29 16:58:39
2024-04-16,159513,1.095427,1.099367,-0.00394,5.4e-05,-0.007989,否,否,是,-0.003994,0.00394,0.007989,2025-06-29 16:58:39
2024-04-17,159513,1.089999,1.096215,-0.006216,-0.0012,-0.010034,否,否,否,-0.005016,0.006216,0.010034,2025-06-29 16:58:39
2024-04-18,159513,1.085555,1.093303,-0.007748,-0.002509,-0.010477,否,否,否,-0.005239,0.007748,0.010477,2025-06-29 16:58:39
2024-04-19,159513,1.076987,1.088158,-0.011171,-0.004242,-0.013858,否,否,否,-0.006929,0.011171,0.013858,2025-06-29 16:58:39
2024-04-22,159513,1.069212,1.083029,-0.013817,-0.006157,-0.015321,否,否,否,-0.00766,0.013817,0.015321,2025-06-29 16:58:39
2024-04-23,159513,1.063832,1.078804,-0.014972,-0.00792,-0.014105,否,否,否,-0.007052,0.014972,0.014105,2025-06-29 16:58:39
2024-04-24,159513,1.064758,1.077603,-0.012845,-0.008905,-0.007881,否,否,否,-0.00394,0.012845,0.007881,2025-06-29 16:58:39
2024-04-25,159513,1.061256,1.074425,-0.013169,-0.009758,-0.006823,否,否,否,-0.003411,0.013169,0.006823,2025-06-29 16:58:39
2024-04-26,159513,1.062755,1.073711,-0.010956,-0.009997,-0.001918,否,否,否,-0.000959,0.010956,0.001918,2025-06-29 16:58:39
2024-04-29,159513,1.06592,1.074077,-0.008156,-0.009629,0.002946,是,否,否,0.001473,0.008156,0.002946,2025-06-29 16:58:39
2024-04-30,159513,1.069716,1.075068,-0.005352,-0.008774,0.006843,是,否,否,0.003422,0.005352,0.006843,2025-06-29 16:58:39
2024-05-06,159513,1.073557,1.076394,-0.002837,-0.007587,0.009499,是,否,否,0.00475,0.002837,0.009499,2025-06-29 16:58:39
2024-05-07,159513,1.078544,1.078572,-2.8e-05,-0.006075,0.012093,是,否,否,0.006047,2.8e-05,0.012093,2025-06-29 16:58:39
2024-05-08,159513,1.081757,1.080175,0.001581,-0.004544,0.01225,是,是,否,0.006125,0.001581,0.01225,2025-06-29 16:58:39
2024-05-09,159513,1.084033,1.081489,0.002544,-0.003126,0.01134,是,是,否,0.00567,0.002544,0.01134,2025-06-29 16:58:39
2024-05-10,159513,1.087581,1.083546,0.004035,-0.001694,0.011458,是,是,否,0.005729,0.004035,0.011458,2025-06-29 16:58:39
2024-05-13,159513,1.091008,1.085708,0.0053,-0.000295,0.01119,是,是,否,0.005595,0.0053,0.01119,2025-06-29 16:58:39
2024-05-14,159513,1.09345,1.087518,0.005932,0.00095,0.009964,是,是,是,0.004982,0.005932,0.009964,2025-06-29 16:58:39
2024-05-15,159513,1.09735,1.090127,0.007223,0.002205,0.010037,是,是,是,0.005018,0.007223,0.010037,2025-06-29 16:58:39
2024-05-16,159513,1.104606,1.094557,0.010048,0.003774,0.01255,是,是,是,0.006274,0.010048,0.01255,2025-06-29 16:58:39
2024-05-17,159513,1.10936,1.098051,0.011309,0.005281,0.012057,是,是,是,0.006028,0.011309,0.012057,2025-06-29 16:58:39
2024-05-20,159513,1.113502,1.101379,0.012124,0.006649,0.010949,是,是,是,0.005475,0.012124,0.010949,2025-06-29 16:58:39
2024-05-21,159513,1.118724,1.105337,0.013387,0.007997,0.010781,是,是,是,0.00539,0.013387,0.010781,2025-06-29 16:58:39
2024-05-22,159513,1.12323,1.109077,0.014153,0.009228,0.009849,是,是,是,0.004925,0.014153,0.009849,2025-06-29 16:58:39
2024-05-23,159513,1.129623,1.113846,0.015777,0.010538,0.010478,是,是,是,0.005239,0.015777,0.010478,2025-06-29 16:58:39
2024-05-24,159513,1.129262,1.115419,0.013844,0.011199,0.005289,是,是,是,0.002645,0.013844,0.005289,2025-06-29 16:58:39
2024-05-27,159513,1.132315,1.118483,0.013832,0.011726,0.004213,是,是,是,0.002106,0.013832,0.004213,2025-06-29 16:58:39
2024-05-28,159513,1.135356,1.121541,0.013816,0.012144,0.003344,是,是,是,0.001672,0.013816,0.003344,2025-06-29 16:58:39
2024-05-29,159513,1.13661,1.123703,0.012908,0.012296,0.001222,是,是,是,0.000612,0.012908,0.001222,2025-06-29 16:58:39
2024-05-30,159513,1.134919,1.124291,0.010628,0.011963,-0.00267,否,是,是,-0.001335,0.010628,0.00267,2025-06-29 16:58:39
2024-05-31,159513,1.132493,1.124259,0.008234,0.011217,-0.005966,否,是,是,-0.002983,0.008234,0.005966,2025-06-29 16:58:39
2024-06-03,159513,1.132383,1.125119,0.007264,0.010426,-0.006324,否,是,是,-0.003162,0.007264,0.006324,2025-06-29 16:58:39
2024-06-04,159513,1.130743,1.125106,0.005637,0.009468,-0.007664,否,是,是,-0.003831,0.005637,0.007664,2025-06-29 16:58:39
2024-06-05,159513,1.131466,1.126094,0.005372,0.008649,-0.006554,否,是,是,-0.003277,0.005372,0.006554,2025-06-29 16:58:39
2024-06-06,159513,1.136696,1.129306,0.00739,0.008397,-0.002014,否,是,是,-0.001007,0.00739,0.002014,2025-06-29 16:58:39
2024-06-07,159513,1.141208,1.132383,0.008825,0.008483,0.000684,是,是,是,0.000342,0.008825,0.000684,2025-06-29 16:58:39
2024-06-11,159513,1.144273,1.134896,0.009377,0.008662,0.00143,是,是,是,0.000715,0.009377,0.00143,2025-06-29 16:58:39
2024-06-12,159513,1.149546,1.138574,0.010971,0.009124,0.003696,是,是,是,0.001847,0.010971,0.003696,2025-06-29 16:58:39
2024-06-13,159513,1.158535,1.144288,0.014247,0.010148,0.008198,是,是,是,0.004099,0.014247,0.008198,2025-06-29 16:58:39
2024-06-14,159513,1.165305,1.149256,0.016049,0.011328,0.009441,是,是,是,0.004721,0.016049,0.009441,2025-06-29 16:58:39
2024-06-17,159513,1.17146,1.154117,0.017343,0.012531,0.009623,是,是,是,0.004812,0.017343,0.009623,2025-06-29 16:58:39
2024-06-18,159513,1.181358,1.160993,0.020365,0.014098,0.012534,是,是,是,0.006267,0.020365,0.012534,2025-06-29 16:58:39
2024-06-19,159513,1.188389,1.166771,0.021618,0.015602,0.012032,是,是,是,0.006016,0.021618,0.012032,2025-06-29 16:58:39
2024-06-20,159513,1.195636,1.172797,0.022839,0.01705,0.01158,是,是,是,0.005789,0.022839,0.01158,2025-06-29 16:58:39
2024-06-21,159513,1.197272,1.176153,0.02112,0.017864,0.006513,是,是,是,0.003256,0.02112,0.006513,2025-06-29 16:58:39
2024-06-24,159513,1.197434,1.17858,0.018854,0.018062,0.001585,是,是,是,0.000792,0.018854,0.001585,2025-06-29 16:58:39
2024-06-25,159513,1.194449,1.179182,0.015267,0.017503,-0.004472,否,是,是,-0.002236,0.015267,0.004472,2025-06-29 16:58:39
2024-06-26,159513,1.195682,1.181495,0.014187,0.01684,-0.005305,否,是,是,-0.002653,0.014187,0.005305,2025-06-29 16:58:39
2024-06-27,159513,1.196197,1.183329,0.012868,0.016045,-0.006354,否,是,是,-0.003177,0.012868,0.006354,2025-06-29 16:58:39
2024-06-28,159513,1.20082,1.18707,0.01375,0.015586,-0.003673,否,是,是,-0.001836,0.01375,0.003673,2025-06-29 16:58:39
2024-07-01,159513,1.205082,1.190729,0.014353,0.01534,-0.001973,否,是,是,-0.000987,0.014353,0.001973,2025-06-29 16:58:39
2024-07-02,159513,1.209064,1.194315,0.014749,0.015222,-0.000945,否,是,是,-0.000473,0.014749,0.000945,2025-06-29 16:58:39
2024-07-03,159513,1.219272,1.201058,0.018214,0.01582,0.004789,是,是,是,0.002394,0.018214,0.004789,2025-06-29 16:58:39
2024-07-04,159513,1.228989,1.20794,0.021049,0.016866,0.008367,是,是,是,0.004183,0.021049,0.008367,2025-06-29 16:58:39
2024-07-05,159513,1.238325,1.214947,0.023378,0.018168,0.01042,是,是,是,0.00521,0.023378,0.01042,2025-06-29 16:58:39
2024-07-08,159513,1.246697,1.22173,0.024967,0.019528,0.010877,是,是,是,0.005439,0.024967,0.010877,2025-06-29 16:58:39
2024-07-09,159513,1.254098,1.228205,0.025893,0.020801,0.010184,是,是,是,0.005092,0.025893,0.010184,2025-06-29 16:58:39
2024-07-10,159513,1.258965,1.233515,0.02545,0.021731,0.007438,是,是,是,0.003719,0.02545,0.007438,2025-06-29 16:58:39
2024-07-11,159513,1.267639,1.24068,0.026959,0.022776,0.008365,是,是,是,0.004183,0.026959,0.008365,2025-06-29 16:58:39
2024-07-12,159513,1.26372,1.241716,0.022004,0.022622,-0.001236,否,是,是,-0.000618,0.022004,0.001236,2025-06-29 16:58:39
2024-07-15,159513,1.266226,1.245414,0.020812,0.02226,-0.002895,否,是,是,-0.001448,0.020812,0.002895,2025-06-29 16:58:39
2024-07-16,159513,1.267732,1.248479,0.019252,0.021658,-0.004812,否,是,是,-0.002406,0.019252,0.004812,2025-06-29 16:58:39
2024-07-17,159513,1.265569,1.249537,0.016032,0.020533,-0.009002,否,是,是,-0.004501,0.016032,0.009002,2025-06-29 16:58:39
2024-07-18,159513,1.259443,1.248255,0.011187,0.018664,-0.014953,否,是,是,-0.007477,0.011187,0.014953,2025-06-29 16:58:39
2024-07-19,159513,1.2509,1.245227,0.005673,0.016066,-0.020786,否,是,是,-0.010393,0.005673,0.020786,2025-06-29 16:58:39
2024-07-22,159513,1.242478,1.241646,0.000832,0.013019,-0.024375,否,是,是,-0.012187,0.000832,0.024375,2025-06-29 16:58:39
2024-07-23,159513,1.238149,1.239574,-0.001425,0.01013,-0.02311,否,否,是,-0.011555,0.001425,0.02311,2025-06-29 16:58:39
2024-07-24,159513,1.231449,1.236066,-0.004617,0.007181,-0.023595,否,否,是,-0.011798,0.004617,0.023595,2025-06-29 16:58:39
2024-07-25,159513,1.218016,1.228836,-0.01082,0.003581,-0.028802,否,否,是,-0.014401,0.01082,0.028802,2025-06-29 16:58:39
2024-07-26,159513,1.207124,1.222188,-0.015064,-0.000148,-0.029832,否,否,否,-0.014916,0.015064,0.029832,2025-06-29 16:58:39
2024-07-29,159513,1.203096,1.2185,-0.015404,-0.0032,-0.024409,否,否,否,-0.012204,0.015404,0.024409,2025-06-29 16:58:39
2024-07-30,159513,1.19663,1.213556,-0.016926,-0.005945,-0.021962,否,否,否,-0.010981,0.016926,0.021962,2025-06-29 16:58:39
2024-07-31,159513,1.191157,1.208939,-0.017782,-0.008312,-0.018939,否,否,否,-0.00947,0.017782,0.018939,2025-06-29 16:58:39
2024-08-01,159513,1.193344,1.208057,-0.014712,-0.009592,-0.01024,否,否,否,-0.00512,0.014712,0.01024,2025-06-29 16:58:39
2024-08-02,159513,1.181268,1.200384,-0.019116,-0.011497,-0.015238,否,否,否,-0.007619,0.019116,0.015238,2025-06-29 16:58:39
2024-08-05,159513,1.154097,1.184674,-0.030577,-0.015313,-0.030528,否,否,否,-0.015264,0.030577,0.030528,2025-06-29 16:58:39
2024-08-06,159513,1.142076,1.175266,-0.03319,-0.018888,-0.028604,否,否,否,-0.014302,0.03319,0.028604,2025-06-29 16:58:39
2024-08-07,159513,1.133837,1.167459,-0.033622,-0.021835,-0.023574,否,否,否,-0.011787,0.033622,0.023574,2025-06-29 16:58:39
2024-08-08,159513,1.123873,1.158741,-0.034868,-0.024442,-0.020853,否,否,否,-0.010426,0.034868,0.020853,2025-06-29 16:58:39
2024-08-09,159513,1.123012,1.154437,-0.031424,-0.025838,-0.011172,否,否,否,-0.005586,0.031424,0.011172,2025-06-29 16:58:39
2024-08-12,159513,1.124565,1.151721,-0.027156,-0.026102,-0.002109,否,否,否,-0.001054,0.027156,0.002109,2025-06-29 16:58:39
2024-08-13,159513,1.126662,1.149752,-0.023091,-0.0255,0.004818,是,否,否,0.002409,0.023091,0.004818,2025-06-29 16:58:39
2024-08-14,159513,1.132737,1.150224,-0.017487,-0.023897,0.01282,是,否,否,0.00641,0.017487,0.01282,2025-06-29 16:58:39
2024-08-15,159513,1.138795,1.15131,-0.012515,-0.021621,0.018211,是,否,否,0.009106,0.012515,0.018211,2025-06-29 16:58:39
2024-08-16,159513,1.151952,1.156498,-0.004546,-0.018206,0.027319,是,否,否,0.01366,0.004546,0.027319,2025-06-29 16:58:39
2024-08-19,159513,1.157518,1.158776,-0.001258,-0.014816,0.027117,是,否,否,0.013558,0.001258,0.027117,2025-06-29 16:58:39
2024-08-20,159513,1.167847,1.163801,0.004046,-0.011044,0.03018,是,是,否,0.01509,0.004046,0.03018,2025-06-29 16:58:39
2024-08-21,159513,1.174548,1.167601,0.006947,-0.007446,0.028785,是,是,否,0.014393,0.006947,0.028785,2025-06-29 16:58:39
2024-08-22,159513,1.180204,1.171201,0.009003,-0.004156,0.026318,是,是,否,0.013159,0.009003,0.026318,2025-06-29 16:58:39
2024-08-23,159513,1.182159,1.173179,0.00898,-0.001529,0.021018,是,是,否,0.010509,0.00898,0.021018,2025-06-29 16:58:39
2024-08-26,159513,1.183679,1.174936,0.008743,0.000526,0.016434,是,是,是,0.008217,0.008743,0.016434,2025-06-29 16:58:39
2024-08-27,159513,1.182639,1.175388,0.007251,0.001871,0.010761,是,是,是,0.00538,0.007251,0.010761,2025-06-29 16:58:39
2024-08-28,159513,1.182497,1.176123,0.006375,0.002772,0.007206,是,是,是,0.003603,0.006375,0.007206,2025-06-29 16:58:39
2024-08-29,159513,1.177498,1.174331,0.003167,0.002851,0.000632,是,是,是,0.000316,0.003167,0.000632,2025-06-29 16:58:39
2024-08-30,159513,1.175387,1.173628,0.001759,0.002632,-0.001746,否,是,是,-0.000873,0.001759,0.001746,2025-06-29 16:58:39
2024-09-02,159513,1.175301,1.17378,0.001521,0.00241,-0.001778,否,是,是,-0.000889,0.001521,0.001778,2025-06-29 16:58:39
2024-09-03,159513,1.175679,1.174138,0.001541,0.002236,-0.001391,否,是,是,-0.000695,0.001541,0.001391,2025-06-29 16:58:39
2024-09-04,159513,1.165306,1.169123,-0.003817,0.001026,-0.009685,否,否,是,-0.004843,0.003817,0.009685,2025-06-29 16:58:39
2024-09-05,159513,1.157904,1.164998,-0.007094,-0.000598,-0.01299,否,否,否,-0.006496,0.007094,0.01299,2025-06-29 16:58:39
2024-09-06,159513,1.151481,1.160998,-0.009517,-0.002382,-0.01427,否,否,否,-0.007135,0.009517,0.01427,2025-06-29 16:58:39
2024-09-09,159513,1.143819,1.156109,-0.012291,-0.004364,-0.015854,否,否,否,-0.007927,0.012291,0.015854,2025-06-29 16:58:39
2024-09-10,159513,1.139637,1.152653,-0.013016,-0.006094,-0.013844,否,否,否,-0.006922,0.013016,0.013844,2025-06-29 16:58:39
2024-09-11,159513,1.139051,1.150914,-0.011863,-0.007248,-0.00923,否,否,否,-0.004615,0.011863,0.00923,2025-06-29 16:58:39
2024-09-12,159513,1.146817,1.153479,-0.006661,-0.007131,0.000938,是,否,否,0.00047,0.006661,0.000938,2025-06-29 16:58:39
2024-09-13,159513,1.154636,1.156648,-0.002012,-0.006107,0.00819,是,否,否,0.004095,0.002012,0.00819,2025-06-29 16:58:39
2024-09-18,159513,1.158494,1.158354,0.000141,-0.004857,0.009996,是,是,否,0.004998,0.000141,0.009996,2025-06-29 16:58:39
2024-09-19,159513,1.16394,1.161092,0.002848,-0.003316,0.012329,是,是,否,0.006164,0.002848,0.012329,2025-06-29 16:58:39
2024-09-20,159513,1.168398,1.163637,0.00476,-0.001701,0.012923,是,是,否,0.006461,0.00476,0.012923,2025-06-29 16:58:39
2024-09-23,159513,1.172309,1.166122,0.006187,-0.000123,0.012621,是,是,否,0.00631,0.006187,0.012621,2025-06-29 16:58:39
2024-09-24,159513,1.175574,1.168442,0.007132,0.001328,0.011609,是,是,是,0.005804,0.007132,0.011609,2025-06-29 16:58:39
2024-09-25,159513,1.17678,1.169837,0.006943,0.002451,0.008984,是,是,是,0.004492,0.006943,0.008984,2025-06-29 16:58:39
2024-09-26,159513,1.182607,1.173522,0.009084,0.003777,0.010614,是,是,是,0.005307,0.009084,0.010614,2025-06-29 16:58:39
2024-09-27,159513,1.182694,1.174575,0.008119,0.004646,0.006946,是,是,是,0.003473,0.008119,0.006946,2025-06-29 16:58:39
2024-09-30,159513,1.18254,1.1754,0.00714,0.005145,0.00399,是,是,是,0.001995,0.00714,0.00399,2025-06-29 16:58:39
2024-10-08,159513,1.180864,1.175356,0.005509,0.005217,0.000583,是,是,是,0.000292,0.005509,0.000583,2025-06-29 16:58:39
2024-10-09,159513,1.183561,1.177316,0.006245,0.005423,0.001644,是,是,是,0.000822,0.006245,0.001644,2025-06-29 16:58:39
2024-10-10,159513,1.189436,1.180948,0.008489,0.006036,0.004905,是,是,是,0.002453,0.008489,0.004905,2025-06-29 16:58:39
2024-10-11,159513,1.193562,1.183953,0.009608,0.00675,0.005715,是,是,是,0.002858,0.009608,0.005715,2025-06-29 16:58:39
2024-10-14,159513,1.197437,1.186959,0.010478,0.007496,0.005964,是,是,是,0.002982,0.010478,0.005964,2025-06-29 16:58:39
2024-10-15,159513,1.204451,1.19163,0.012821,0.008561,0.00852,是,是,是,0.00426,0.012821,0.00852,2025-06-29 16:58:39
2024-10-16,159513,1.206573,1.194115,0.012457,0.00934,0.006234,是,是,是,0.003117,0.012457,0.006234,2025-06-29 16:58:39
2024-10-17,159513,1.209112,1.196769,0.012343,0.009941,0.004804,是,是,是,0.002402,0.012343,0.004804,2025-06-29 16:58:39
2024-10-18,159513,1.210198,1.198684,0.011515,0.010256,0.002518,是,是,是,0.001259,0.011515,0.002518,2025-06-29 16:58:39
2024-10-21,159513,1.21171,1.200719,0.010991,0.010403,0.001177,是,是,是,0.000588,0.010991,0.001177,2025-06-29 16:58:39
2024-10-22,159513,1.213552,1.202861,0.010691,0.01046,0.000461,是,是,是,0.000231,0.010691,0.000461,2025-06-29 16:58:39
2024-10-23,159513,1.216096,1.205321,0.010775,0.010523,0.000503,是,是,是,0.000252,0.010775,0.000503,2025-06-29 16:58:39
2024-10-24,159513,1.21563,1.206285,0.009345,0.010288,-0.001885,否,是,是,-0.000943,0.009345,0.001885,2025-06-29 16:58:39
2024-10-25,159513,1.216157,1.207587,0.00857,0.009944,-0.002748,否,是,是,-0.001374,0.00857,0.002748,2025-06-29 16:58:39
2024-10-28,159513,1.220122,1.210522,0.0096,0.009875,-0.00055,否,是,是,-0.000275,0.0096,0.00055,2025-06-29 16:58:39
2024-10-29,159513,1.222317,1.212686,0.009631,0.009826,-0.000391,否,是,是,-0.000195,0.009631,0.000391,2025-06-29 16:58:39
2024-10-30,159513,1.226913,1.216054,0.010859,0.010033,0.001652,是,是,是,0.000826,0.010859,0.001652,2025-06-29 16:58:39
2024-10-31,159513,1.224933,1.21627,0.008662,0.009759,-0.002193,否,是,是,-0.001097,0.008662,0.002193,2025-06-29 16:58:39
2024-11-01,159513,1.219836,1.214685,0.005152,0.008837,-0.007371,否,是,是,-0.003685,0.005152,0.007371,2025-06-29 16:58:39
2024-11-04,159513,1.217206,1.213942,0.003264,0.007723,-0.008917,否,是,是,-0.004459,0.003264,0.008917,2025-06-29 16:58:39
2024-11-05,159513,1.213383,1.212393,0.00099,0.006376,-0.010773,否,是,是,-0.005386,0.00099,0.010773,2025-06-29 16:58:39
2024-11-06,159513,1.22152,1.216572,0.004948,0.00609,-0.002285,否,是,是,-0.001142,0.004948,0.002285,2025-06-29 16:58:39
2024-11-07,159513,1.230738,1.22173,0.009007,0.006674,0.004667,是,是,是,0.002333,0.009007,0.004667,2025-06-29 16:58:39
2024-11-08,159513,1.239907,1.227316,0.012591,0.007857,0.009468,是,是,是,0.004734,0.012591,0.009468,2025-06-29 16:58:39
2024-11-11,159513,1.249705,1.233614,0.016091,0.009504,0.013175,是,是,是,0.006587,0.016091,0.013175,2025-06-29 16:58:39
2024-11-12,159513,1.257993,1.239546,0.018447,0.011293,0.014309,是,是,是,0.007154,0.018447,0.014309,2025-06-29 16:58:39
2024-11-13,159513,1.262439,1.243818,0.018621,0.012758,0.011725,是,是,是,0.005863,0.018621,0.011725,2025-06-29 16:58:39
2024-11-14,159513,1.266564,1.24795,0.018614,0.013929,0.009369,是,是,是,0.004685,0.018614,0.009369,2025-06-29 16:58:39
2024-11-15,159513,1.266216,1.249844,0.016372,0.014418,0.003908,是,是,是,0.001954,0.016372,0.003908,2025-06-29 16:58:39
2024-11-18,159513,1.263724,1.250417,0.013307,0.014196,-0.001778,否,是,是,-0.000889,0.013307,0.001778,2025-06-29 16:58:39
2024-11-19,159513,1.262452,1.25126,0.011192,0.013595,-0.004806,否,是,是,-0.002403,0.011192,0.004806,2025-06-29 16:58:39
2024-11-20,159513,1.263685,1.25312,0.010565,0.012989,-0.004848,否,是,是,-0.002424,0.010565,0.004848,2025-06-29 16:58:39
2024-11-21,159513,1.262421,1.253662,0.00876,0.012143,-0.006767,否,是,是,-0.003383,0.00876,0.006767,2025-06-29 16:58:39
2024-11-22,159513,1.263217,1.255033,0.008184,0.011351,-0.006335,否,是,是,-0.003167,0.008184,0.006335,2025-06-29 16:58:39
2024-11-25,159513,1.267169,1.257918,0.00925,0.010931,-0.003361,否,是,是,-0.001681,0.00925,0.003361,2025-06-29 16:58:39
2024-11-26,159513,1.269576,1.260149,0.009426,0.01063,-0.002408,否,是,是,-0.001204,0.009426,0.002408,2025-06-29 16:58:39
2024-11-27,159513,1.272337,1.262577,0.009759,0.010456,-0.001393,否,是,是,-0.000697,0.009759,0.001393,2025-06-29 16:58:39
2024-11-28,159513,1.272706,1.263846,0.00886,0.010137,-0.002554,否,是,是,-0.001277,0.00886,0.002554,2025-06-29 16:58:39
2024-11-29,159513,1.272771,1.264864,0.007908,0.009691,-0.003566,否,是,是,-0.001783,0.007908,0.003566,2025-06-29 16:58:39
2024-12-02,159513,1.274378,1.266545,0.007832,0.009319,-0.002974,否,是,是,-0.001487,0.007832,0.002974,2025-06-29 16:58:39
2024-12-03,159513,1.280072,1.270263,0.009809,0.009417,0.000784,是,是,是,0.000392,0.009809,0.000784,2025-06-29 16:58:39
2024-12-04,159513,1.285167,1.2739,0.011267,0.009787,0.002959,是,是,是,0.00148,0.011267,0.002959,2025-06-29 16:58:39
2024-12-05,159513,1.292019,1.278578,0.013441,0.010518,0.005846,是,是,是,0.002923,0.013441,0.005846,2025-06-29 16:58:39
2024-12-06,159513,1.296015,1.282069,0.013945,0.011203,0.005484,是,是,是,0.002742,0.013945,0.005484,2025-06-29 16:58:39
2024-12-09,159513,1.3029,1.287061,0.015839,0.01213,0.007417,是,是,是,0.003709,0.015839,0.007417,2025-06-29 16:58:39
2024-12-10,159513,1.3047,1.289721,0.014979,0.0127,0.004557,是,是,是,0.002279,0.014979,0.004557,2025-06-29 16:58:39
2024-12-11,159513,1.306322,1.292197,0.014126,0.012985,0.002281,是,是,是,0.001141,0.014126,0.002281,2025-06-29 16:58:39
2024-12-12,159513,1.312028,1.296619,0.015409,0.01347,0.003878,是,是,是,0.001939,0.015409,0.003878,2025-06-29 16:58:39
2024-12-13,159513,1.3178,1.301217,0.016583,0.014093,0.00498,是,是,是,0.00249,0.016583,0.00498,2025-06-29 16:58:39
2024-12-16,159513,1.324733,1.306526,0.018207,0.014915,0.006583,是,是,是,0.003292,0.018207,0.006583,2025-06-29 16:58:39
2024-12-17,159513,1.335015,1.31369,0.021325,0.016197,0.010255,是,是,是,0.005128,0.021325,0.010255,2025-06-29 16:58:39
2024-12-18,159513,1.3439,1.320502,0.023398,0.017637,0.011521,是,是,是,0.005761,0.023398,0.011521,2025-06-29 16:58:39
2024-12-19,159513,1.343256,1.32278,0.020476,0.018205,0.004542,是,是,是,0.002271,0.020476,0.004542,2025-06-29 16:58:39
2024-12-20,159513,1.337866,1.32236,0.015506,0.017665,-0.004319,否,是,是,-0.002159,0.015506,0.004319,2025-06-29 16:58:39
2024-12-23,159513,1.342118,1.326209,0.015909,0.017314,-0.00281,否,是,是,-0.001405,0.015909,0.00281,2025-06-29 16:58:39
2024-12-24,159513,1.345203,1.329519,0.015684,0.016988,-0.002608,否,是,是,-0.001304,0.015684,0.002608,2025-06-29 16:58:39
2024-12-25,159513,1.354047,1.335683,0.018363,0.017263,0.0022,是,是,是,0.0011,0.018363,0.0022,2025-06-29 16:58:39
2024-12-26,159513,1.363147,1.342274,0.020873,0.017985,0.005776,是,是,是,0.002888,0.020873,0.005776,2025-06-29 16:58:39
2024-12-27,159513,1.367559,1.346799,0.02076,0.01854,0.00444,是,是,是,0.00222,0.02076,0.00444,2025-06-29 16:58:39
2024-12-30,159513,1.368101,1.349377,0.018724,0.018577,0.000295,是,是,是,0.000147,0.018724,0.000295,2025-06-29 16:58:39
2024-12-31,159513,1.368746,1.35178,0.016966,0.018255,-0.002577,否,是,是,-0.001289,0.016966,0.002577,2025-06-29 16:58:39
2025-01-02,159513,1.369691,1.354137,0.015554,0.017714,-0.004322,否,是,是,-0.00216,0.015554,0.004322,2025-06-29 16:58:39
2025-01-03,159513,1.367093,1.354567,0.012526,0.016677,-0.008301,否,是,是,-0.004151,0.012526,0.008301,2025-06-29 16:58:39
2025-01-06,159513,1.371295,1.358059,0.013235,0.015989,-0.005506,否,是,是,-0.002754,0.013235,0.005506,2025-06-29 16:58:39
2025-01-07,159513,1.374118,1.360942,0.013176,0.015426,-0.004499,否,是,是,-0.00225,0.013176,0.004499,2025-06-29 16:58:39
2025-01-08,159513,1.372314,1.361504,0.01081,0.014503,-0.007385,否,是,是,-0.003693,0.01081,0.007385,2025-06-29 16:58:39
2025-01-09,159513,1.369133,1.361114,0.008019,0.013206,-0.010375,否,是,是,-0.005187,0.008019,0.010375,2025-06-29 16:58:39
2025-01-10,159513,1.366437,1.360657,0.00578,0.011721,-0.011882,否,是,是,-0.005941,0.00578,0.011882,2025-06-29 16:58:39
2025-01-13,159513,1.356562,1.356362,0.0002,0.009417,-0.018433,否,是,是,-0.009217,0.0002,0.018433,2025-06-29 16:58:39
2025-01-14,159513,1.352659,1.354433,-0.001773,0.007179,-0.017904,否,否,是,-0.008952,0.001773,0.017904,2025-06-29 16:58:39
2025-01-15,159513,1.346513,1.351163,-0.00465,0.004813,-0.018925,否,否,是,-0.009463,0.00465,0.018925,2025-06-29 16:58:39
2025-01-16,159513,1.34951,1.352144,-0.002634,0.003323,-0.011916,否,否,是,-0.005957,0.002634,0.011916,2025-06-29 16:58:39
2025-01-17,159513,1.350508,1.352351,-0.001843,0.00229,-0.008266,否,否,是,-0.004133,0.001843,0.008266,2025-06-29 16:58:39
2025-01-20,159513,1.356839,1.355312,0.001528,0.002138,-0.00122,否,是,是,-0.00061,0.001528,0.00122,2025-06-29 16:58:39
2025-01-21,159513,1.361542,1.357833,0.003709,0.002452,0.002514,是,是,是,0.001257,0.003709,0.002514,2025-06-29 16:58:39
2025-01-22,159513,1.366977,1.360962,0.006015,0.003165,0.0057,是,是,是,0.00285,0.006015,0.0057,2025-06-29 16:58:39
2025-01-23,159513,1.36876,1.362522,0.006238,0.003779,0.004917,是,是,是,0.002459,0.006238,0.004917,2025-06-29 16:58:39
2025-01-24,159513,1.372147,1.364908,0.007238,0.004471,0.005534,是,是,是,0.002767,0.007238,0.005534,2025-06-29 16:58:39
2025-01-27,159513,1.370781,1.36503,0.005751,0.004727,0.002048,是,是,是,0.001024,0.005751,0.002048,2025-06-29 16:58:39
2025-02-05,159513,1.370829,1.365693,0.005136,0.004809,0.000655,是,是,是,0.000327,0.005136,0.000655,2025-06-29 16:58:39
2025-02-06,159513,1.375534,1.368616,0.006918,0.005231,0.003374,是,是,是,0.001687,0.006918,0.003374,2025-06-29 16:58:39
2025-02-07,159513,1.378526,1.370881,0.007645,0.005714,0.003864,是,是,是,0.001931,0.007645,0.003864,2025-06-29 16:58:39
2025-02-10,159513,1.375298,1.370116,0.005182,0.005607,-0.000851,否,是,是,-0.000425,0.005182,0.000851,2025-06-29 16:58:39
2025-02-11,159513,1.371899,1.368992,0.002906,0.005067,-0.004321,否,是,是,-0.002161,0.002906,0.004321,2025-06-29 16:58:39
2025-02-12,159513,1.367032,1.366882,0.00015,0.004084,-0.007867,否,是,是,-0.003934,0.00015,0.007867,2025-06-29 16:58:39
2025-02-13,159513,1.363914,1.36534,-0.001426,0.002982,-0.008815,否,否,是,-0.004408,0.001426,0.008815,2025-06-29 16:58:39
2025-02-14,159513,1.363489,1.364969,-0.00148,0.002089,-0.007139,否,否,是,-0.003569,0.00148,0.007139,2025-06-29 16:58:39
2025-02-17,159513,1.36338,1.36475,-0.00137,0.001398,-0.005535,否,否,是,-0.002768,0.00137,0.005535,2025-06-29 16:58:39
2025-02-18,159513,1.366407,1.366111,0.000296,0.001177,-0.001763,否,是,是,-0.000881,0.000296,0.001763,2025-06-29 16:58:39
2025-02-19,159513,1.367205,1.366543,0.000662,0.001074,-0.000824,否,是,是,-0.000412,0.000662,0.000824,2025-06-29 16:58:39
2025-02-20,159513,1.364937,1.365483,-0.000545,0.00075,-0.002591,否,否,是,-0.001295,0.000545,0.002591,2025-06-29 16:58:39
2025-02-21,159513,1.36184,1.363874,-0.002033,0.000194,-0.004454,否,否,是,-0.002227,0.002033,0.004454,2025-06-29 16:58:39
2025-02-24,159513,1.356098,1.360776,-0.004679,-0.000781,-0.007795,否,否,否,-0.003898,0.004679,0.007795,2025-06-29 16:58:39
2025-02-25,159513,1.346298,1.355357,-0.009058,-0.002436,-0.013244,否,否,否,-0.006622,0.009058,0.013244,2025-06-29 16:58:39
2025-02-26,159513,1.336899,1.349651,-0.012752,-0.004499,-0.016505,否,否,否,-0.008253,0.012752,0.016505,2025-06-29 16:58:39
2025-02-27,159513,1.330699,1.345134,-0.014435,-0.006487,-0.015897,否,否,否,-0.007948,0.014435,0.015897,2025-06-29 16:58:39
2025-02-28,159513,1.315433,1.335897,-0.020464,-0.009282,-0.022364,否,否,否,-0.011182,0.020464,0.022364,2025-06-29 16:58:39
2025-03-03,159513,1.309559,1.330686,-0.021127,-0.011651,-0.018952,否,否,否,-0.009476,0.021127,0.018952,2025-06-29 16:58:39
2025-03-04,159513,1.299435,1.323276,-0.023842,-0.014089,-0.019505,否,否,否,-0.009753,0.023842,0.019505,2025-06-29 16:58:39
2025-03-05,159513,1.292894,1.317357,-0.024463,-0.016164,-0.016598,否,否,否,-0.008299,0.024463,0.016598,2025-06-29 16:58:39
2025-03-06,159513,1.287139,1.311762,-0.024622,-0.017856,-0.013533,否,否,否,-0.006766,0.024622,0.013533,2025-06-29 16:58:39
2025-03-07,159513,1.275775,1.303344,-0.027569,-0.019798,-0.015541,否,否,否,-0.007771,0.027569,0.015541,2025-06-29 16:58:39
2025-03-10,159513,1.26627,1.295528,-0.029258,-0.02169,-0.015136,否,否,否,-0.007568,0.029258,0.015136,2025-06-29 16:58:39
2025-03-11,159513,1.249099,1.283691,-0.034593,-0.024271,-0.020644,否,否,否,-0.010322,0.034593,0.020644,2025-06-29 16:58:39
2025-03-12,159513,1.23641,1.273503,-0.037093,-0.026835,-0.020516,否,否,否,-0.010258,0.037093,0.020516,2025-06-29 16:58:39
2025-03-13,159513,1.226097,1.264225,-0.038129,-0.029094,-0.018069,否,否,否,-0.009035,0.038129,0.018069,2025-06-29 16:58:39
2025-03-14,159513,1.217853,1.255867,-0.038014,-0.030878,-0.014272,否,否,否,-0.007136,0.038014,0.014272,2025-06-29 16:58:39
2025-03-17,159513,1.213219,1.249326,-0.036107,-0.031924,-0.008367,否,否,否,-0.004183,0.036107,0.008367,2025-06-29 16:58:39
2025-03-18,159513,1.21317,1.24529,-0.03212,-0.031963,-0.000313,否,否,否,-0.000157,0.03212,0.000313,2025-06-29 16:58:39
2025-03-19,159513,1.209132,1.239702,-0.03057,-0.031684,0.002229,是,否,否,0.001114,0.03057,0.002229,2025-06-29 16:58:39
2025-03-20,159513,1.211103,1.237291,-0.026188,-0.030585,0.008794,是,否,否,0.004397,0.026188,0.008794,2025-06-29 16:58:39
2025-03-21,159513,1.212413,1.235036,-0.022623,-0.028993,0.01274,是,否,否,0.00637,0.022623,0.01274,2025-06-29 16:58:39
2025-03-24,159513,1.217877,1.235254,-0.017377,-0.026669,0.018584,是,否,否,0.009292,0.017377,0.018584,2025-06-29 16:58:39
2025-03-25,159513,1.224793,1.236782,-0.011988,-0.023733,0.02349,是,否,否,0.011745,0.011988,0.02349,2025-06-29 16:58:39
2025-03-26,159513,1.230839,1.238473,-0.007633,-0.020513,0.02576,是,否,否,0.01288,0.007633,0.02576,2025-06-29 16:58:39
2025-03-27,159513,1.230431,1.23742,-0.00699,-0.017809,0.021638,是,否,否,0.010819,0.00699,0.021638,2025-06-29 16:58:39
2025-03-28,159513,1.22989,1.236373,-0.006483,-0.015543,0.018121,是,否,否,0.00906,0.006483,0.018121,2025-06-29 16:58:39
2025-03-31,159513,1.218137,1.229776,-0.011639,-0.014763,0.006246,是,否,否,0.003124,0.011639,0.006246,2025-06-29 16:58:39
2025-04-01,159513,1.212329,1.225579,-0.01325,-0.01446,0.00242,是,否,否,0.00121,0.01325,0.00242,2025-06-29 16:58:39
2025-04-02,159513,1.209367,1.222626,-0.013259,-0.01422,0.001922,是,否,否,0.000961,0.013259,0.001922,2025-06-29 16:58:39
2025-04-03,159513,1.200619,1.216778,-0.01616,-0.014608,-0.003104,否,否,否,-0.001552,0.01616,0.003104,2025-06-29 16:58:39
2025-04-07,159513,1.167814,1.198581,-0.030766,-0.01784,-0.025854,否,否,否,-0.012926,0.030766,0.025854,2025-06-29 16:58:39
2025-04-08,159513,1.151856,1.187183,-0.035327,-0.021337,-0.02798,否,否,否,-0.01399,0.035327,0.02798,2025-06-29 16:58:39
2025-04-09,159513,1.13411,1.174385,-0.040275,-0.025125,-0.0303,否,否,否,-0.01515,0.040275,0.0303,2025-06-29 16:58:39
2025-04-10,159513,1.144086,1.174898,-0.030812,-0.026262,-0.0091,否,否,否,-0.00455,0.030812,0.0091,2025-06-29 16:58:39
2025-04-11,159513,1.148289,1.173576,-0.025287,-0.026067,0.00156,是,否,否,0.00078,0.025287,0.00156,2025-06-29 16:58:39
2025-04-14,159513,1.157336,1.17529,-0.017954,-0.024444,0.012981,是,否,否,0.00649,0.017954,0.012981,2025-06-29 16:58:39
2025-04-15,159513,1.160594,1.174924,-0.01433,-0.022421,0.016184,是,否,否,0.008091,0.01433,0.016184,2025-06-29 16:58:39
2025-04-16,159513,1.15824,1.172155,-0.013915,-0.02072,0.013611,是,否,否,0.006805,0.013915,0.013611,2025-06-29 16:58:39
2025-04-17,159513,1.156409,1.169693,-0.013284,-0.019233,0.011898,是,否,否,0.005949,0.013284,0.011898,2025-06-29 16:58:39
2025-04-18,159513,1.153874,1.166949,-0.013076,-0.018001,0.009851,是,否,否,0.004925,0.013076,0.009851,2025-06-29 16:58:39
2025-04-21,159513,1.147902,1.162511,-0.014609,-0.017323,0.005428,是,否,否,0.002714,0.014609,0.005428,2025-06-29 16:58:39
2025-04-22,159513,1.14259,1.158232,-0.015641,-0.016987,0.00269,是,否,否,0.001346,0.015641,0.00269,2025-06-29 16:58:39
2025-04-23,159513,1.147792,1.159095,-0.011302,-0.01585,0.009095,是,否,否,0.004548,0.011302,0.009095,2025-06-29 16:58:39
2025-04-24,159513,1.14895,1.158418,-0.009468,-0.014573,0.010211,是,否,否,0.005105,0.009468,0.010211,2025-06-29 16:58:39
2025-04-25,159513,1.160294,1.163038,-0.002744,-0.012207,0.018928,是,否,否,0.009463,0.002744,0.018928,2025-06-29 16:58:39
2025-04-28,159513,1.16934,1.167256,0.002084,-0.009349,0.022866,是,是,否,0.011433,0.002084,0.022866,2025-06-29 16:58:39
2025-04-29,159513,1.176598,1.171116,0.005481,-0.006383,0.023729,是,是,否,0.011864,0.005481,0.023729,2025-06-29 16:58:39
2025-04-30,159513,1.181576,1.174215,0.007361,-0.003634,0.021991,是,是,否,0.010995,0.007361,0.021991,2025-06-29 16:58:39
2025-05-06,159513,1.187892,1.178191,0.009702,-0.000967,0.021337,是,是,否,0.010669,0.009702,0.021337,2025-06-29 16:58:39
2025-05-07,159513,1.193472,1.182058,0.011414,0.001509,0.019809,是,是,是,0.009905,0.011414,0.019809,2025-06-29 16:58:39
2025-05-08,159513,1.201367,1.187274,0.014093,0.004026,0.020134,是,是,是,0.010067,0.014093,0.020134,2025-06-29 16:58:39
2025-05-09,159513,1.207285,1.191799,0.015486,0.006318,0.018337,是,是,是,0.009168,0.015486,0.018337,2025-06-29 16:58:39
2025-05-12,159513,1.216778,1.198266,0.018512,0.008757,0.01951,是,是,是,0.009755,0.018512,0.01951,2025-06-29 16:58:39
2025-05-13,159513,1.227049,1.205459,0.021591,0.011323,0.020534,是,是,是,0.010268,0.021591,0.020534,2025-06-29 16:58:39
2025-05-14,159513,1.242816,1.215741,0.027075,0.014474,0.025203,是,是,是,0.012601,0.027075,0.025203,2025-06-29 16:58:39
2025-05-15,159513,1.253301,1.223992,0.029309,0.017441,0.023737,是,是,是,0.011868,0.029309,0.023737,2025-06-29 16:58:39
2025-05-16,159513,1.261901,1.231548,0.030353,0.020023,0.020659,是,是,是,0.01033,0.030353,0.020659,2025-06-29 16:58:39
2025-05-19,159513,1.266145,1.237043,0.029102,0.021839,0.014526,是,是,是,0.007263,0.029102,0.014526,2025-06-29 16:58:39
2025-05-20,159513,1.272557,1.243483,0.029075,0.023286,0.011577,是,是,是,0.005789,0.029075,0.011577,2025-06-29 16:58:39
2025-05-21,159513,1.274878,1.247874,0.027004,0.02403,0.005949,是,是,是,0.002974,0.027004,0.005949,2025-06-29 16:58:39
2025-05-22,159513,1.27535,1.25111,0.02424,0.024072,0.000336,是,是,是,0.000168,0.02424,0.000336,2025-06-29 16:58:39
2025-05-23,159513,1.275494,1.253875,0.021619,0.023581,-0.003925,否,是,是,-0.001962,0.021619,0.003925,2025-06-29 16:58:39
2025-05-26,159513,1.276051,1.256556,0.019495,0.022764,-0.006538,否,是,是,-0.003269,0.019495,0.006538,2025-06-29 16:58:39
2025-05-27,159513,1.277595,1.259494,0.018101,0.021831,-0.007461,否,是,是,-0.00373,0.018101,0.007461,2025-06-29 16:58:39
2025-05-28,159513,1.281241,1.263328,0.017913,0.021048,-0.00627,否,是,是,-0.003135,0.017913,0.00627,2025-06-29 16:58:39
2025-05-29,159513,1.288743,1.269069,0.019673,0.020773,-0.002199,否,是,是,-0.0011,0.019673,0.002199,2025-06-29 16:58:39
2025-05-30,159513,1.2888,1.271284,0.017516,0.020121,-0.005211,否,是,是,-0.002605,0.017516,0.005211,2025-06-29 16:58:39
2025-06-03,159513,1.2904,1.27403,0.01637,0.019371,-0.006003,否,是,是,-0.003001,0.01637,0.006003,2025-06-29 16:58:39
2025-06-04,159513,1.294311,1.277805,0.016506,0.018798,-0.004583,否,是,是,-0.002292,0.016506,0.004583,2025-06-29 16:58:39
2025-06-05,159513,1.297575,1.281271,0.016305,0.018299,-0.00399,否,是,是,-0.001994,0.016305,0.00399,2025-06-29 16:58:39
2025-06-06,159513,1.299225,1.283907,0.015318,0.017703,-0.00477,否,是,是,-0.002385,0.015318,0.00477,2025-06-29 16:58:39
2025-06-09,159513,1.301842,1.286918,0.014924,0.017147,-0.004446,否,是,是,-0.002223,0.014924,0.004446,2025-06-29 16:58:39
2025-06-10,159513,1.304321,1.289816,0.014506,0.016619,-0.004227,否,是,是,-0.002113,0.014506,0.004227,2025-06-29 16:58:39
2025-06-11,159513,1.307806,1.293169,0.014636,0.016222,-0.003173,否,是,是,-0.001586,0.014636,0.003173,2025-06-29 16:58:39
2025-06-12,159513,1.309627,1.295706,0.01392,0.015762,-0.003683,否,是,是,-0.001842,0.01392,0.003683,2025-06-29 16:58:39
2025-06-13,159513,1.307932,1.296406,0.011526,0.014915,-0.006777,否,是,是,-0.003389,0.011526,0.006777,2025-06-29 16:58:39
2025-06-16,159513,1.308614,1.298027,0.010586,0.014049,-0.006925,否,是,是,-0.003463,0.010586,0.006925,2025-06-29 16:58:39
2025-06-17,159513,1.310477,1.300135,0.010342,0.013308,-0.005931,否,是,是,-0.002966,0.010342,0.005931,2025-06-29 16:58:39
2025-06-18,159513,1.310816,1.301454,0.009362,0.012519,-0.006313,否,是,是,-0.003157,0.009362,0.006313,2025-06-29 16:58:39
2025-06-19,159513,1.309301,1.301736,0.007565,0.011528,-0.007926,否,是,是,-0.003963,0.007565,0.007926,2025-06-29 16:58:39
2025-06-20,159513,1.309012,1.302432,0.00658,0.010538,-0.007917,否,是,是,-0.003958,0.00658,0.007917,2025-06-29 16:58:39
2025-06-23,159513,1.307898,1.302607,0.005292,0.009489,-0.008395,否,是,是,-0.004197,0.005292,0.008395,2025-06-29 16:58:39
2025-06-24,159513,1.313476,1.305984,0.007493,0.00909,-0.003194,否,是,是,-0.001597,0.007493,0.003194,2025-06-29 16:58:39
2025-06-25,159513,1.318704,1.30943,0.009274,0.009126,0.000295,是,是,是,0.000148,0.009274,0.000295,2025-06-29 16:58:39
2025-06-26,159513,1.324103,1.31316,0.010943,0.00949,0.002907,是,是,是,0.001453,0.010943,0.002907,2025-06-29 16:58:39
2025-06-27,159513,1.331191,1.31792,0.013271,0.010246,0.00605,是,是,是,0.003025,0.013271,0.00605,2025-06-29 16:58:39
