日期,ETF代码,EMA快线,EMA慢线,DIF,DEA,MACD柱,DIF高于DEA,DIF高于零轴,DEA高于零轴,DIF_DEA差值,DIF强度,MACD强度,计算时间
2020-02-07,159993,0.928,0.928,0.0,0.0,0.0,否,否,否,0.0,0.0,0.0,2025-06-29 16:58:29
2020-02-10,159993,0.929333,0.928667,0.000667,0.000133,0.001067,是,是,是,0.000534,0.000667,0.001067,2025-06-29 16:58:29
2020-02-11,159993,0.930148,0.929148,0.001,0.000307,0.001387,是,是,是,0.000693,0.001,0.001387,2025-06-29 16:58:29
2020-02-12,159993,0.933671,0.931021,0.00265,0.000775,0.00375,是,是,是,0.001875,0.00265,0.00375,2025-06-29 16:58:29
2020-02-13,159993,0.933077,0.931018,0.002059,0.001032,0.002054,是,是,是,0.001027,0.002059,0.002054,2025-06-29 16:58:29
2020-02-14,159993,0.936393,0.932905,0.003488,0.001523,0.00393,是,是,是,0.001965,0.003488,0.00393,2025-06-29 16:58:29
2020-02-17,159993,0.949862,0.940027,0.009835,0.003186,0.013298,是,是,是,0.006649,0.009835,0.013298,2025-06-29 16:58:29
2020-02-18,159993,0.958559,0.945468,0.013091,0.005167,0.015848,是,是,是,0.007924,0.013091,0.015848,2025-06-29 16:58:29
2020-02-19,159993,0.96599,0.950638,0.015352,0.007204,0.016296,是,是,是,0.008148,0.015352,0.016296,2025-06-29 16:58:29
2020-02-20,159993,0.984659,0.961679,0.022981,0.010359,0.025243,是,是,是,0.012622,0.022981,0.025243,2025-06-29 16:58:29
2020-02-21,159993,0.999624,0.971714,0.027909,0.013869,0.028081,是,是,是,0.01404,0.027909,0.028081,2025-06-29 16:58:29
2020-02-24,159993,1.010818,0.980413,0.030406,0.017176,0.026459,是,是,是,0.01323,0.030406,0.026459,2025-06-29 16:58:29
2020-02-25,159993,1.021081,0.988922,0.032159,0.020173,0.023971,是,是,是,0.011986,0.032159,0.023971,2025-06-29 16:58:29
2020-02-26,159993,1.024174,0.994042,0.030132,0.022165,0.015935,是,是,是,0.007967,0.030132,0.015935,2025-06-29 16:58:29
2020-02-27,159993,1.027247,0.998926,0.02832,0.023396,0.009849,是,是,是,0.004924,0.02832,0.009849,2025-06-29 16:58:29
2020-02-28,159993,1.015192,0.996046,0.019146,0.022546,-0.0068,否,是,是,-0.0034,0.019146,0.0068,2025-06-29 16:58:29
2020-03-02,159993,1.016038,0.998596,0.017442,0.021525,-0.008166,否,是,是,-0.004083,0.017442,0.008166,2025-06-29 16:58:29
2020-03-03,159993,1.018696,1.001863,0.016833,0.020587,-0.007507,否,是,是,-0.003754,0.016833,0.007507,2025-06-29 16:58:29
2020-03-04,159993,1.026542,1.007656,0.018885,0.020246,-0.002722,否,是,是,-0.001361,0.018885,0.002722,2025-06-29 16:58:29
2020-03-05,159993,1.039532,1.01625,0.023282,0.020854,0.004858,是,是,是,0.002428,0.023282,0.004858,2025-06-29 16:58:29
2020-03-06,159993,1.042081,1.020111,0.02197,0.021077,0.001786,是,是,是,0.000893,0.02197,0.001786,2025-06-29 16:58:29
2020-03-09,159993,1.036285,1.019654,0.016631,0.020188,-0.007114,否,是,是,-0.003557,0.016631,0.007114,2025-06-29 16:58:29
2020-03-10,159993,1.038444,1.022582,0.015862,0.019323,-0.00692,否,是,是,-0.003461,0.015862,0.00692,2025-06-29 16:58:29
2020-03-11,159993,1.034123,1.022184,0.011939,0.017846,-0.011813,否,是,是,-0.005907,0.011939,0.011813,2025-06-29 16:58:29
2020-03-12,159993,1.027429,1.020163,0.007266,0.01573,-0.016928,否,是,是,-0.008464,0.007266,0.016928,2025-06-29 16:58:29
2020-03-13,159993,1.02,1.017256,0.002744,0.013133,-0.020777,否,是,是,-0.010389,0.002744,0.020777,2025-06-29 16:58:29
2020-03-16,159993,1.002667,1.008894,-0.006227,0.009261,-0.030976,否,否,是,-0.015488,0.006227,0.030976,2025-06-29 16:58:29
2020-03-17,159993,0.98963,1.001684,-0.012054,0.004998,-0.034104,否,否,是,-0.017052,0.012054,0.034104,2025-06-29 16:58:29
2020-03-18,159993,0.973934,0.992497,-0.018563,0.000286,-0.037696,否,否,是,-0.018849,0.018563,0.037696,2025-06-29 16:58:29
2020-03-19,159993,0.963727,0.985331,-0.021604,-0.004092,-0.035023,否,否,否,-0.017512,0.021604,0.035023,2025-06-29 16:58:29
2020-03-20,159993,0.957565,0.979849,-0.022284,-0.007731,-0.029107,否,否,否,-0.014553,0.022284,0.029107,2025-06-29 16:58:29
2020-03-23,159993,0.944551,0.970866,-0.026315,-0.011448,-0.029736,否,否,否,-0.014867,0.026315,0.029736,2025-06-29 16:58:29
2020-03-24,159993,0.938428,0.964881,-0.026453,-0.014449,-0.024008,否,否,否,-0.012004,0.026453,0.024008,2025-06-29 16:58:29
2020-03-25,159993,0.937,0.961228,-0.024228,-0.016404,-0.015647,否,否,否,-0.007824,0.024228,0.015647,2025-06-29 16:58:29
2020-03-26,159993,0.932778,0.956424,-0.023647,-0.017853,-0.011588,否,否,否,-0.005794,0.023647,0.011588,2025-06-29 16:58:29
2020-03-27,159993,0.930605,0.952711,-0.022106,-0.018703,-0.006805,否,否,否,-0.003403,0.022106,0.006805,2025-06-29 16:58:29
2020-03-30,159993,0.926915,0.948409,-0.021495,-0.019262,-0.004466,否,否,否,-0.002233,0.021495,0.004466,2025-06-29 16:58:29
2020-03-31,159993,0.923378,0.944253,-0.020875,-0.019584,-0.002581,否,否,否,-0.001291,0.020875,0.002581,2025-06-29 16:58:29
2020-04-01,159993,0.919739,0.940114,-0.020375,-0.019742,-0.001265,否,否,否,-0.000633,0.020375,0.001265,2025-06-29 16:58:29
2020-04-02,159993,0.920463,0.938212,-0.017749,-0.019344,0.00319,是,否,否,0.001595,0.017749,0.00319,2025-06-29 16:58:29
2020-04-03,159993,0.918583,0.9353,-0.016717,-0.018818,0.004203,是,否,否,0.002101,0.016717,0.004203,2025-06-29 16:58:29
2020-04-07,159993,0.921564,0.934933,-0.013369,-0.017728,0.008719,是,否,否,0.004359,0.013369,0.008719,2025-06-29 16:58:29
2020-04-08,159993,0.922994,0.934163,-0.011168,-0.016416,0.010496,是,否,否,0.005248,0.011168,0.010496,2025-06-29 16:58:29
2020-04-09,159993,0.926107,0.934478,-0.008371,-0.014807,0.012872,是,否,否,0.006436,0.008371,0.012872,2025-06-29 16:58:29
2020-04-10,159993,0.925639,0.933314,-0.007675,-0.013381,0.011412,是,否,否,0.005706,0.007675,0.011412,2025-06-29 16:58:29
2020-04-13,159993,0.923719,0.931501,-0.007782,-0.012261,0.008958,是,否,否,0.004479,0.007782,0.008958,2025-06-29 16:58:29
2020-04-14,159993,0.927337,0.932445,-0.005108,-0.010831,0.011444,是,否,否,0.005723,0.005108,0.011444,2025-06-29 16:58:29
2020-04-15,159993,0.928151,0.932285,-0.004134,-0.009491,0.010715,是,否,否,0.005357,0.004134,0.010715,2025-06-29 16:58:29
2020-04-16,159993,0.931006,0.933253,-0.002247,-0.008042,0.011591,是,否,否,0.005795,0.002247,0.011591,2025-06-29 16:58:29
2020-04-17,159993,0.93256,0.933781,-0.00122,-0.006678,0.010916,是,否,否,0.005458,0.00122,0.010916,2025-06-29 16:58:29
2020-04-20,159993,0.934214,0.934472,-0.000258,-0.005394,0.010272,是,否,否,0.005136,0.000258,0.010272,2025-06-29 16:58:29
2020-04-21,159993,0.932388,0.93353,-0.001142,-0.004544,0.006803,是,否,否,0.003402,0.001142,0.006803,2025-06-29 16:58:29
2020-04-22,159993,0.931191,0.932805,-0.001614,-0.003958,0.004688,是,否,否,0.002344,0.001614,0.004688,2025-06-29 16:58:29
2020-04-23,159993,0.928926,0.931493,-0.002567,-0.003679,0.002225,是,否,否,0.001112,0.002567,0.002225,2025-06-29 16:58:29
2020-04-24,159993,0.923609,0.928549,-0.00494,-0.003932,-0.002017,否,否,否,-0.001008,0.00494,0.002017,2025-06-29 16:58:29
2020-04-27,159993,0.919252,0.925822,-0.00657,-0.004459,-0.004221,否,否,否,-0.002111,0.00657,0.004221,2025-06-29 16:58:29
2020-04-28,159993,0.918085,0.924508,-0.006424,-0.004852,-0.003143,否,否,否,-0.001572,0.006424,0.003143,2025-06-29 16:58:29
2020-04-29,159993,0.917844,0.923674,-0.00583,-0.005048,-0.001565,否,否,否,-0.000782,0.00583,0.001565,2025-06-29 16:58:29
2020-04-30,159993,0.922323,0.925266,-0.002943,-0.004627,0.003368,是,否,否,0.001684,0.002943,0.003368,2025-06-29 16:58:29
2020-05-06,159993,0.926029,0.926792,-0.000763,-0.003854,0.006182,是,否,否,0.003091,0.000763,0.006182,2025-06-29 16:58:29
2020-05-07,159993,0.927578,0.927482,9.6e-05,-0.003064,0.006321,是,是,否,0.00316,9.6e-05,0.006321,2025-06-29 16:58:29
2020-05-08,159993,0.932561,0.929984,0.002577,-0.001936,0.009026,是,是,否,0.004513,0.002577,0.009026,2025-06-29 16:58:29
2020-05-11,159993,0.934881,0.93143,0.003451,-0.000858,0.008618,是,是,否,0.004309,0.003451,0.008618,2025-06-29 16:58:29
2020-05-12,159993,0.936463,0.932604,0.003858,8.5e-05,0.007547,是,是,是,0.003773,0.003858,0.007547,2025-06-29 16:58:29
2020-05-13,159993,0.937693,0.933648,0.004045,0.000877,0.006336,是,是,是,0.003168,0.004045,0.006336,2025-06-29 16:58:29
2020-05-14,159993,0.935984,0.933243,0.002741,0.00125,0.002982,是,是,是,0.001491,0.002741,0.002982,2025-06-29 16:58:29
2020-05-15,159993,0.934876,0.932994,0.001882,0.001376,0.001012,是,是,是,0.000506,0.001882,0.001012,2025-06-29 16:58:29
2020-05-18,159993,0.932904,0.932217,0.000687,0.001238,-0.001103,否,是,是,-0.000551,0.000687,0.001103,2025-06-29 16:58:29
2020-05-19,159993,0.932258,0.93197,0.000288,0.001048,-0.00152,否,是,是,-0.00076,0.000288,0.00152,2025-06-29 16:58:29
2020-05-20,159993,0.930645,0.931196,-0.00055,0.000729,-0.002558,否,否,是,-0.001279,0.00055,0.002558,2025-06-29 16:58:29
2020-05-21,159993,0.927613,0.929619,-0.002005,0.000182,-0.004374,否,否,是,-0.002187,0.002005,0.004374,2025-06-29 16:58:29
2020-05-22,159993,0.920144,0.925661,-0.005517,-0.000958,-0.009119,否,否,否,-0.004559,0.005517,0.009119,2025-06-29 16:58:29
2020-05-25,159993,0.913667,0.92181,-0.008143,-0.002395,-0.011495,否,否,否,-0.005748,0.008143,0.011495,2025-06-29 16:58:29
2020-05-26,159993,0.910186,0.919164,-0.008979,-0.003712,-0.010534,否,否,否,-0.005267,0.008979,0.010534,2025-06-29 16:58:29
2020-05-27,159993,0.905478,0.915813,-0.010335,-0.005036,-0.010597,否,否,否,-0.005299,0.010335,0.010597,2025-06-29 16:58:29
2020-05-28,159993,0.904483,0.914167,-0.009684,-0.005966,-0.007436,否,否,否,-0.003718,0.009684,0.007436,2025-06-29 16:58:29
2020-05-29,159993,0.902375,0.912037,-0.009662,-0.006705,-0.005913,否,否,否,-0.002957,0.009662,0.005913,2025-06-29 16:58:29
2020-06-01,159993,0.909181,0.914366,-0.005185,-0.006401,0.002431,是,否,否,0.001216,0.005185,0.002431,2025-06-29 16:58:29
2020-06-02,159993,0.91403,0.916215,-0.002185,-0.005558,0.006746,是,否,否,0.003373,0.002185,0.006746,2025-06-29 16:58:29
2020-06-03,159993,0.916023,0.916968,-0.000945,-0.004635,0.00738,是,否,否,0.00369,0.000945,0.00738,2025-06-29 16:58:29
2020-06-04,159993,0.916907,0.917305,-0.000399,-0.003788,0.006779,是,否,否,0.003389,0.000399,0.006779,2025-06-29 16:58:29
2020-06-05,159993,0.919372,0.918494,0.000878,-0.002855,0.007466,是,是,否,0.003733,0.000878,0.007466,2025-06-29 16:58:29
2020-06-08,159993,0.9204,0.919105,0.001295,-0.002025,0.00664,是,是,否,0.00332,0.001295,0.00664,2025-06-29 16:58:29
2020-06-09,159993,0.923867,0.920983,0.002884,-0.001043,0.007855,是,是,否,0.003927,0.002884,0.007855,2025-06-29 16:58:29
2020-06-10,159993,0.924785,0.921762,0.003023,-0.00023,0.006506,是,是,否,0.003253,0.003023,0.006506,2025-06-29 16:58:29
2020-06-11,159993,0.924611,0.922011,0.0026,0.000336,0.004528,是,是,是,0.002264,0.0026,0.004528,2025-06-29 16:58:29
2020-06-12,159993,0.923586,0.921788,0.001799,0.000629,0.00234,是,是,是,0.00117,0.001799,0.00234,2025-06-29 16:58:29
2020-06-15,159993,0.923012,0.9217,0.001312,0.000765,0.001093,是,是,是,0.000547,0.001312,0.001093,2025-06-29 16:58:29
2020-06-16,159993,0.924342,0.922511,0.001831,0.000978,0.001705,是,是,是,0.000853,0.001831,0.001705,2025-06-29 16:58:29
2020-06-17,159993,0.925155,0.923121,0.002034,0.00119,0.001689,是,是,是,0.000844,0.002034,0.001689,2025-06-29 16:58:29
2020-06-18,159993,0.927565,0.924552,0.003013,0.001554,0.002918,是,是,是,0.001459,0.003013,0.002918,2025-06-29 16:58:29
2020-06-19,159993,0.936328,0.929268,0.00706,0.002655,0.008809,是,是,是,0.004405,0.00706,0.008809,2025-06-29 16:58:29
2020-06-22,159993,0.949367,0.936572,0.012795,0.004683,0.016223,是,是,是,0.008112,0.012795,0.016223,2025-06-29 16:58:29
2020-06-23,159993,0.961952,0.944286,0.017666,0.00728,0.020772,是,是,是,0.010386,0.017666,0.020772,2025-06-29 16:58:29
2020-06-24,159993,0.97174,0.951143,0.020597,0.009943,0.021308,是,是,是,0.010654,0.020597,0.021308,2025-06-29 16:58:29
2020-06-29,159993,0.972687,0.953905,0.018782,0.011711,0.014142,是,是,是,0.007071,0.018782,0.014142,2025-06-29 16:58:29
2020-06-30,159993,0.980756,0.960027,0.02073,0.013515,0.01443,是,是,是,0.007215,0.02073,0.01443,2025-06-29 16:58:29
2020-07-01,159993,0.990811,0.967357,0.023453,0.015502,0.015902,是,是,是,0.007951,0.023453,0.015902,2025-06-29 16:58:29
2020-07-02,159993,1.017075,0.983095,0.03398,0.019198,0.029564,是,是,是,0.014782,0.03398,0.029564,2025-06-29 16:58:29
2020-07-03,159993,1.05928,1.007974,0.051307,0.02562,0.051375,是,是,是,0.025687,0.051307,0.051375,2025-06-29 16:58:29
2020-07-06,159993,1.118996,1.043532,0.075464,0.035589,0.079751,是,是,是,0.039875,0.075464,0.079751,2025-06-29 16:58:29
2020-07-07,159993,1.150552,1.067695,0.082857,0.045042,0.07563,是,是,是,0.037815,0.082857,0.07563,2025-06-29 16:58:29
2020-07-08,159993,1.195319,1.099285,0.096034,0.055241,0.081587,是,是,是,0.040793,0.096034,0.081587,2025-06-29 16:58:29
2020-07-09,159993,1.227914,1.126253,0.101661,0.064525,0.074273,是,是,是,0.037136,0.101661,0.074273,2025-06-29 16:58:29
2020-07-10,159993,1.245045,1.146114,0.098931,0.071406,0.05505,是,是,是,0.027525,0.098931,0.05505,2025-06-29 16:58:29
2020-07-13,159993,1.263035,1.166101,0.096934,0.076511,0.040844,是,是,是,0.020423,0.096934,0.040844,2025-06-29 16:58:29
2020-07-14,159993,1.27836,1.184534,0.093826,0.079974,0.027703,是,是,是,0.013852,0.093826,0.027703,2025-06-29 16:58:29
2020-07-15,159993,1.284502,1.19803,0.086472,0.081274,0.010396,是,是,是,0.005198,0.086472,0.010396,2025-06-29 16:58:29
2020-07-16,159993,1.270169,1.200472,0.069697,0.078959,-0.018523,否,是,是,-0.009262,0.069697,0.018523,2025-06-29 16:58:29
2020-07-17,159993,1.25302,1.199641,0.053379,0.073843,-0.040928,否,是,是,-0.020464,0.053379,0.040928,2025-06-29 16:58:29
2020-07-20,159993,1.254571,1.206348,0.048223,0.068719,-0.040991,否,是,是,-0.020496,0.048223,0.040991,2025-06-29 16:58:29
2020-07-21,159993,1.250222,1.209531,0.040691,0.063113,-0.044845,否,是,是,-0.022422,0.040691,0.044845,2025-06-29 16:58:29
2020-07-22,159993,1.249728,1.213806,0.035922,0.057675,-0.043505,否,是,是,-0.021753,0.035922,0.043505,2025-06-29 16:58:29
2020-07-23,159993,1.250233,1.21805,0.032183,0.052577,-0.040786,否,是,是,-0.020394,0.032183,0.040786,2025-06-29 16:58:29
2020-07-24,159993,1.23307,1.213044,0.020026,0.046067,-0.052081,否,是,是,-0.026041,0.020026,0.052081,2025-06-29 16:58:29
2020-07-27,159993,1.220388,1.208928,0.01146,0.039145,-0.055371,否,是,是,-0.027685,0.01146,0.055371,2025-06-29 16:58:29
2020-07-28,159993,1.210524,1.205269,0.005255,0.032367,-0.054225,否,是,是,-0.027112,0.005255,0.054225,2025-06-29 16:58:29
2020-07-29,159993,1.213296,1.207239,0.006057,0.027105,-0.042096,否,是,是,-0.021048,0.006057,0.042096,2025-06-29 16:58:29
2020-07-30,159993,1.213231,1.20788,0.005351,0.022754,-0.034806,否,是,是,-0.017403,0.005351,0.034806,2025-06-29 16:58:29
2020-07-31,159993,1.21629,1.210004,0.006286,0.019461,-0.026349,否,是,是,-0.013175,0.006286,0.026349,2025-06-29 16:58:29
2020-08-03,159993,1.225781,1.215448,0.010333,0.017635,-0.014604,否,是,是,-0.007302,0.010333,0.014604,2025-06-29 16:58:29
2020-08-04,159993,1.231386,1.219398,0.011987,0.016506,-0.009037,否,是,是,-0.004519,0.011987,0.009037,2025-06-29 16:58:29
2020-08-05,159993,1.234411,1.222243,0.012168,0.015638,-0.00694,否,是,是,-0.00347,0.012168,0.00694,2025-06-29 16:58:29
2020-08-06,159993,1.246764,1.229771,0.016993,0.015909,0.002167,是,是,是,0.001084,0.016993,0.002167,2025-06-29 16:58:29
2020-08-07,159993,1.247705,1.23213,0.015575,0.015842,-0.000534,否,是,是,-0.000267,0.015575,0.000534,2025-06-29 16:58:29
2020-08-10,159993,1.251326,1.235671,0.015655,0.015805,-0.000299,否,是,是,-0.00015,0.015655,0.000299,2025-06-29 16:58:29
2020-08-11,159993,1.245254,1.234374,0.010879,0.01482,-0.007881,否,是,是,-0.003941,0.010879,0.007881,2025-06-29 16:58:29
2020-08-12,159993,1.238531,1.232222,0.006309,0.013118,-0.013617,否,是,是,-0.006809,0.006309,0.013617,2025-06-29 16:58:29
2020-08-13,159993,1.234191,1.230753,0.003438,0.011182,-0.015487,否,是,是,-0.007744,0.003438,0.015487,2025-06-29 16:58:29
2020-08-14,159993,1.23437,1.231225,0.003146,0.009575,-0.012857,否,是,是,-0.006429,0.003146,0.012857,2025-06-29 16:58:29
2020-08-17,159993,1.247844,1.238311,0.009533,0.009566,-6.7e-05,否,是,是,-3.3e-05,0.009533,6.7e-05,2025-06-29 16:58:29
2020-08-18,159993,1.257656,1.244276,0.01338,0.010329,0.006102,是,是,是,0.003051,0.01338,0.006102,2025-06-29 16:58:29
2020-08-19,159993,1.261288,1.247579,0.013709,0.011005,0.005409,是,是,是,0.002704,0.013709,0.005409,2025-06-29 16:58:29
2020-08-20,159993,1.258113,1.247515,0.010598,0.010924,-0.000651,否,是,是,-0.000326,0.010598,0.000651,2025-06-29 16:58:29
2020-08-21,159993,1.260088,1.24968,0.010408,0.010821,-0.000825,否,是,是,-0.000413,0.010408,0.000825,2025-06-29 16:58:29
2020-08-24,159993,1.260957,1.251271,0.009687,0.010594,-0.001815,否,是,是,-0.000907,0.009687,0.001815,2025-06-29 16:58:29
2020-08-25,159993,1.260967,1.252352,0.008615,0.010198,-0.003166,否,是,是,-0.001583,0.008615,0.003166,2025-06-29 16:58:29
2020-08-26,159993,1.253863,1.249757,0.004106,0.00898,-0.009747,否,是,是,-0.004874,0.004106,0.009747,2025-06-29 16:58:29
2020-08-27,159993,1.249449,1.248006,0.001443,0.007472,-0.012059,否,是,是,-0.006029,0.001443,0.012059,2025-06-29 16:58:29
2020-08-28,159993,1.253571,1.250228,0.003344,0.006647,-0.006606,否,是,是,-0.003303,0.003344,0.006606,2025-06-29 16:58:29
2020-08-31,159993,1.255667,1.251647,0.00402,0.006121,-0.004203,否,是,是,-0.002101,0.00402,0.004203,2025-06-29 16:58:29
2020-09-01,159993,1.259741,1.254131,0.00561,0.006019,-0.000818,否,是,是,-0.000409,0.00561,0.000818,2025-06-29 16:58:29
2020-09-02,159993,1.262243,1.256005,0.006238,0.006063,0.00035,是,是,是,0.000175,0.006238,0.00035,2025-06-29 16:58:29
2020-09-03,159993,1.261744,1.256449,0.005296,0.005909,-0.001228,否,是,是,-0.000613,0.005296,0.001228,2025-06-29 16:58:29
2020-09-04,159993,1.257801,1.255066,0.002736,0.005275,-0.005078,否,是,是,-0.002539,0.002736,0.005078,2025-06-29 16:58:29
2020-09-07,159993,1.24629,1.249614,-0.003324,0.003555,-0.013758,否,否,是,-0.006879,0.003324,0.013758,2025-06-29 16:58:29
2020-09-08,159993,1.242892,1.247546,-0.004654,0.001913,-0.013133,否,否,是,-0.006567,0.004654,0.013133,2025-06-29 16:58:29
2020-09-09,159993,1.234249,1.242707,-0.008458,-0.000161,-0.016594,否,否,否,-0.008297,0.008458,0.016594,2025-06-29 16:58:29
2020-09-10,159993,1.222194,1.23574,-0.013546,-0.002838,-0.021416,否,否,否,-0.010708,0.013546,0.021416,2025-06-29 16:58:29
2020-09-11,159993,1.213929,1.230102,-0.016173,-0.005505,-0.021337,否,否,否,-0.010668,0.016173,0.021337,2025-06-29 16:58:29
2020-09-14,159993,1.2075,1.225091,-0.017591,-0.007922,-0.019337,否,否,否,-0.009669,0.017591,0.019337,2025-06-29 16:58:29
2020-09-15,159993,1.203167,1.22097,-0.017803,-0.009898,-0.015809,否,否,否,-0.007905,0.017803,0.015809,2025-06-29 16:58:29
2020-09-16,159993,1.198463,1.21664,-0.018177,-0.011554,-0.013245,否,否,否,-0.006623,0.018177,0.013245,2025-06-29 16:58:29
2020-09-17,159993,1.193027,1.211902,-0.018875,-0.013018,-0.011714,否,否,否,-0.005857,0.018875,0.011714,2025-06-29 16:58:29
2020-09-18,159993,1.201687,1.214135,-0.012447,-0.012904,0.000913,是,否,否,0.000457,0.012447,0.000913,2025-06-29 16:58:29
2020-09-21,159993,1.209312,1.216564,-0.007252,-0.011774,0.009043,是,否,否,0.004522,0.007252,0.009043,2025-06-29 16:58:29
2020-09-22,159993,1.214132,1.218168,-0.004036,-0.010226,0.01238,是,否,否,0.00619,0.004036,0.01238,2025-06-29 16:58:29
2020-09-23,159993,1.215658,1.218483,-0.002825,-0.008746,0.011842,是,否,否,0.005921,0.002825,0.011842,2025-06-29 16:58:29
2020-09-24,159993,1.213734,1.217207,-0.003473,-0.007691,0.008437,是,否,否,0.004218,0.003473,0.008437,2025-06-29 16:58:29
2020-09-25,159993,1.216904,1.218406,-0.001502,-0.006453,0.009903,是,否,否,0.004951,0.001502,0.009903,2025-06-29 16:58:29
2020-09-28,159993,1.218481,1.219028,-0.000547,-0.005272,0.009451,是,否,否,0.004725,0.000547,0.009451,2025-06-29 16:58:29
2020-09-29,159993,1.220374,1.219914,0.000461,-0.004126,0.009172,是,是,否,0.004587,0.000461,0.009172,2025-06-29 16:58:29
2020-09-30,159993,1.218958,1.219257,-0.000299,-0.00336,0.006123,是,否,否,0.003061,0.000299,0.006123,2025-06-29 16:58:29
2020-10-09,159993,1.221412,1.22045,0.000961,-0.002496,0.006914,是,是,否,0.003457,0.000961,0.006914,2025-06-29 16:58:29
2020-10-12,159993,1.233765,1.226734,0.007031,-0.000591,0.015243,是,是,否,0.007622,0.007031,0.015243,2025-06-29 16:58:29
2020-10-13,159993,1.240261,1.230763,0.009498,0.001427,0.016142,是,是,是,0.008071,0.009498,0.016142,2025-06-29 16:58:29
2020-10-14,159993,1.242425,1.232901,0.009525,0.003047,0.012956,是,是,是,0.006478,0.009525,0.012956,2025-06-29 16:58:29
2020-10-15,159993,1.243886,1.234689,0.009197,0.004277,0.009841,是,是,是,0.00492,0.009197,0.009841,2025-06-29 16:58:29
2020-10-16,159993,1.246134,1.236835,0.009299,0.005281,0.008035,是,是,是,0.004018,0.009299,0.008035,2025-06-29 16:58:29
2020-10-19,159993,1.245437,1.23752,0.007917,0.005808,0.004218,是,是,是,0.002109,0.007917,0.004218,2025-06-29 16:58:29
2020-10-20,159993,1.245118,1.23824,0.006878,0.006022,0.001711,是,是,是,0.000856,0.006878,0.001711,2025-06-29 16:58:29
2020-10-21,159993,1.243314,1.238102,0.005212,0.00586,-0.001297,否,是,是,-0.000648,0.005212,0.001297,2025-06-29 16:58:29
2020-10-22,159993,1.243244,1.238646,0.004598,0.005608,-0.00202,否,是,是,-0.00101,0.004598,0.00202,2025-06-29 16:58:29
2020-10-23,159993,1.239412,1.237241,0.002171,0.00492,-0.005499,否,是,是,-0.002749,0.002171,0.005499,2025-06-29 16:58:29
2020-10-26,159993,1.227987,1.23177,-0.003783,0.00318,-0.013925,否,否,是,-0.006963,0.003783,0.013925,2025-06-29 16:58:29
2020-10-27,159993,1.218435,1.226573,-0.008139,0.000916,-0.01811,否,否,是,-0.009055,0.008139,0.01811,2025-06-29 16:58:29
2020-10-28,159993,1.213005,1.222954,-0.009949,-0.001257,-0.017385,否,否,否,-0.008692,0.009949,0.017385,2025-06-29 16:58:29
2020-10-29,159993,1.211892,1.221293,-0.0094,-0.002886,-0.013029,否,否,否,-0.006514,0.0094,0.013029,2025-06-29 16:58:29
2020-10-30,159993,1.203027,1.215816,-0.012788,-0.004866,-0.015844,否,否,否,-0.007922,0.012788,0.015844,2025-06-29 16:58:29
2020-11-02,159993,1.19391,1.209836,-0.015926,-0.007078,-0.017695,否,否,否,-0.008848,0.015926,0.017695,2025-06-29 16:58:29
2020-11-03,159993,1.193486,1.207854,-0.014369,-0.008536,-0.011665,否,否,否,-0.005833,0.014369,0.011665,2025-06-29 16:58:29
2020-11-04,159993,1.191822,1.205426,-0.013604,-0.00955,-0.008108,否,否,否,-0.004054,0.013604,0.008108,2025-06-29 16:58:29
2020-11-05,159993,1.194084,1.205045,-0.010961,-0.009832,-0.002259,否,否,否,-0.001129,0.010961,0.002259,2025-06-29 16:58:29
2020-11-06,159993,1.197621,1.205596,-0.007975,-0.009461,0.002971,是,否,否,0.001486,0.007975,0.002971,2025-06-29 16:58:29
2020-11-09,159993,1.211261,1.21153,-0.000269,-0.007622,0.014707,是,否,否,0.007353,0.000269,0.014707,2025-06-29 16:58:29
2020-11-10,159993,1.218314,1.215026,0.003287,-0.00544,0.017456,是,是,否,0.008727,0.003287,0.017456,2025-06-29 16:58:29
2020-11-11,159993,1.217355,1.214912,0.002443,-0.003864,0.012613,是,是,否,0.006307,0.002443,0.012613,2025-06-29 16:58:29
2020-11-12,159993,1.214832,1.213922,0.00091,-0.002909,0.007638,是,是,否,0.003819,0.00091,0.007638,2025-06-29 16:58:29
2020-11-13,159993,1.209536,1.211375,-0.001839,-0.002695,0.001712,是,否,否,0.000856,0.001839,0.001712,2025-06-29 16:58:29
2020-11-16,159993,1.207195,1.21,-0.002806,-0.002717,-0.000177,否,否,否,-8.9e-05,0.002806,0.000177,2025-06-29 16:58:29
2020-11-17,159993,1.20604,1.209111,-0.003071,-0.002788,-0.000566,否,否,否,-0.000283,0.003071,0.000566,2025-06-29 16:58:29
2020-11-18,159993,1.206698,1.209099,-0.002401,-0.002711,0.000619,是,否,否,0.00031,0.002401,0.000619,2025-06-29 16:58:29
2020-11-19,159993,1.20721,1.209088,-0.001878,-0.002544,0.001331,是,否,否,0.000666,0.001878,0.001331,2025-06-29 16:58:29
2020-11-20,159993,1.207163,1.208856,-0.001693,-0.002374,0.001362,是,否,否,0.000681,0.001693,0.001362,2025-06-29 16:58:29
2020-11-23,159993,1.212905,1.211539,0.001366,-0.001626,0.005984,是,是,否,0.002992,0.001366,0.005984,2025-06-29 16:58:29
2020-11-24,159993,1.21537,1.212923,0.002447,-0.000811,0.006517,是,是,否,0.003258,0.002447,0.006517,2025-06-29 16:58:29
2020-11-25,159993,1.21351,1.212265,0.001245,-0.0004,0.00329,是,是,否,0.001645,0.001245,0.00329,2025-06-29 16:58:29
2020-11-26,159993,1.21273,1.212013,0.000717,-0.000177,0.001787,是,是,否,0.000894,0.000717,0.001787,2025-06-29 16:58:29
2020-11-27,159993,1.217457,1.214456,0.003,0.000459,0.005083,是,是,是,0.002541,0.003,0.005083,2025-06-29 16:58:29
2020-11-30,159993,1.223133,1.217628,0.005505,0.001468,0.008074,是,是,是,0.004037,0.005505,0.008074,2025-06-29 16:58:29
2020-12-01,159993,1.236437,1.224891,0.011545,0.003483,0.016124,是,是,是,0.008062,0.011545,0.016124,2025-06-29 16:58:29
2020-12-02,159993,1.246562,1.231237,0.015325,0.005852,0.018947,是,是,是,0.009473,0.015325,0.018947,2025-06-29 16:58:29
2020-12-03,159993,1.255326,1.237322,0.018004,0.008282,0.019444,是,是,是,0.009722,0.018004,0.019444,2025-06-29 16:58:29
2020-12-04,159993,1.256809,1.240064,0.016745,0.009975,0.013541,是,是,是,0.00677,0.016745,0.013541,2025-06-29 16:58:29
2020-12-07,159993,1.253074,1.240057,0.013017,0.010583,0.004868,是,是,是,0.002434,0.013017,0.004868,2025-06-29 16:58:29
2020-12-08,159993,1.250168,1.24005,0.010118,0.01049,-0.000744,否,是,是,-0.000372,0.010118,0.000744,2025-06-29 16:58:29
2020-12-09,159993,1.239687,1.235934,0.003753,0.009143,-0.01078,否,是,是,-0.00539,0.003753,0.01078,2025-06-29 16:58:29
2020-12-10,159993,1.230201,1.231608,-0.001407,0.007033,-0.01688,否,否,是,-0.00844,0.001407,0.01688,2025-06-29 16:58:29
2020-12-11,159993,1.219934,1.226318,-0.006384,0.00435,-0.021467,否,否,是,-0.010734,0.006384,0.021467,2025-06-29 16:58:29
2020-12-14,159993,1.211949,1.221616,-0.009667,0.001546,-0.022427,否,否,是,-0.011213,0.009667,0.022427,2025-06-29 16:58:29
2020-12-15,159993,1.206404,1.21777,-0.011365,-0.001036,-0.020658,否,否,否,-0.010329,0.011365,0.020658,2025-06-29 16:58:29
2020-12-16,159993,1.19987,1.21324,-0.01337,-0.003503,-0.019734,否,否,否,-0.009867,0.01337,0.019734,2025-06-29 16:58:29
2020-12-17,159993,1.200788,1.212213,-0.011425,-0.005087,-0.012676,否,否,否,-0.006338,0.011425,0.012676,2025-06-29 16:58:29
2020-12-18,159993,1.198391,1.209745,-0.011354,-0.006341,-0.010027,否,否,否,-0.005013,0.011354,0.010027,2025-06-29 16:58:29
2020-12-21,159993,1.198748,1.208662,-0.009914,-0.007055,-0.005717,否,否,否,-0.002859,0.009914,0.005717,2025-06-29 16:58:29
2020-12-22,159993,1.18836,1.202366,-0.014007,-0.008446,-0.011122,否,否,否,-0.005561,0.014007,0.011122,2025-06-29 16:58:29
2020-12-23,159993,1.18228,1.19777,-0.01549,-0.009855,-0.011272,否,否,否,-0.005635,0.01549,0.011272,2025-06-29 16:58:29
2020-12-24,159993,1.175551,1.192685,-0.017134,-0.01131,-0.011646,否,否,否,-0.005824,0.017134,0.011646,2025-06-29 16:58:29
2020-12-25,159993,1.172317,1.189164,-0.016847,-0.012418,-0.008858,否,否,否,-0.004429,0.016847,0.008858,2025-06-29 16:58:29
2020-12-28,159993,1.168914,1.18559,-0.016677,-0.013269,-0.006815,否,否,否,-0.003408,0.016677,0.006815,2025-06-29 16:58:29
2020-12-29,159993,1.166933,1.182747,-0.015814,-0.013778,-0.004072,否,否,否,-0.002036,0.015814,0.004072,2025-06-29 16:58:29
2020-12-30,159993,1.169837,1.182442,-0.012605,-0.013544,0.001877,是,否,否,0.000939,0.012605,0.001877,2025-06-29 16:58:29
2020-12-31,159993,1.183651,1.187948,-0.004298,-0.011694,0.014794,是,否,否,0.007396,0.004298,0.014794,2025-06-29 16:58:29
2021-01-04,159993,1.196617,1.193954,0.002663,-0.008823,0.022972,是,是,否,0.011486,0.002663,0.022972,2025-06-29 16:58:29
2021-01-05,159993,1.207591,1.199737,0.007854,-0.005487,0.026684,是,是,否,0.013341,0.007854,0.026684,2025-06-29 16:58:29
2021-01-06,159993,1.216571,1.205099,0.011471,-0.002096,0.027134,是,是,否,0.013567,0.011471,0.027134,2025-06-29 16:58:29
2021-01-07,159993,1.226222,1.211199,0.015022,0.001328,0.027389,是,是,是,0.013694,0.015022,0.027389,2025-06-29 16:58:29
2021-01-08,159993,1.232395,1.215955,0.01644,0.00435,0.024179,是,是,是,0.01209,0.01644,0.024179,2025-06-29 16:58:29
2021-01-11,159993,1.231196,1.217182,0.014014,0.006283,0.015461,是,是,是,0.007731,0.014014,0.015461,2025-06-29 16:58:29
2021-01-12,159993,1.249819,1.228051,0.021768,0.00938,0.024776,是,是,是,0.012388,0.021768,0.024776,2025-06-29 16:58:29
2021-01-13,159993,1.259637,1.235379,0.024258,0.012356,0.023806,是,是,是,0.011902,0.024258,0.023806,2025-06-29 16:58:29
2021-01-14,159993,1.258829,1.23767,0.021159,0.014116,0.014085,是,是,是,0.007043,0.021159,0.014085,2025-06-29 16:58:29
2021-01-15,159993,1.257089,1.239151,0.017938,0.014881,0.006115,是,是,是,0.003057,0.017938,0.006115,2025-06-29 16:58:29
2021-01-18,159993,1.259736,1.242468,0.017268,0.015358,0.00382,是,是,是,0.00191,0.017268,0.00382,2025-06-29 16:58:29
2021-01-19,159993,1.260684,1.24486,0.015823,0.015451,0.000744,是,是,是,0.000372,0.015823,0.000744,2025-06-29 16:58:29
2021-01-20,159993,1.262532,1.247542,0.014989,0.015359,-0.000739,否,是,是,-0.00037,0.014989,0.000739,2025-06-29 16:58:29
2021-01-21,159993,1.268636,1.25226,0.016376,0.015562,0.001627,是,是,是,0.000814,0.016376,0.001627,2025-06-29 16:58:29
2021-01-22,159993,1.267828,1.253675,0.014152,0.01528,-0.002256,否,是,是,-0.001128,0.014152,0.002256,2025-06-29 16:58:29
2021-01-25,159993,1.266755,1.254711,0.012043,0.014633,-0.005179,否,是,是,-0.00259,0.012043,0.005179,2025-06-29 16:58:29
2021-01-26,159993,1.254143,1.249744,0.004399,0.012586,-0.016374,否,是,是,-0.008187,0.004399,0.016374,2025-06-29 16:58:29
2021-01-27,159993,1.245667,1.245994,-0.000328,0.010003,-0.020662,否,否,是,-0.010331,0.000328,0.020662,2025-06-29 16:58:29
2021-01-28,159993,1.237074,1.241662,-0.004588,0.007085,-0.023346,否,否,是,-0.011673,0.004588,0.023346,2025-06-29 16:58:29
2021-01-29,159993,1.228169,1.236699,-0.00853,0.003962,-0.024985,否,否,是,-0.012492,0.00853,0.024985,2025-06-29 16:58:29
2021-02-01,159993,1.220576,1.231955,-0.011379,0.000894,-0.024546,否,否,是,-0.012273,0.011379,0.024546,2025-06-29 16:58:29
2021-02-02,159993,1.215559,1.228182,-0.012623,-0.00181,-0.021627,否,否,否,-0.010813,0.012623,0.021627,2025-06-29 16:58:29
2021-02-03,159993,1.208546,1.223273,-0.014727,-0.004393,-0.020668,否,否,否,-0.010334,0.014727,0.020668,2025-06-29 16:58:29
2021-02-04,159993,1.19798,1.216354,-0.018374,-0.007189,-0.022369,否,否,否,-0.011185,0.018374,0.022369,2025-06-29 16:58:29
2021-02-05,159993,1.186873,1.208759,-0.021885,-0.010128,-0.023514,否,否,否,-0.011757,0.021885,0.023514,2025-06-29 16:58:29
2021-02-08,159993,1.178235,1.202008,-0.023773,-0.012857,-0.021831,否,否,否,-0.010916,0.023773,0.021831,2025-06-29 16:58:29
2021-02-09,159993,1.180405,1.200451,-0.020047,-0.014295,-0.011503,否,否,否,-0.005752,0.020047,0.011503,2025-06-29 16:58:29
2021-02-10,159993,1.181426,1.198735,-0.017309,-0.014898,-0.004821,否,否,否,-0.002411,0.017309,0.004821,2025-06-29 16:58:29
2021-02-18,159993,1.182887,1.197542,-0.014655,-0.014849,0.000389,是,否,否,0.000194,0.014655,0.000389,2025-06-29 16:58:29
2021-02-19,159993,1.188023,1.198482,-0.010459,-0.013971,0.007025,是,否,否,0.003512,0.010459,0.007025,2025-06-29 16:58:29
2021-02-22,159993,1.183351,1.194984,-0.011632,-0.013503,0.003742,是,否,否,0.001871,0.011632,0.003742,2025-06-29 16:58:29
2021-02-23,159993,1.178829,1.19143,-0.012601,-0.013323,0.001444,是,否,否,0.000722,0.012601,0.001444,2025-06-29 16:58:29
2021-02-24,159993,1.173756,1.187493,-0.013738,-0.013406,-0.000663,否,否,否,-0.000332,0.013738,0.000663,2025-06-29 16:58:29
2021-02-25,159993,1.169143,1.183661,-0.014517,-0.013628,-0.001778,否,否,否,-0.000889,0.014517,0.001778,2025-06-29 16:58:29
2021-02-26,159993,1.161111,1.178032,-0.01692,-0.014287,-0.005267,否,否,否,-0.002633,0.01692,0.005267,2025-06-29 16:58:29
2021-03-01,159993,1.153309,1.17225,-0.018941,-0.015218,-0.007448,否,否,否,-0.003723,0.018941,0.007448,2025-06-29 16:58:29
2021-03-02,159993,1.144129,1.165556,-0.021427,-0.016459,-0.009935,否,否,否,-0.004968,0.021427,0.009935,2025-06-29 16:58:29
2021-03-03,159993,1.140989,1.161605,-0.020616,-0.017291,-0.00665,否,否,否,-0.003325,0.020616,0.00665,2025-06-29 16:58:29
2021-03-04,159993,1.133658,1.155649,-0.021991,-0.018231,-0.00752,否,否,否,-0.00376,0.021991,0.00752,2025-06-29 16:58:29
2021-03-05,159993,1.132845,1.152799,-0.019954,-0.018575,-0.002757,否,否,否,-0.001379,0.019954,0.002757,2025-06-29 16:58:29
2021-03-08,159993,1.12688,1.147599,-0.02072,-0.019004,-0.003431,否,否,否,-0.001716,0.02072,0.003431,2025-06-29 16:58:29
2021-03-09,159993,1.115795,1.139755,-0.02396,-0.019995,-0.007929,否,否,否,-0.003965,0.02396,0.007929,2025-06-29 16:58:29
2021-03-10,159993,1.106508,1.132449,-0.025941,-0.021184,-0.009514,否,否,否,-0.004757,0.025941,0.009514,2025-06-29 16:58:29
2021-03-11,159993,1.103061,1.127843,-0.024782,-0.021904,-0.005756,否,否,否,-0.002878,0.024782,0.005756,2025-06-29 16:58:29
2021-03-12,159993,1.100159,1.123639,-0.02348,-0.022219,-0.002521,否,否,否,-0.001261,0.02348,0.002521,2025-06-29 16:58:29
2021-03-15,159993,1.092568,1.117234,-0.024666,-0.022709,-0.003915,否,否,否,-0.001957,0.024666,0.003915,2025-06-29 16:58:29
2021-03-16,159993,1.087553,1.111986,-0.024433,-0.023053,-0.002759,否,否,否,-0.00138,0.024433,0.002759,2025-06-29 16:58:29
2021-03-17,159993,1.084541,1.107765,-0.023224,-0.023088,-0.000273,否,否,否,-0.000136,0.023224,0.000273,2025-06-29 16:58:29
2021-03-18,159993,1.083088,1.104458,-0.021371,-0.022744,0.002747,是,否,否,0.001373,0.021371,0.002747,2025-06-29 16:58:29
2021-03-19,159993,1.079068,1.100074,-0.021006,-0.022397,0.002782,是,否,否,0.001391,0.021006,0.002782,2025-06-29 16:58:29
2021-03-22,159993,1.079942,1.098177,-0.018235,-0.021564,0.006659,是,否,否,0.003329,0.018235,0.006659,2025-06-29 16:58:29
2021-03-23,159993,1.082177,1.097268,-0.015091,-0.02027,0.010357,是,否,否,0.005179,0.015091,0.010357,2025-06-29 16:58:29
2021-03-24,159993,1.084582,1.096794,-0.012212,-0.018658,0.012892,是,否,否,0.006446,0.012212,0.012892,2025-06-29 16:58:29
2021-03-25,159993,1.084231,1.095261,-0.011031,-0.017133,0.012204,是,否,否,0.006102,0.011031,0.012204,2025-06-29 16:58:29
2021-03-26,159993,1.085513,1.094677,-0.009164,-0.015539,0.01275,是,否,否,0.006375,0.009164,0.01275,2025-06-29 16:58:29
2021-03-29,159993,1.08651,1.094157,-0.007647,-0.013961,0.012627,是,否,否,0.006314,0.007647,0.012627,2025-06-29 16:58:29
2021-03-30,159993,1.087063,1.093584,-0.006521,-0.012473,0.011904,是,否,否,0.005952,0.006521,0.011904,2025-06-29 16:58:29
2021-03-31,159993,1.083271,1.090964,-0.007692,-0.011517,0.007649,是,否,否,0.003825,0.007692,0.007649,2025-06-29 16:58:29
2021-04-01,159993,1.082322,1.089634,-0.007312,-0.010676,0.006727,是,否,否,0.003364,0.007312,0.006727,2025-06-29 16:58:29
2021-04-02,159993,1.082251,1.088786,-0.006535,-0.009848,0.006624,是,否,否,0.003313,0.006535,0.006624,2025-06-29 16:58:29
2021-04-06,159993,1.082417,1.088143,-0.005726,-0.009023,0.006595,是,否,否,0.003297,0.005726,0.006595,2025-06-29 16:58:29
2021-04-07,159993,1.081213,1.086905,-0.005692,-0.008357,0.005331,是,否,否,0.002665,0.005692,0.005331,2025-06-29 16:58:29
2021-04-08,159993,1.081166,1.086249,-0.005083,-0.007702,0.005238,是,否,否,0.002619,0.005083,0.005238,2025-06-29 16:58:29
2021-04-09,159993,1.078907,1.084555,-0.005648,-0.007291,0.003287,是,否,否,0.001643,0.005648,0.003287,2025-06-29 16:58:29
2021-04-12,159993,1.071372,1.08016,-0.008788,-0.007591,-0.002394,否,否,否,-0.001197,0.008788,0.002394,2025-06-29 16:58:29
2021-04-13,159993,1.065512,1.076253,-0.010741,-0.008221,-0.005041,否,否,否,-0.00252,0.010741,0.005041,2025-06-29 16:58:29
2021-04-14,159993,1.064065,1.074336,-0.010271,-0.008631,-0.003281,否,否,否,-0.00164,0.010271,0.003281,2025-06-29 16:58:29
2021-04-15,159993,1.060495,1.07141,-0.010915,-0.009088,-0.003655,否,否,否,-0.001827,0.010915,0.003655,2025-06-29 16:58:29
2021-04-16,159993,1.059496,1.069698,-0.010202,-0.009311,-0.001782,否,否,否,-0.000891,0.010202,0.001782,2025-06-29 16:58:29
2021-04-19,159993,1.064941,1.071287,-0.006346,-0.008718,0.004744,是,否,否,0.002372,0.006346,0.004744,2025-06-29 16:58:29
2021-04-20,159993,1.067176,1.071699,-0.004523,-0.007879,0.006712,是,否,否,0.003356,0.004523,0.006712,2025-06-29 16:58:29
2021-04-21,159993,1.068248,1.071733,-0.003484,-0.007,0.007031,是,否,否,0.003516,0.003484,0.007031,2025-06-29 16:58:29
2021-04-22,159993,1.070415,1.072429,-0.002014,-0.006003,0.007978,是,否,否,0.003989,0.002014,0.007978,2025-06-29 16:58:29
2021-04-23,159993,1.071656,1.072826,-0.001169,-0.005036,0.007733,是,否,否,0.003867,0.001169,0.007733,2025-06-29 16:58:29
2021-04-26,159993,1.068622,1.071179,-0.002557,-0.00454,0.003966,是,否,否,0.001983,0.002557,0.003966,2025-06-29 16:58:29
2021-04-27,159993,1.06515,1.069159,-0.004009,-0.004434,0.000851,是,否,否,0.000425,0.004009,0.000851,2025-06-29 16:58:29
2021-04-28,159993,1.063561,1.067919,-0.004358,-0.004419,0.000122,是,否,否,6.1e-05,0.004358,0.000122,2025-06-29 16:58:29
2021-04-29,159993,1.067437,1.069372,-0.001936,-0.003922,0.003972,是,否,否,0.001986,0.001936,0.003972,2025-06-29 16:58:29
2021-04-30,159993,1.068673,1.069775,-0.001103,-0.003358,0.004511,是,否,否,0.002255,0.001103,0.004511,2025-06-29 16:58:29
2021-05-06,159993,1.068301,1.069467,-0.001166,-0.00292,0.003508,是,否,否,0.001754,0.001166,0.003508,2025-06-29 16:58:29
2021-05-07,159993,1.064234,1.067304,-0.00307,-0.00295,-0.00024,否,否,否,-0.00012,0.00307,0.00024,2025-06-29 16:58:29
2021-05-10,159993,1.059071,1.064381,-0.00531,-0.003422,-0.003777,否,否,否,-0.001888,0.00531,0.003777,2025-06-29 16:58:29
2021-05-11,159993,1.058166,1.063339,-0.005173,-0.003772,-0.002801,否,否,否,-0.001401,0.005173,0.002801,2025-06-29 16:58:29
2021-05-12,159993,1.057241,1.062301,-0.005061,-0.00403,-0.002062,否,否,否,-0.001031,0.005061,0.002062,2025-06-29 16:58:29
2021-05-13,159993,1.055187,1.060712,-0.005525,-0.004329,-0.002393,否,否,否,-0.001196,0.005525,0.002393,2025-06-29 16:58:29
2021-05-14,159993,1.070257,1.067633,0.002623,-0.002938,0.011124,是,是,否,0.005561,0.002623,0.011124,2025-06-29 16:58:29
2021-05-17,159993,1.0782,1.071896,0.006303,-0.00109,0.014787,是,是,否,0.007393,0.006303,0.014787,2025-06-29 16:58:29
2021-05-18,159993,1.0846,1.075797,0.008803,0.000889,0.015829,是,是,是,0.007914,0.008803,0.015829,2025-06-29 16:58:29
2021-05-19,159993,1.089578,1.079264,0.010314,0.002774,0.01508,是,是,是,0.00754,0.010314,0.01508,2025-06-29 16:58:29
2021-05-20,159993,1.095671,1.083457,0.012215,0.004662,0.015106,是,是,是,0.007553,0.012215,0.015106,2025-06-29 16:58:29
2021-05-21,159993,1.097078,1.085517,0.011561,0.006042,0.011038,是,是,是,0.005519,0.011561,0.011038,2025-06-29 16:58:29
2021-05-24,159993,1.10306,1.089793,0.013268,0.007487,0.011562,是,是,是,0.005781,0.013268,0.011562,2025-06-29 16:58:29
2021-05-25,159993,1.117491,1.098483,0.019009,0.009791,0.018435,是,是,是,0.009218,0.019009,0.018435,2025-06-29 16:58:29
2021-05-26,159993,1.128716,1.106207,0.022509,0.012335,0.020348,是,是,是,0.010174,0.022509,0.020348,2025-06-29 16:58:29
2021-05-27,159993,1.137445,1.113073,0.024373,0.014742,0.019261,是,是,是,0.009631,0.024373,0.019261,2025-06-29 16:58:29
2021-05-28,159993,1.148235,1.121176,0.02706,0.017206,0.019708,是,是,是,0.009854,0.02706,0.019708,2025-06-29 16:58:29
2021-05-31,159993,1.157516,1.128823,0.028694,0.019503,0.01838,是,是,是,0.009191,0.028694,0.01838,2025-06-29 16:58:29
2021-06-01,159993,1.161179,1.133842,0.027337,0.02107,0.012534,是,是,是,0.006267,0.027337,0.012534,2025-06-29 16:58:29
2021-06-02,159993,1.15914,1.13586,0.02328,0.021512,0.003535,是,是,是,0.001768,0.02328,0.003535,2025-06-29 16:58:29
2021-06-03,159993,1.157775,1.137764,0.020011,0.021212,-0.002402,否,是,是,-0.001201,0.020011,0.002402,2025-06-29 16:58:29
2021-06-04,159993,1.158714,1.140457,0.018257,0.020621,-0.004728,否,是,是,-0.002364,0.018257,0.004728,2025-06-29 16:58:29
2021-06-07,159993,1.161,1.143629,0.017371,0.019971,-0.005199,否,是,是,-0.0026,0.017371,0.005199,2025-06-29 16:58:29
2021-06-08,159993,1.163444,1.146781,0.016663,0.019309,-0.005292,否,是,是,-0.002646,0.016663,0.005292,2025-06-29 16:58:29
2021-06-09,159993,1.162679,1.14825,0.014429,0.018333,-0.007808,否,是,是,-0.003904,0.014429,0.007808,2025-06-29 16:58:29
2021-06-10,159993,1.163195,1.150111,0.013084,0.017283,-0.008399,否,是,是,-0.004199,0.013084,0.008399,2025-06-29 16:58:29
2021-06-11,159993,1.159596,1.149765,0.009831,0.015793,-0.011924,否,是,是,-0.005962,0.009831,0.011924,2025-06-29 16:58:29
2021-06-15,159993,1.152797,1.147458,0.005339,0.013702,-0.016726,否,是,是,-0.008363,0.005339,0.016726,2025-06-29 16:58:29
2021-06-16,159993,1.145286,1.144296,0.00099,0.01116,-0.020339,否,是,是,-0.01017,0.00099,0.020339,2025-06-29 16:58:29
2021-06-17,159993,1.140334,1.14193,-0.001596,0.008609,-0.020409,否,否,是,-0.010205,0.001596,0.020409,2025-06-29 16:58:29
2021-06-18,159993,1.138704,1.140938,-0.002233,0.00644,-0.017347,否,否,是,-0.008673,0.002233,0.017347,2025-06-29 16:58:29
2021-06-21,159993,1.137214,1.139945,-0.00273,0.004606,-0.014673,否,否,是,-0.007336,0.00273,0.014673,2025-06-29 16:58:29
2021-06-22,159993,1.135833,1.138951,-0.003117,0.003061,-0.012357,否,否,是,-0.006178,0.003117,0.012357,2025-06-29 16:58:29
2021-06-23,159993,1.13587,1.138623,-0.002752,0.001899,-0.009302,否,否,是,-0.004651,0.002752,0.009302,2025-06-29 16:58:29
2021-06-24,159993,1.137455,1.139109,-0.001654,0.001188,-0.005685,否,否,是,-0.002842,0.001654,0.005685,2025-06-29 16:58:29
2021-06-25,159993,1.145354,1.142875,0.002479,0.001446,0.002065,是,是,是,0.001033,0.002479,0.002065,2025-06-29 16:58:29
2021-06-28,159993,1.149497,1.145222,0.004275,0.002012,0.004526,是,是,是,0.002263,0.004275,0.004526,2025-06-29 16:58:29
2021-06-29,159993,1.149387,1.145642,0.003745,0.002359,0.002773,是,是,是,0.001386,0.003745,0.002773,2025-06-29 16:58:29
2021-06-30,159993,1.151745,1.147237,0.004508,0.002788,0.003439,是,是,是,0.00172,0.004508,0.003439,2025-06-29 16:58:29
2021-07-01,159993,1.146913,1.145322,0.001591,0.002549,-0.001916,否,是,是,-0.000958,0.001591,0.001916,2025-06-29 16:58:29
2021-07-02,159993,1.135599,1.139842,-0.004243,0.001191,-0.010867,否,否,是,-0.005434,0.004243,0.010867,2025-06-29 16:58:29
2021-07-05,159993,1.127244,1.135193,-0.007949,-0.000637,-0.014623,否,否,否,-0.007312,0.007949,0.014623,2025-06-29 16:58:29
2021-07-06,159993,1.122523,1.131949,-0.009426,-0.002395,-0.014062,否,否,否,-0.007031,0.009426,0.014062,2025-06-29 16:58:29
2021-07-07,159993,1.119296,1.129288,-0.009992,-0.003915,-0.012156,否,否,否,-0.006077,0.009992,0.012156,2025-06-29 16:58:29
2021-07-08,159993,1.116119,1.126589,-0.010471,-0.005226,-0.01049,否,否,否,-0.005245,0.010471,0.01049,2025-06-29 16:58:29
2021-07-09,159993,1.114092,1.124413,-0.01032,-0.006245,-0.008151,否,否,否,-0.004075,0.01032,0.008151,2025-06-29 16:58:29
2021-07-12,159993,1.118294,1.125367,-0.007073,-0.00641,-0.001325,否,否,否,-0.000663,0.007073,0.001325,2025-06-29 16:58:29
2021-07-13,159993,1.120006,1.125437,-0.005431,-0.006214,0.001567,是,否,否,0.000783,0.005431,0.001567,2025-06-29 16:58:29
2021-07-14,159993,1.118894,1.124278,-0.005384,-0.006048,0.001329,是,否,否,0.000664,0.005384,0.001329,2025-06-29 16:58:29
2021-07-15,159993,1.120695,1.12458,-0.003885,-0.005616,0.003462,是,否,否,0.001731,0.003885,0.003462,2025-06-29 16:58:29
2021-07-16,159993,1.122985,1.125293,-0.002308,-0.004954,0.005292,是,否,否,0.002646,0.002308,0.005292,2025-06-29 16:58:29
2021-07-19,159993,1.124322,1.125705,-0.001383,-0.00424,0.005713,是,否,否,0.002857,0.001383,0.005713,2025-06-29 16:58:29
2021-07-20,159993,1.123584,1.125182,-0.001599,-0.003712,0.004226,是,否,否,0.002113,0.001599,0.004226,2025-06-29 16:58:29
2021-07-21,159993,1.126565,1.126495,7e-05,-0.002955,0.00605,是,是,否,0.003025,7e-05,0.00605,2025-06-29 16:58:29
2021-07-22,159993,1.133106,1.129774,0.003332,-0.001698,0.010061,是,是,否,0.00503,0.003332,0.010061,2025-06-29 16:58:29
2021-07-23,159993,1.140194,1.133688,0.006506,-5.7e-05,0.013126,是,是,否,0.006563,0.006506,0.013126,2025-06-29 16:58:29
2021-07-26,159993,1.138373,1.1335,0.004873,0.000929,0.007888,是,是,是,0.003944,0.004873,0.007888,2025-06-29 16:58:29
2021-07-27,159993,1.128957,1.129334,-0.000377,0.000668,-0.002089,否,否,是,-0.001045,0.000377,0.002089,2025-06-29 16:58:29
2021-07-28,159993,1.119855,1.124741,-0.004886,-0.000443,-0.008886,否,否,否,-0.004443,0.004886,0.008886,2025-06-29 16:58:29
2021-07-29,159993,1.11611,1.122325,-0.006216,-0.001598,-0.009236,否,否,否,-0.004618,0.006216,0.009236,2025-06-29 16:58:29
2021-07-30,159993,1.108752,1.117956,-0.009204,-0.003119,-0.01217,否,否,否,-0.006085,0.009204,0.01217,2025-06-29 16:58:29
2021-08-02,159993,1.111918,1.118516,-0.006598,-0.003815,-0.005567,否,否,否,-0.002783,0.006598,0.005567,2025-06-29 16:58:29
2021-08-03,159993,1.11527,1.119459,-0.004189,-0.00389,-0.000599,否,否,否,-0.000299,0.004189,0.000599,2025-06-29 16:58:29
2021-08-04,159993,1.117876,1.120297,-0.00242,-0.003596,0.002351,是,否,否,0.001176,0.00242,0.002351,2025-06-29 16:58:29
2021-08-05,159993,1.115904,1.119042,-0.003138,-0.003504,0.000733,是,否,否,0.000366,0.003138,0.000733,2025-06-29 16:58:29
2021-08-06,159993,1.115259,1.11837,-0.003112,-0.003426,0.000628,是,否,否,0.000314,0.003112,0.000628,2025-06-29 16:58:29
2021-08-09,159993,1.119868,1.120329,-0.000461,-0.002833,0.004743,是,否,否,0.002372,0.000461,0.004743,2025-06-29 16:58:29
2021-08-10,159993,1.127008,1.123848,0.00316,-0.001634,0.009589,是,是,否,0.004794,0.00316,0.009589,2025-06-29 16:58:29
2021-08-11,159993,1.130784,1.126087,0.004697,-0.000368,0.01013,是,是,否,0.005065,0.004697,0.01013,2025-06-29 16:58:29
2021-08-12,159993,1.132165,1.1273,0.004866,0.000679,0.008374,是,是,是,0.004187,0.004866,0.008374,2025-06-29 16:58:29
2021-08-13,159993,1.133462,1.128489,0.004973,0.001538,0.006871,是,是,是,0.003435,0.004973,0.006871,2025-06-29 16:58:29
2021-08-16,159993,1.136915,1.130768,0.006147,0.00246,0.007375,是,是,是,0.003687,0.006147,0.007375,2025-06-29 16:58:29
2021-08-17,159993,1.138045,1.132016,0.006029,0.003174,0.005711,是,是,是,0.002855,0.006029,0.005711,2025-06-29 16:58:29
2021-08-18,159993,1.155368,1.141347,0.014021,0.005343,0.017356,是,是,是,0.008678,0.014021,0.017356,2025-06-29 16:58:29
2021-08-19,159993,1.164175,1.147309,0.016867,0.007648,0.018438,是,是,是,0.009219,0.016867,0.018438,2025-06-29 16:58:29
2021-08-20,159993,1.171692,1.152941,0.018751,0.009868,0.017765,是,是,是,0.008883,0.018751,0.017765,2025-06-29 16:58:29
2021-08-23,159993,1.179316,1.158837,0.020479,0.011991,0.016978,是,是,是,0.008488,0.020479,0.016978,2025-06-29 16:58:29
2021-08-24,159993,1.190801,1.166855,0.023947,0.014382,0.01913,是,是,是,0.009565,0.023947,0.01913,2025-06-29 16:58:29
2021-08-25,159993,1.195068,1.171649,0.023419,0.016189,0.01446,是,是,是,0.00723,0.023419,0.01446,2025-06-29 16:58:29
2021-08-26,159993,1.195719,1.174577,0.021143,0.01718,0.007926,是,是,是,0.003963,0.021143,0.007926,2025-06-29 16:58:29
2021-08-27,159993,1.195115,1.176624,0.018491,0.017442,0.002098,是,是,是,0.001049,0.018491,0.002098,2025-06-29 16:58:29
2021-08-30,159993,1.190201,1.176221,0.01398,0.01675,-0.00554,否,是,是,-0.00277,0.01398,0.00554,2025-06-29 16:58:29
2021-08-31,159993,1.191712,1.17853,0.013182,0.016036,-0.005709,否,是,是,-0.002854,0.013182,0.005709,2025-06-29 16:58:29
2021-09-01,159993,1.203553,1.185915,0.017638,0.016357,0.002563,是,是,是,0.001281,0.017638,0.002563,2025-06-29 16:58:29
2021-09-02,159993,1.217208,1.194703,0.022506,0.017586,0.009839,是,是,是,0.00492,0.022506,0.009839,2025-06-29 16:58:29
2021-09-03,159993,1.22494,1.201069,0.023871,0.018843,0.010055,是,是,是,0.005028,0.023871,0.010055,2025-06-29 16:58:29
2021-09-06,159993,1.239175,1.210839,0.028336,0.020742,0.015189,是,是,是,0.007594,0.028336,0.015189,2025-06-29 16:58:29
2021-09-07,159993,1.257359,1.223079,0.034279,0.023449,0.02166,是,是,是,0.01083,0.034279,0.02166,2025-06-29 16:58:29
2021-09-08,159993,1.271279,1.233848,0.037431,0.026246,0.02237,是,是,是,0.011185,0.037431,0.02237,2025-06-29 16:58:29
2021-09-09,159993,1.28055,1.242643,0.037907,0.028578,0.018659,是,是,是,0.009329,0.037907,0.018659,2025-06-29 16:58:29
2021-09-10,159993,1.290872,1.252016,0.038857,0.030634,0.016446,是,是,是,0.008223,0.038857,0.016446,2025-06-29 16:58:29
2021-09-13,159993,1.29979,1.260792,0.038998,0.032307,0.013383,是,是,是,0.006691,0.038998,0.013383,2025-06-29 16:58:29
2021-09-14,159993,1.298281,1.264371,0.03391,0.032627,0.002566,是,是,是,0.001283,0.03391,0.002566,2025-06-29 16:58:29
2021-09-15,159993,1.295552,1.266774,0.028778,0.031857,-0.006159,否,是,是,-0.003079,0.028778,0.006159,2025-06-29 16:58:29
2021-09-16,159993,1.287429,1.26591,0.021519,0.02979,-0.016541,否,是,是,-0.008271,0.021519,0.016541,2025-06-29 16:58:29
2021-09-17,159993,1.284667,1.26692,0.017747,0.027381,-0.019268,否,是,是,-0.009634,0.017747,0.019268,2025-06-29 16:58:29
2021-09-22,159993,1.280963,1.26704,0.013923,0.02469,-0.021533,否,是,是,-0.010767,0.013923,0.021533,2025-06-29 16:58:29
2021-09-23,159993,1.281416,1.268813,0.012603,0.022272,-0.019339,否,是,是,-0.009669,0.012603,0.019339,2025-06-29 16:58:29
2021-09-24,159993,1.277546,1.268279,0.009267,0.019671,-0.020808,否,是,是,-0.010404,0.009267,0.020808,2025-06-29 16:58:29
2021-09-27,159993,1.267424,1.264248,0.003177,0.016372,-0.026391,否,是,是,-0.013195,0.003177,0.026391,2025-06-29 16:58:29
2021-09-28,159993,1.263997,1.262887,0.00111,0.01332,-0.02442,否,是,是,-0.01221,0.00111,0.02442,2025-06-29 16:58:29
2021-09-29,159993,1.256886,1.259455,-0.002568,0.010142,-0.025421,否,否,是,-0.01271,0.002568,0.025421,2025-06-29 16:58:29
2021-09-30,159993,1.250912,1.256182,-0.00527,0.00706,-0.02466,否,否,是,-0.01233,0.00527,0.02466,2025-06-29 16:58:29
2021-10-08,159993,1.249153,1.254717,-0.005564,0.004535,-0.020198,否,否,是,-0.010099,0.005564,0.020198,2025-06-29 16:58:29
2021-10-11,159993,1.246008,1.252527,-0.006518,0.002324,-0.017685,否,否,是,-0.008842,0.006518,0.017685,2025-06-29 16:58:29
2021-10-12,159993,1.23534,1.246468,-0.011128,-0.000366,-0.021524,否,否,否,-0.010762,0.011128,0.021524,2025-06-29 16:58:29
2021-10-13,159993,1.228153,1.241638,-0.013485,-0.00299,-0.02099,否,否,否,-0.010495,0.013485,0.02099,2025-06-29 16:58:29
2021-10-14,159993,1.221675,1.236901,-0.015226,-0.005437,-0.019578,否,否,否,-0.009789,0.015226,0.019578,2025-06-29 16:58:29
2021-10-15,159993,1.216414,1.232578,-0.016165,-0.007583,-0.017164,否,否,否,-0.008582,0.016165,0.017164,2025-06-29 16:58:29
2021-10-18,159993,1.212766,1.228959,-0.016192,-0.009305,-0.013776,否,否,否,-0.006887,0.016192,0.013776,2025-06-29 16:58:29
2021-10-19,159993,1.211485,1.226519,-0.015034,-0.010451,-0.009167,否,否,否,-0.004583,0.015034,0.009167,2025-06-29 16:58:29
2021-10-20,159993,1.209377,1.223794,-0.014417,-0.011244,-0.006347,否,否,否,-0.003173,0.014417,0.006347,2025-06-29 16:58:29
2021-10-21,159993,1.208627,1.221817,-0.013191,-0.011633,-0.003115,否,否,否,-0.001558,0.013191,0.003115,2025-06-29 16:58:29
2021-10-22,159993,1.209154,1.220615,-0.011461,-0.011599,0.000275,是,否,否,0.000138,0.011461,0.000275,2025-06-29 16:58:29
2021-10-25,159993,1.213786,1.221658,-0.007872,-0.010853,0.005964,是,否,否,0.002981,0.007872,0.005964,2025-06-29 16:58:29
2021-10-26,159993,1.214278,1.221029,-0.006751,-0.010033,0.006564,是,否,否,0.003282,0.006751,0.006564,2025-06-29 16:58:29
2021-10-27,159993,1.207105,1.216693,-0.009587,-0.009944,0.000713,是,否,否,0.000357,0.009587,0.000713,2025-06-29 16:58:29
2021-10-28,159993,1.199749,1.211949,-0.012201,-0.010395,-0.003611,否,否,否,-0.001806,0.012201,0.003611,2025-06-29 16:58:29
2021-10-29,159993,1.195582,1.20851,-0.012928,-0.010902,-0.004053,否,否,否,-0.002026,0.012928,0.004053,2025-06-29 16:58:29
2021-11-01,159993,1.193453,1.206009,-0.012556,-0.011233,-0.002647,否,否,否,-0.001323,0.012556,0.002647,2025-06-29 16:58:29
2021-11-02,159993,1.186019,1.200897,-0.014878,-0.011962,-0.005833,否,否,否,-0.002916,0.014878,0.005833,2025-06-29 16:58:29
2021-11-03,159993,1.181126,1.196797,-0.015672,-0.012704,-0.005936,否,否,否,-0.002968,0.015672,0.005936,2025-06-29 16:58:29
2021-11-04,159993,1.177542,1.193264,-0.015722,-0.013307,-0.004829,否,否,否,-0.002415,0.015722,0.004829,2025-06-29 16:58:29
2021-11-05,159993,1.174311,1.189902,-0.015591,-0.013764,-0.003654,否,否,否,-0.001827,0.015591,0.003654,2025-06-29 16:58:29
2021-11-08,159993,1.173353,1.18769,-0.014338,-0.013879,-0.000918,否,否,否,-0.000459,0.014338,0.000918,2025-06-29 16:58:29
2021-11-09,159993,1.175052,1.186947,-0.011895,-0.013482,0.003174,是,否,否,0.001587,0.011895,0.003174,2025-06-29 16:58:29
2021-11-10,159993,1.175485,1.185842,-0.010357,-0.012857,0.005,是,否,否,0.0025,0.010357,0.005,2025-06-29 16:58:29
2021-11-11,159993,1.183377,1.188637,-0.00526,-0.011338,0.012155,是,否,否,0.006078,0.00526,0.012155,2025-06-29 16:58:29
2021-11-12,159993,1.188849,1.190789,-0.00194,-0.009458,0.015037,是,否,否,0.007518,0.00194,0.015037,2025-06-29 16:58:29
2021-11-15,159993,1.191327,1.191812,-0.000485,-0.007663,0.014357,是,否,否,0.007178,0.000485,0.014357,2025-06-29 16:58:29
2021-11-16,159993,1.189921,1.191055,-0.001134,-0.006358,0.010447,是,否,否,0.005224,0.001134,0.010447,2025-06-29 16:58:29
2021-11-17,159993,1.188383,1.19016,-0.001777,-0.005441,0.007329,是,否,否,0.003664,0.001777,0.007329,2025-06-29 16:58:29
2021-11-18,159993,1.184298,1.18792,-0.003622,-0.005078,0.002911,是,否,否,0.001456,0.003622,0.002911,2025-06-29 16:58:29
2021-11-19,159993,1.185343,1.18804,-0.002697,-0.004602,0.003808,是,否,否,0.001905,0.002697,0.003808,2025-06-29 16:58:29
2021-11-22,159993,1.188156,1.189147,-0.000991,-0.00388,0.005776,是,否,否,0.002889,0.000991,0.005776,2025-06-29 16:58:29
2021-11-23,159993,1.191677,1.190797,0.000879,-0.002928,0.007614,是,是,否,0.003807,0.000879,0.007614,2025-06-29 16:58:29
2021-11-24,159993,1.193748,1.191931,0.001818,-0.001979,0.007593,是,是,否,0.003797,0.001818,0.007593,2025-06-29 16:58:29
2021-11-25,159993,1.194249,1.192383,0.001866,-0.00121,0.006151,是,是,否,0.003076,0.001866,0.006151,2025-06-29 16:58:29
2021-11-26,159993,1.192638,1.191785,0.000853,-0.000797,0.003301,是,是,否,0.00165,0.000853,0.003301,2025-06-29 16:58:29
2021-11-29,159993,1.188718,1.18992,-0.001201,-0.000878,-0.000647,否,否,否,-0.000323,0.001201,0.000647,2025-06-29 16:58:29
2021-11-30,159993,1.186337,1.188595,-0.002259,-0.001154,-0.002209,否,否,否,-0.001105,0.002259,0.002209,2025-06-29 16:58:29
2021-12-01,159993,1.186928,1.18864,-0.001712,-0.001266,-0.000892,否,否,否,-0.000446,0.001712,0.000892,2025-06-29 16:58:29
2021-12-02,159993,1.190278,1.190125,0.000153,-0.000982,0.00227,是,是,否,0.001135,0.000153,0.00227,2025-06-29 16:58:29
2021-12-03,159993,1.193994,1.192,0.001994,-0.000387,0.004762,是,是,否,0.002381,0.001994,0.004762,2025-06-29 16:58:29
2021-12-06,159993,1.20244,1.196444,0.005995,0.00089,0.010211,是,是,是,0.005105,0.005995,0.010211,2025-06-29 16:58:29
2021-12-07,159993,1.209675,1.200728,0.008947,0.002501,0.012892,是,是,是,0.006446,0.008947,0.012892,2025-06-29 16:58:29
2021-12-08,159993,1.217747,1.205758,0.011989,0.004399,0.015181,是,是,是,0.00759,0.011989,0.015181,2025-06-29 16:58:29
2021-12-09,159993,1.230026,1.21323,0.016796,0.006878,0.019836,是,是,是,0.009918,0.016796,0.019836,2025-06-29 16:58:29
2021-12-10,159993,1.235353,1.21776,0.017594,0.009021,0.017145,是,是,是,0.008573,0.017594,0.017145,2025-06-29 16:58:29
2021-12-13,159993,1.241497,1.222786,0.018711,0.010959,0.015503,是,是,是,0.007752,0.018711,0.015503,2025-06-29 16:58:29
2021-12-14,159993,1.24472,1.226477,0.018243,0.012416,0.011654,是,是,是,0.005827,0.018243,0.011654,2025-06-29 16:58:29
2021-12-15,159993,1.248116,1.230202,0.017914,0.013515,0.008797,是,是,是,0.004399,0.017914,0.008797,2025-06-29 16:58:29
2021-12-16,159993,1.252979,1.234624,0.018355,0.014483,0.007743,是,是,是,0.003872,0.018355,0.007743,2025-06-29 16:58:29
2021-12-17,159993,1.254317,1.237332,0.016985,0.014984,0.004002,是,是,是,0.002001,0.016985,0.004002,2025-06-29 16:58:29
2021-12-20,159993,1.250469,1.237295,0.013173,0.014622,-0.002896,否,是,是,-0.001449,0.013173,0.002896,2025-06-29 16:58:29
2021-12-21,159993,1.24992,1.238485,0.011435,0.013984,-0.005098,否,是,是,-0.002549,0.011435,0.005098,2025-06-29 16:58:29
2021-12-22,159993,1.247716,1.238653,0.009063,0.013,-0.007875,否,是,是,-0.003937,0.009063,0.007875,2025-06-29 16:58:29
2021-12-23,159993,1.245779,1.238692,0.007087,0.011817,-0.00946,否,是,是,-0.00473,0.007087,0.00946,2025-06-29 16:58:29
2021-12-24,159993,1.242717,1.237948,0.004769,0.010408,-0.011278,否,是,是,-0.005639,0.004769,0.011278,2025-06-29 16:58:29
2021-12-27,159993,1.241002,1.237621,0.003381,0.009002,-0.011242,否,是,是,-0.005621,0.003381,0.011242,2025-06-29 16:58:29
2021-12-28,159993,1.24189,1.23844,0.00345,0.007892,-0.008884,否,是,是,-0.004442,0.00345,0.008884,2025-06-29 16:58:29
2021-12-29,159993,1.23947,1.237614,0.001857,0.006685,-0.009657,否,是,是,-0.004828,0.001857,0.009657,2025-06-29 16:58:29
2021-12-30,159993,1.242255,1.239212,0.003042,0.005956,-0.005828,否,是,是,-0.002914,0.003042,0.005828,2025-06-29 16:58:29
2021-12-31,159993,1.245087,1.240966,0.004121,0.005589,-0.002937,否,是,是,-0.001468,0.004121,0.002937,2025-06-29 16:58:29
2022-01-04,159993,1.24529,1.241526,0.003764,0.005224,-0.00292,否,是,是,-0.00146,0.003764,0.00292,2025-06-29 16:58:29
2022-01-05,159993,1.242337,1.240467,0.001869,0.004553,-0.005368,否,是,是,-0.002684,0.001869,0.005368,2025-06-29 16:58:29
2022-01-06,159993,1.234928,1.236971,-0.002042,0.003234,-0.010553,否,否,是,-0.005276,0.002042,0.010553,2025-06-29 16:58:29
2022-01-07,159993,1.230278,1.234419,-0.004141,0.001759,-0.0118,否,否,是,-0.0059,0.004141,0.0118,2025-06-29 16:58:29
2022-01-10,159993,1.226216,1.231928,-0.005712,0.000265,-0.011953,否,否,是,-0.005977,0.005712,0.011953,2025-06-29 16:58:29
2022-01-11,159993,1.223057,1.229713,-0.006657,-0.001119,-0.011074,否,否,否,-0.005538,0.006657,0.011074,2025-06-29 16:58:29
2022-01-12,159993,1.221266,1.228079,-0.006812,-0.002258,-0.009109,否,否,否,-0.004554,0.006812,0.009109,2025-06-29 16:58:29
2022-01-13,159993,1.218318,1.225848,-0.007529,-0.003312,-0.008434,否,否,否,-0.004217,0.007529,0.008434,2025-06-29 16:58:29
2022-01-14,159993,1.20847,1.220087,-0.011617,-0.004973,-0.013288,否,否,否,-0.006644,0.011617,0.013288,2025-06-29 16:58:29
2022-01-17,159993,1.203699,1.216411,-0.012712,-0.006521,-0.012382,否,否,否,-0.006191,0.012712,0.012382,2025-06-29 16:58:29
2022-01-18,159993,1.201099,1.213698,-0.012599,-0.007737,-0.009725,否,否,否,-0.004862,0.012599,0.009725,2025-06-29 16:58:29
2022-01-19,159993,1.199966,1.211732,-0.011766,-0.008542,-0.006447,否,否,否,-0.003224,0.011766,0.006447,2025-06-29 16:58:29
2022-01-20,159993,1.203085,1.211984,-0.008899,-0.008614,-0.000571,否,否,否,-0.000285,0.008899,0.000571,2025-06-29 16:58:29
2022-01-21,159993,1.203288,1.211097,-0.007809,-0.008453,0.001288,是,否,否,0.000644,0.007809,0.001288,2025-06-29 16:58:29
2022-01-24,159993,1.201891,1.20953,-0.00764,-0.00829,0.001301,是,否,否,0.00065,0.00764,0.001301,2025-06-29 16:58:29
2022-01-25,159993,1.194804,1.205138,-0.010334,-0.008699,-0.003271,否,否,否,-0.001635,0.010334,0.003271,2025-06-29 16:58:29
2022-01-26,159993,1.193514,1.203345,-0.009831,-0.008925,-0.001811,否,否,否,-0.000906,0.009831,0.001811,2025-06-29 16:58:29
2022-01-27,159993,1.186733,1.198862,-0.012129,-0.009566,-0.005126,否,否,否,-0.002563,0.012129,0.005126,2025-06-29 16:58:29
2022-01-28,159993,1.179237,1.193766,-0.014529,-0.010559,-0.007941,否,否,否,-0.00397,0.014529,0.007941,2025-06-29 16:58:29
2022-02-07,159993,1.176295,1.190681,-0.014386,-0.011324,-0.006123,否,否,否,-0.003062,0.014386,0.006123,2025-06-29 16:58:29
2022-02-08,159993,1.177341,1.189606,-0.012265,-0.011512,-0.001505,否,否,否,-0.000753,0.012265,0.001505,2025-06-29 16:58:29
2022-02-09,159993,1.178821,1.188983,-0.010162,-0.011242,0.00216,是,否,否,0.00108,0.010162,0.00216,2025-06-29 16:58:29
2022-02-10,159993,1.179749,1.188318,-0.008569,-0.010708,0.004278,是,否,否,0.002139,0.008569,0.004278,2025-06-29 16:58:29
2022-02-11,159993,1.181583,1.188283,-0.0067,-0.009906,0.006412,是,否,否,0.003206,0.0067,0.006412,2025-06-29 16:58:29
2022-02-14,159993,1.170342,1.181918,-0.011576,-0.01024,-0.002672,否,否,否,-0.001336,0.011576,0.002672,2025-06-29 16:58:29
2022-02-15,159993,1.161822,1.176371,-0.01455,-0.011102,-0.006896,否,否,否,-0.003448,0.01455,0.006896,2025-06-29 16:58:29
2022-02-16,159993,1.155861,1.171775,-0.015913,-0.012064,-0.007698,否,否,否,-0.003849,0.015913,0.007698,2025-06-29 16:58:29
2022-02-17,159993,1.149225,1.166689,-0.017463,-0.013144,-0.008638,否,否,否,-0.004319,0.017463,0.008638,2025-06-29 16:58:29
2022-02-18,159993,1.144953,1.162612,-0.017659,-0.014047,-0.007224,否,否,否,-0.003612,0.017659,0.007224,2025-06-29 16:58:29
2022-02-21,159993,1.140741,1.158544,-0.017803,-0.014798,-0.006009,否,否,否,-0.003005,0.017803,0.006009,2025-06-29 16:58:29
2022-02-22,159993,1.132354,1.152372,-0.020018,-0.015842,-0.008352,否,否,否,-0.004176,0.020018,0.008352,2025-06-29 16:58:29
2022-02-23,159993,1.12872,1.148331,-0.019611,-0.016596,-0.00603,否,否,否,-0.003015,0.019611,0.00603,2025-06-29 16:58:29
2022-02-24,159993,1.119227,1.141405,-0.022179,-0.017712,-0.008933,否,否,否,-0.004467,0.022179,0.008933,2025-06-29 16:58:29
2022-02-25,159993,1.112065,1.13536,-0.023295,-0.018829,-0.008932,否,否,否,-0.004466,0.023295,0.008932,2025-06-29 16:58:29
2022-02-28,159993,1.105606,1.129543,-0.023936,-0.01985,-0.008172,否,否,否,-0.004086,0.023936,0.008172,2025-06-29 16:58:29
2022-03-01,159993,1.103027,1.125593,-0.022566,-0.020394,-0.004345,否,否,否,-0.002172,0.022566,0.004345,2025-06-29 16:58:29
2022-03-02,159993,1.100132,1.121639,-0.021506,-0.020616,-0.00178,否,否,否,-0.00089,0.021506,0.00178,2025-06-29 16:58:29
2022-03-03,159993,1.097658,1.118012,-0.020354,-0.020564,0.00042,是,否,否,0.00021,0.020354,0.00042,2025-06-29 16:58:29
2022-03-04,159993,1.092623,1.113233,-0.02061,-0.020573,-7.4e-05,否,否,否,-3.7e-05,0.02061,7.4e-05,2025-06-29 16:58:29
2022-03-07,159993,1.082262,1.105763,-0.0235,-0.021158,-0.004684,否,否,否,-0.002342,0.0235,0.004684,2025-06-29 16:58:29
2022-03-08,159993,1.069315,1.096678,-0.027363,-0.022399,-0.009927,否,否,否,-0.004964,0.027363,0.009927,2025-06-29 16:58:29
2022-03-09,159993,1.052801,1.08538,-0.03258,-0.024435,-0.016289,否,否,否,-0.008145,0.03258,0.016289,2025-06-29 16:58:29
2022-03-10,159993,1.040178,1.075449,-0.035271,-0.026602,-0.017337,否,否,否,-0.008669,0.035271,0.017337,2025-06-29 16:58:29
2022-03-11,159993,1.034583,1.068733,-0.034149,-0.028112,-0.012075,否,否,否,-0.006037,0.034149,0.012075,2025-06-29 16:58:29
2022-03-14,159993,1.026676,1.060985,-0.034309,-0.029351,-0.009915,否,否,否,-0.004958,0.034309,0.009915,2025-06-29 16:58:29
2022-03-15,159993,1.013192,1.050431,-0.037238,-0.030929,-0.01262,否,否,否,-0.006309,0.037238,0.01262,2025-06-29 16:58:29
2022-03-16,159993,1.015594,1.047494,-0.0319,-0.031123,-0.001554,否,否,否,-0.000777,0.0319,0.001554,2025-06-29 16:58:29
2022-03-17,159993,1.016795,1.04455,-0.027755,-0.030449,0.005389,是,否,否,0.002694,0.027755,0.005389,2025-06-29 16:58:29
2022-03-18,159993,1.019507,1.042822,-0.023315,-0.029022,0.011415,是,否,否,0.005707,0.023315,0.011415,2025-06-29 16:58:29
2022-03-21,159993,1.018728,1.039842,-0.021114,-0.027441,0.012653,是,否,否,0.006327,0.021114,0.012653,2025-06-29 16:58:29
2022-03-22,159993,1.0179,1.037082,-0.019182,-0.025789,0.013214,是,否,否,0.006607,0.019182,0.013214,2025-06-29 16:58:29
2022-03-23,159993,1.017255,1.034628,-0.017373,-0.024106,0.013466,是,否,否,0.006733,0.017373,0.013466,2025-06-29 16:58:29
2022-03-24,159993,1.014754,1.031447,-0.016693,-0.022623,0.01186,是,否,否,0.00593,0.016693,0.01186,2025-06-29 16:58:29
2022-03-25,159993,1.010364,1.027398,-0.017033,-0.021505,0.008944,是,否,否,0.004472,0.017033,0.008944,2025-06-29 16:58:29
2022-03-28,159993,1.007394,1.02402,-0.016626,-0.020529,0.007807,是,否,否,0.003903,0.016626,0.007807,2025-06-29 16:58:29
2022-03-29,159993,1.00264,1.019796,-0.017156,-0.019855,0.005398,是,否,否,0.002699,0.017156,0.005398,2025-06-29 16:58:29
2022-03-30,159993,1.007609,1.020374,-0.012765,-0.018437,0.011344,是,否,否,0.005672,0.012765,0.011344,2025-06-29 16:58:29
2022-03-31,159993,1.009918,1.02011,-0.010192,-0.016788,0.013191,是,否,否,0.006596,0.010192,0.013191,2025-06-29 16:58:29
2022-04-01,159993,1.014825,1.021431,-0.006606,-0.014751,0.016291,是,否,否,0.008145,0.006606,0.016291,2025-06-29 16:58:29
2022-04-06,159993,1.018197,1.022383,-0.004186,-0.012638,0.016905,是,否,否,0.008452,0.004186,0.016905,2025-06-29 16:58:29
2022-04-07,159993,1.017042,1.021341,-0.004298,-0.01097,0.013344,是,否,否,0.006672,0.004298,0.013344,2025-06-29 16:58:29
2022-04-08,159993,1.019255,1.02197,-0.002714,-0.009319,0.01321,是,否,否,0.006605,0.002714,0.01321,2025-06-29 16:58:29
2022-04-11,159993,1.01431,1.019195,-0.004886,-0.008432,0.007094,是,否,否,0.003546,0.004886,0.007094,2025-06-29 16:58:29
2022-04-12,159993,1.01713,1.020062,-0.002933,-0.007333,0.0088,是,否,否,0.0044,0.002933,0.0088,2025-06-29 16:58:29
2022-04-13,159993,1.017323,1.019833,-0.00251,-0.006368,0.007716,是,否,否,0.003858,0.00251,0.007716,2025-06-29 16:58:29
2022-04-14,159993,1.020585,1.021185,-0.0006,-0.005215,0.009228,是,否,否,0.004615,0.0006,0.009228,2025-06-29 16:58:29
2022-04-15,159993,1.022455,1.022053,0.000401,-0.004091,0.008985,是,是,否,0.004492,0.000401,0.008985,2025-06-29 16:58:29
2022-04-18,159993,1.017909,1.019825,-0.001916,-0.003656,0.003481,是,否,否,0.00174,0.001916,0.003481,2025-06-29 16:58:29
2022-04-19,159993,1.013041,1.017178,-0.004138,-0.003753,-0.00077,否,否,否,-0.000385,0.004138,0.00077,2025-06-29 16:58:29
2022-04-20,159993,1.005476,1.012936,-0.00746,-0.004494,-0.005932,否,否,否,-0.002966,0.00746,0.005932,2025-06-29 16:58:29
2022-04-21,159993,0.99937,1.009054,-0.009684,-0.005532,-0.008304,否,否,否,-0.004152,0.009684,0.008304,2025-06-29 16:58:29
2022-04-22,159993,0.994843,1.005715,-0.010871,-0.0066,-0.008543,否,否,否,-0.004271,0.010871,0.008543,2025-06-29 16:58:29
2022-04-25,159993,0.983767,0.998969,-0.015202,-0.00832,-0.013763,否,否,否,-0.006882,0.015202,0.013763,2025-06-29 16:58:29
2022-04-26,159993,0.967374,0.989083,-0.021709,-0.010998,-0.021422,否,否,否,-0.010711,0.021709,0.021422,2025-06-29 16:58:29
2022-04-27,159993,0.957069,0.981519,-0.02445,-0.013688,-0.021522,否,否,否,-0.010762,0.02445,0.021522,2025-06-29 16:58:29
2022-04-28,159993,0.945498,0.973016,-0.027518,-0.016454,-0.022128,否,否,否,-0.011064,0.027518,0.022128,2025-06-29 16:58:29
2022-04-29,159993,0.944943,0.969681,-0.024738,-0.018111,-0.013254,否,否,否,-0.006627,0.024738,0.013254,2025-06-29 16:58:29
2022-05-05,159993,0.941622,0.965272,-0.02365,-0.019219,-0.008862,否,否,否,-0.004431,0.02365,0.008862,2025-06-29 16:58:29
2022-05-06,159993,0.933928,0.958798,-0.024869,-0.020349,-0.00904,否,否,否,-0.00452,0.024869,0.00904,2025-06-29 16:58:29
2022-05-09,159993,0.928167,0.953153,-0.024987,-0.021277,-0.007421,否,否,否,-0.00371,0.024987,0.007421,2025-06-29 16:58:29
2022-05-10,159993,0.92613,0.949359,-0.023229,-0.021667,-0.003124,否,否,否,-0.001562,0.023229,0.003124,2025-06-29 16:58:29
2022-05-11,159993,0.92699,0.947208,-0.020218,-0.021377,0.002318,是,否,否,0.001159,0.020218,0.002318,2025-06-29 16:58:29
2022-05-12,159993,0.927214,0.945073,-0.017859,-0.020674,0.005629,是,否,否,0.002815,0.017859,0.005629,2025-06-29 16:58:29
2022-05-13,159993,0.928278,0.943621,-0.015343,-0.019608,0.008529,是,否,否,0.004265,0.015343,0.008529,2025-06-29 16:58:29
2022-05-16,159993,0.927772,0.941663,-0.013891,-0.018464,0.009146,是,否,否,0.004573,0.013891,0.009146,2025-06-29 16:58:29
2022-05-17,159993,0.928267,0.940367,-0.0121,-0.017192,0.010182,是,否,否,0.005092,0.0121,0.010182,2025-06-29 16:58:29
2022-05-18,159993,0.930207,0.939993,-0.009785,-0.01571,0.01185,是,否,否,0.005925,0.009785,0.01185,2025-06-29 16:58:29
2022-05-19,159993,0.930606,0.939105,-0.008499,-0.014268,0.011538,是,否,否,0.005769,0.008499,0.011538,2025-06-29 16:58:29
2022-05-20,159993,0.934693,0.940204,-0.005511,-0.012517,0.014011,是,否,否,0.007006,0.005511,0.014011,2025-06-29 16:58:29
2022-05-23,159993,0.939206,0.941848,-0.002642,-0.010542,0.015799,是,否,否,0.0079,0.002642,0.015799,2025-06-29 16:58:29
2022-05-24,159993,0.936271,0.940087,-0.003816,-0.009197,0.010761,是,否,否,0.005381,0.003816,0.010761,2025-06-29 16:58:29
2022-05-25,159993,0.934878,0.938967,-0.004089,-0.008175,0.008172,是,否,否,0.004086,0.004089,0.008172,2025-06-29 16:58:29
2022-05-26,159993,0.937127,0.939637,-0.00251,-0.007042,0.009064,是,否,否,0.004532,0.00251,0.009064,2025-06-29 16:58:29
2022-05-27,159993,0.938432,0.940011,-0.001578,-0.005949,0.008742,是,否,否,0.004371,0.001578,0.008742,2025-06-29 16:58:29
2022-05-30,159993,0.939003,0.940121,-0.001118,-0.004983,0.007731,是,否,否,0.003865,0.001118,0.007731,2025-06-29 16:58:29
2022-05-31,159993,0.941447,0.941218,0.000228,-0.003941,0.008338,是,是,否,0.004169,0.000228,0.008338,2025-06-29 16:58:29
2022-06-01,159993,0.942458,0.94175,0.000709,-0.003011,0.007439,是,是,否,0.00372,0.000709,0.007439,2025-06-29 16:58:29
2022-06-02,159993,0.943912,0.942555,0.001357,-0.002137,0.006988,是,是,否,0.003494,0.001357,0.006988,2025-06-29 16:58:29
2022-06-06,159993,0.949709,0.945605,0.004105,-0.000889,0.009987,是,是,否,0.004994,0.004105,0.009987,2025-06-29 16:58:29
2022-06-07,159993,0.955552,0.948982,0.00657,0.000603,0.011934,是,是,是,0.005967,0.00657,0.011934,2025-06-29 16:58:29
2022-06-08,159993,0.962763,0.953317,0.009445,0.002371,0.014148,是,是,是,0.007074,0.009445,0.014148,2025-06-29 16:58:29
2022-06-09,159993,0.969926,0.957949,0.011978,0.004293,0.01537,是,是,是,0.007685,0.011978,0.01537,2025-06-29 16:58:29
2022-06-10,159993,0.981054,0.964843,0.016211,0.006676,0.019069,是,是,是,0.009535,0.016211,0.019069,2025-06-29 16:58:29
2022-06-13,159993,0.986375,0.969305,0.01707,0.008755,0.01663,是,是,是,0.008315,0.01707,0.01663,2025-06-29 16:58:29
2022-06-14,159993,1.001403,0.978716,0.022687,0.011542,0.022292,是,是,是,0.011145,0.022687,0.022292,2025-06-29 16:58:29
2022-06-15,159993,1.022647,0.991858,0.030788,0.015391,0.030795,是,是,是,0.015397,0.030788,0.030795,2025-06-29 16:58:29
2022-06-16,159993,1.027836,0.997874,0.029962,0.018305,0.023314,是,是,是,0.011657,0.029962,0.023314,2025-06-29 16:58:29
2022-06-17,159993,1.031428,1.002999,0.028429,0.02033,0.016198,是,是,是,0.008099,0.028429,0.016198,2025-06-29 16:58:29
2022-06-20,159993,1.033111,1.006999,0.026112,0.021486,0.009251,是,是,是,0.004626,0.026112,0.009251,2025-06-29 16:58:29
2022-06-21,159993,1.033753,1.010222,0.023531,0.021895,0.003272,是,是,是,0.001636,0.023531,0.003272,2025-06-29 16:58:29
2022-06-22,159993,1.03003,1.010975,0.019055,0.021327,-0.004544,否,是,是,-0.002272,0.019055,0.004544,2025-06-29 16:58:29
2022-06-23,159993,1.034468,1.015311,0.019157,0.020893,-0.003473,否,是,是,-0.001736,0.019157,0.003473,2025-06-29 16:58:29
2022-06-24,159993,1.039031,1.019721,0.01931,0.020577,-0.002534,否,是,是,-0.001267,0.01931,0.002534,2025-06-29 16:58:29
2022-06-27,159993,1.043246,1.023974,0.019272,0.020316,-0.002087,否,是,是,-0.001044,0.019272,0.002087,2025-06-29 16:58:29
2022-06-28,159993,1.04808,1.028532,0.019548,0.020162,-0.001229,否,是,是,-0.000614,0.019548,0.001229,2025-06-29 16:58:29
2022-06-29,159993,1.046062,1.029696,0.016367,0.019403,-0.006072,否,是,是,-0.003036,0.016367,0.006072,2025-06-29 16:58:29
2022-06-30,159993,1.046493,1.031729,0.014764,0.018475,-0.007423,否,是,是,-0.003711,0.014764,0.007423,2025-06-29 16:58:29
2022-07-01,159993,1.043939,1.032093,0.011846,0.017149,-0.010606,否,是,是,-0.005303,0.011846,0.010606,2025-06-29 16:58:29
2022-07-04,159993,1.043064,1.032971,0.010092,0.015738,-0.011291,否,是,是,-0.005646,0.010092,0.011291,2025-06-29 16:58:29
2022-07-05,159993,1.039049,1.032086,0.006964,0.013983,-0.014039,否,是,是,-0.007019,0.006964,0.014039,2025-06-29 16:58:29
2022-07-06,159993,1.033927,1.030298,0.003629,0.011912,-0.016567,否,是,是,-0.008283,0.003629,0.016567,2025-06-29 16:58:29
2022-07-07,159993,1.029277,1.028376,0.000901,0.00971,-0.017619,否,是,是,-0.008809,0.000901,0.017619,2025-06-29 16:58:29
2022-07-08,159993,1.022993,1.025334,-0.002341,0.0073,-0.019282,否,否,是,-0.009641,0.002341,0.019282,2025-06-29 16:58:29
2022-07-11,159993,1.015884,1.02152,-0.005636,0.004713,-0.020697,否,否,是,-0.010349,0.005636,0.020697,2025-06-29 16:58:29
2022-07-12,159993,1.010576,1.01824,-0.007664,0.002237,-0.019802,否,否,是,-0.009901,0.007664,0.019802,2025-06-29 16:58:29
2022-07-13,159993,1.006226,1.015213,-0.008987,-8e-06,-0.017959,否,否,否,-0.008979,0.008987,0.017959,2025-06-29 16:58:29
2022-07-14,159993,1.000842,1.011523,-0.01068,-0.002142,-0.017076,否,否,否,-0.008538,0.01068,0.017076,2025-06-29 16:58:29
2022-07-15,159993,0.991322,1.005576,-0.014254,-0.004564,-0.019379,否,否,否,-0.00969,0.014254,0.019379,2025-06-29 16:58:29
2022-07-18,159993,0.988139,1.002401,-0.014261,-0.006504,-0.015515,否,否,否,-0.007757,0.014261,0.015515,2025-06-29 16:58:29
2022-07-19,159993,0.987219,1.000356,-0.013137,-0.00783,-0.010613,否,否,否,-0.005307,0.013137,0.010613,2025-06-29 16:58:29
2022-07-20,159993,0.98606,0.998317,-0.012257,-0.008716,-0.007083,否,否,否,-0.003541,0.012257,0.007083,2025-06-29 16:58:29
2022-07-21,159993,0.983602,0.995726,-0.012124,-0.009397,-0.005453,否,否,否,-0.002727,0.012124,0.005453,2025-06-29 16:58:29
2022-07-22,159993,0.98169,0.993423,-0.011733,-0.009864,-0.003736,否,否,否,-0.001869,0.011733,0.003736,2025-06-29 16:58:29
2022-07-25,159993,0.977981,0.990265,-0.012283,-0.010348,-0.00387,否,否,否,-0.001935,0.012283,0.00387,2025-06-29 16:58:29
2022-07-26,159993,0.975986,0.987902,-0.011917,-0.010662,-0.002509,否,否,否,-0.001255,0.011917,0.002509,2025-06-29 16:58:29
2022-07-27,159993,0.973767,0.985469,-0.011702,-0.01087,-0.001664,否,否,否,-0.000832,0.011702,0.001664,2025-06-29 16:58:29
2022-07-28,159993,0.974041,0.984305,-0.010265,-0.010749,0.000968,是,否,否,0.000484,0.010265,0.000968,2025-06-29 16:58:29
2022-07-29,159993,0.972254,0.982271,-0.010018,-0.010603,0.00117,是,否,否,0.000585,0.010018,0.00117,2025-06-29 16:58:29
2022-08-01,159993,0.968642,0.979352,-0.010711,-0.010624,-0.000173,否,否,否,-8.7e-05,0.010711,0.000173,2025-06-29 16:58:29
2022-08-02,159993,0.959388,0.973535,-0.014147,-0.011329,-0.005637,否,否,否,-0.002818,0.014147,0.005637,2025-06-29 16:58:29
2022-08-03,159993,0.951302,0.96792,-0.016619,-0.012387,-0.008464,否,否,否,-0.004232,0.016619,0.008464,2025-06-29 16:58:29
2022-08-04,159993,0.94679,0.963818,-0.017028,-0.013315,-0.007426,否,否,否,-0.003713,0.017028,0.007426,2025-06-29 16:58:29
2022-08-05,159993,0.947948,0.962505,-0.014557,-0.013563,-0.001987,否,否,否,-0.000994,0.014557,0.001987,2025-06-29 16:58:29
2022-08-08,159993,0.949515,0.961671,-0.012156,-0.013282,0.002252,是,否,否,0.001126,0.012156,0.002252,2025-06-29 16:58:29
2022-08-09,159993,0.95029,0.960708,-0.010418,-0.012709,0.004582,是,否,否,0.002291,0.010418,0.004582,2025-06-29 16:58:29
2022-08-10,159993,0.950225,0.959518,-0.009293,-0.012026,0.005466,是,否,否,0.002733,0.009293,0.005466,2025-06-29 16:58:29
2022-08-11,159993,0.960397,0.963571,-0.003174,-0.010255,0.014163,是,否,否,0.007081,0.003174,0.014163,2025-06-29 16:58:29
2022-08-12,159993,0.968087,0.967064,0.001023,-0.008,0.018046,是,是,否,0.009023,0.001023,0.018046,2025-06-29 16:58:29
2022-08-15,159993,0.972068,0.969168,0.0029,-0.00582,0.01744,是,是,否,0.00872,0.0029,0.01744,2025-06-29 16:58:29
2022-08-16,159993,0.974719,0.970816,0.003904,-0.003875,0.015557,是,是,否,0.007779,0.003904,0.015557,2025-06-29 16:58:29
2022-08-17,159993,0.980559,0.974169,0.00639,-0.001822,0.016424,是,是,否,0.008212,0.00639,0.016424,2025-06-29 16:58:29
2022-08-18,159993,0.983102,0.976151,0.006951,-6.7e-05,0.014037,是,是,否,0.007018,0.006951,0.014037,2025-06-29 16:58:29
2022-08-19,159993,0.983968,0.977356,0.006612,0.001268,0.010687,是,是,是,0.005344,0.006612,0.010687,2025-06-29 16:58:29
2022-08-22,159993,0.983975,0.978094,0.005881,0.002191,0.00738,是,是,是,0.00369,0.005881,0.00738,2025-06-29 16:58:29
2022-08-23,159993,0.984425,0.978973,0.005452,0.002843,0.005218,是,是,是,0.002609,0.005452,0.005218,2025-06-29 16:58:29
2022-08-24,159993,0.981442,0.978087,0.003355,0.002946,0.000819,是,是,是,0.000409,0.003355,0.000819,2025-06-29 16:58:29
2022-08-25,159993,0.982899,0.979188,0.003711,0.003099,0.001224,是,是,是,0.000612,0.003711,0.001224,2025-06-29 16:58:29
2022-08-26,159993,0.98181,0.979056,0.002754,0.00303,-0.000551,否,是,是,-0.000276,0.002754,0.000551,2025-06-29 16:58:29
2022-08-29,159993,0.980297,0.978606,0.001691,0.002762,-0.002141,否,是,是,-0.001071,0.001691,0.002141,2025-06-29 16:58:29
2022-08-30,159993,0.979342,0.978316,0.001026,0.002415,-0.002778,否,是,是,-0.001389,0.001026,0.002778,2025-06-29 16:58:29
2022-08-31,159993,0.980155,0.978837,0.001318,0.002196,-0.001754,否,是,是,-0.000878,0.001318,0.001754,2025-06-29 16:58:29
2022-09-01,159993,0.978565,0.978188,0.000377,0.001832,-0.00291,否,是,是,-0.001455,0.000377,0.00291,2025-06-29 16:58:29
2022-09-02,159993,0.976662,0.977278,-0.000617,0.001342,-0.003917,否,否,是,-0.001959,0.000617,0.003917,2025-06-29 16:58:29
2022-09-05,159993,0.97607,0.976914,-0.000844,0.000905,-0.003498,否,否,是,-0.001749,0.000844,0.003498,2025-06-29 16:58:29
2022-09-06,159993,0.978499,0.978035,0.000464,0.000817,-0.000705,否,是,是,-0.000353,0.000464,0.000705,2025-06-29 16:58:29
2022-09-07,159993,0.979277,0.978475,0.000802,0.000814,-2.4e-05,否,是,是,-1.2e-05,0.000802,2.4e-05,2025-06-29 16:58:29
2022-09-08,159993,0.97966,0.978756,0.000904,0.000832,0.000144,是,是,是,7.2e-05,0.000904,0.000144,2025-06-29 16:58:29
2022-09-09,159993,0.983069,0.980561,0.002508,0.001167,0.002682,是,是,是,0.001341,0.002508,0.002682,2025-06-29 16:58:29
2022-09-13,159993,0.986387,0.982498,0.003888,0.001711,0.004354,是,是,是,0.002177,0.003888,0.004354,2025-06-29 16:58:29
2022-09-14,159993,0.986301,0.982887,0.003413,0.002052,0.002723,是,是,是,0.001361,0.003413,0.002723,2025-06-29 16:58:29
2022-09-15,159993,0.984901,0.982567,0.002334,0.002108,0.000452,是,是,是,0.000226,0.002334,0.000452,2025-06-29 16:58:29
2022-09-16,159993,0.971367,0.976059,-0.004692,0.000748,-0.01088,否,否,是,-0.00544,0.004692,0.01088,2025-06-29 16:58:29
2022-09-19,159993,0.958619,0.969164,-0.010545,-0.00151,-0.018069,否,否,否,-0.009035,0.010545,0.018069,2025-06-29 16:58:29
2022-09-20,159993,0.948704,0.963034,-0.014331,-0.004074,-0.020513,否,否,否,-0.010257,0.014331,0.020513,2025-06-29 16:58:29
2022-09-21,159993,0.940103,0.957142,-0.017039,-0.006667,-0.020743,否,否,否,-0.010372,0.017039,0.020743,2025-06-29 16:58:29
2022-09-22,159993,0.932524,0.951459,-0.018935,-0.009121,-0.019628,否,否,否,-0.009814,0.018935,0.019628,2025-06-29 16:58:29
2022-09-23,159993,0.927075,0.946631,-0.019556,-0.011208,-0.016696,否,否,否,-0.008348,0.019556,0.016696,2025-06-29 16:58:29
2022-09-26,159993,0.918614,0.940227,-0.021614,-0.013289,-0.016649,否,否,否,-0.008325,0.021614,0.016649,2025-06-29 16:58:29
2022-09-27,159993,0.913811,0.935424,-0.021614,-0.014954,-0.013319,否,否,否,-0.00666,0.021614,0.013319,2025-06-29 16:58:29
2022-09-28,159993,0.906519,0.929377,-0.022858,-0.016535,-0.012646,否,否,否,-0.006323,0.022858,0.012646,2025-06-29 16:58:29
2022-09-29,159993,0.898848,0.923002,-0.024153,-0.018058,-0.01219,否,否,否,-0.006095,0.024153,0.01219,2025-06-29 16:58:29
2022-09-30,159993,0.891993,0.91689,-0.024897,-0.019426,-0.010942,否,否,否,-0.005471,0.024897,0.010942,2025-06-29 16:58:29
2022-10-10,159993,0.884884,0.910569,-0.025686,-0.020678,-0.010015,否,否,否,-0.005008,0.025686,0.010015,2025-06-29 16:58:29
2022-10-11,159993,0.881132,0.905839,-0.024708,-0.021484,-0.006447,否,否,否,-0.003224,0.024708,0.006447,2025-06-29 16:58:29
2022-10-12,159993,0.881769,0.903413,-0.021644,-0.021516,-0.000255,否,否,否,-0.000128,0.021644,0.000255,2025-06-29 16:58:29
2022-10-13,159993,0.881376,0.900811,-0.019435,-0.0211,0.003329,是,否,否,0.001665,0.019435,0.003329,2025-06-29 16:58:29
2022-10-14,159993,0.884404,0.900166,-0.015762,-0.020032,0.00854,是,否,否,0.00427,0.015762,0.00854,2025-06-29 16:58:29
2022-10-17,159993,0.887425,0.899925,-0.0125,-0.018526,0.012052,是,否,否,0.006026,0.0125,0.012052,2025-06-29 16:58:29
2022-10-18,159993,0.889331,0.899489,-0.010158,-0.016852,0.013388,是,否,否,0.006694,0.010158,0.013388,2025-06-29 16:58:29
2022-10-19,159993,0.888368,0.897879,-0.009511,-0.015384,0.011746,是,否,否,0.005873,0.009511,0.011746,2025-06-29 16:58:29
2022-10-20,159993,0.888731,0.897004,-0.008273,-0.013962,0.011378,是,否,否,0.005689,0.008273,0.011378,2025-06-29 16:58:29
2022-10-21,159993,0.889457,0.896448,-0.00699,-0.012568,0.011154,是,否,否,0.005578,0.00699,0.011154,2025-06-29 16:58:29
2022-10-24,159993,0.885356,0.89362,-0.008264,-0.011707,0.006885,是,否,否,0.003443,0.008264,0.006885,2025-06-29 16:58:29
2022-10-25,159993,0.879499,0.889773,-0.010275,-0.01142,0.002292,是,否,否,0.001145,0.010275,0.002292,2025-06-29 16:58:29
2022-10-26,159993,0.87561,0.886687,-0.011077,-0.011352,0.000549,是,否,否,0.000275,0.011077,0.000549,2025-06-29 16:58:29
2022-10-27,159993,0.873919,0.884611,-0.010692,-0.01122,0.001056,是,否,否,0.000528,0.010692,0.001056,2025-06-29 16:58:29
2022-10-28,159993,0.868826,0.880877,-0.012051,-0.011386,-0.001329,否,否,否,-0.000665,0.012051,0.001329,2025-06-29 16:58:29
2022-10-31,159993,0.865531,0.87789,-0.012359,-0.011581,-0.001557,否,否,否,-0.000778,0.012359,0.001557,2025-06-29 16:58:29
2022-11-01,159993,0.868524,0.878014,-0.009489,-0.011162,0.003346,是,否,否,0.001673,0.009489,0.003346,2025-06-29 16:58:29
2022-11-02,159993,0.871519,0.878457,-0.006938,-0.010317,0.00676,是,否,否,0.003379,0.006938,0.00676,2025-06-29 16:58:29
2022-11-03,159993,0.872737,0.878295,-0.005558,-0.009365,0.007615,是,否,否,0.003807,0.005558,0.007615,2025-06-29 16:58:29
2022-11-04,159993,0.87924,0.880929,-0.001689,-0.00783,0.012283,是,否,否,0.006141,0.001689,0.012283,2025-06-29 16:58:29
2022-11-07,159993,0.884075,0.883159,0.000917,-0.006081,0.013995,是,是,否,0.006998,0.000917,0.013995,2025-06-29 16:58:29
2022-11-08,159993,0.886948,0.884697,0.002251,-0.004414,0.013331,是,是,否,0.006665,0.002251,0.013331,2025-06-29 16:58:29
2022-11-09,159993,0.888293,0.885619,0.002673,-0.002997,0.01134,是,是,否,0.00567,0.002673,0.01134,2025-06-29 16:58:29
2022-11-10,159993,0.890228,0.886884,0.003344,-0.001729,0.010145,是,是,否,0.005073,0.003344,0.010145,2025-06-29 16:58:29
2022-11-11,159993,0.89751,0.890897,0.006614,-6e-05,0.013348,是,是,否,0.006674,0.006614,0.013348,2025-06-29 16:58:29
2022-11-14,159993,0.90473,0.895242,0.009489,0.00185,0.015278,是,是,是,0.007639,0.009489,0.015278,2025-06-29 16:58:29
2022-11-15,159993,0.917679,0.90277,0.014909,0.004461,0.020895,是,是,是,0.010448,0.014909,0.020895,2025-06-29 16:58:29
2022-11-16,159993,0.923973,0.907574,0.016399,0.006849,0.0191,是,是,是,0.00955,0.016399,0.0191,2025-06-29 16:58:29
2022-11-17,159993,0.929534,0.912176,0.017358,0.008951,0.016814,是,是,是,0.008407,0.017358,0.016814,2025-06-29 16:58:29
2022-11-18,159993,0.931416,0.915046,0.01637,0.010435,0.011871,是,是,是,0.005935,0.01637,0.011871,2025-06-29 16:58:29
2022-11-21,159993,0.929323,0.915818,0.013505,0.011049,0.004912,是,是,是,0.002456,0.013505,0.004912,2025-06-29 16:58:29
2022-11-22,159993,0.928585,0.91695,0.011635,0.011166,0.000938,是,是,是,0.000469,0.011635,0.000938,2025-06-29 16:58:29
2022-11-23,159993,0.928455,0.918178,0.010277,0.010988,-0.001422,否,是,是,-0.000711,0.010277,0.001422,2025-06-29 16:58:29
2022-11-24,159993,0.927465,0.918824,0.00864,0.010519,-0.003756,否,是,是,-0.001879,0.00864,0.003756,2025-06-29 16:58:29
2022-11-25,159993,0.928695,0.9204,0.008295,0.010074,-0.003557,否,是,是,-0.001779,0.008295,0.003557,2025-06-29 16:58:29
2022-11-28,159993,0.925874,0.919911,0.005963,0.009252,-0.006577,否,是,是,-0.003289,0.005963,0.006577,2025-06-29 16:58:29
2022-11-29,159993,0.93168,0.923476,0.008203,0.009042,-0.001677,否,是,是,-0.000839,0.008203,0.001677,2025-06-29 16:58:29
2022-11-30,159993,0.935973,0.926534,0.009439,0.009121,0.000635,是,是,是,0.000318,0.009439,0.000635,2025-06-29 16:58:29
2022-12-01,159993,0.940646,0.929919,0.010726,0.009442,0.002568,是,是,是,0.001284,0.010726,0.002568,2025-06-29 16:58:29
2022-12-02,159993,0.943391,0.932484,0.010907,0.009735,0.002344,是,是,是,0.001172,0.010907,0.002344,2025-06-29 16:58:29
2022-12-05,159993,0.95286,0.93843,0.01443,0.010674,0.007511,是,是,是,0.003756,0.01443,0.007511,2025-06-29 16:58:29
2022-12-06,159993,0.95978,0.943493,0.016286,0.011797,0.008979,是,是,是,0.004489,0.016286,0.008979,2025-06-29 16:58:29
2022-12-07,159993,0.96294,0.946883,0.016057,0.012649,0.006816,是,是,是,0.003408,0.016057,0.006816,2025-06-29 16:58:29
2022-12-08,159993,0.964953,0.949674,0.015279,0.013175,0.004209,是,是,是,0.002104,0.015279,0.004209,2025-06-29 16:58:29
2022-12-09,159993,0.967852,0.952821,0.015031,0.013546,0.00297,是,是,是,0.001485,0.015031,0.00297,2025-06-29 16:58:29
2022-12-12,159993,0.965441,0.953286,0.012155,0.013268,-0.002225,否,是,是,-0.001113,0.012155,0.002225,2025-06-29 16:58:29
2022-12-13,159993,0.96401,0.95392,0.010089,0.012632,-0.005086,否,是,是,-0.002543,0.010089,0.005086,2025-06-29 16:58:29
2022-12-14,159993,0.964896,0.955485,0.009411,0.011988,-0.005153,否,是,是,-0.002577,0.009411,0.005153,2025-06-29 16:58:29
2022-12-15,159993,0.963364,0.955764,0.007599,0.01111,-0.007022,否,是,是,-0.003511,0.007599,0.007022,2025-06-29 16:58:29
2022-12-16,159993,0.961727,0.955791,0.005937,0.010076,-0.008277,否,是,是,-0.004139,0.005937,0.008277,2025-06-29 16:58:29
2022-12-19,159993,0.954899,0.953036,0.001863,0.008433,-0.01314,否,是,是,-0.00657,0.001863,0.01314,2025-06-29 16:58:29
2022-12-20,159993,0.948699,0.950143,-0.001444,0.006458,-0.015803,否,否,是,-0.007902,0.001444,0.015803,2025-06-29 16:58:29
2022-12-21,159993,0.943877,0.947572,-0.003694,0.004427,-0.016243,否,否,是,-0.008121,0.003694,0.016243,2025-06-29 16:58:29
2022-12-22,159993,0.939682,0.945064,-0.005381,0.002466,-0.015694,否,否,是,-0.007847,0.005381,0.015694,2025-06-29 16:58:29
2022-12-23,159993,0.936642,0.942946,-0.006304,0.000712,-0.014031,否,否,是,-0.007016,0.006304,0.014031,2025-06-29 16:58:29
2022-12-26,159993,0.934721,0.941285,-0.006564,-0.000743,-0.01164,否,否,否,-0.005821,0.006564,0.01164,2025-06-29 16:58:29
2022-12-27,159993,0.935894,0.941142,-0.005248,-0.001644,-0.007207,否,否,否,-0.003604,0.005248,0.007207,2025-06-29 16:58:29
2022-12-28,159993,0.935473,0.940349,-0.004875,-0.00229,-0.005169,否,否,否,-0.002585,0.004875,0.005169,2025-06-29 16:58:29
2022-12-29,159993,0.934702,0.939421,-0.004719,-0.002776,-0.003886,否,否,否,-0.001943,0.004719,0.003886,2025-06-29 16:58:29
2022-12-30,159993,0.934768,0.93893,-0.004162,-0.003053,-0.002217,否,否,否,-0.001109,0.004162,0.002217,2025-06-29 16:58:29
2023-01-03,159993,0.933264,0.937715,-0.004451,-0.003333,-0.002237,否,否,否,-0.001118,0.004451,0.002237,2025-06-29 16:58:29
2023-01-04,159993,0.932316,0.936747,-0.004431,-0.003552,-0.001756,否,否,否,-0.000879,0.004431,0.001756,2025-06-29 16:58:29
2023-01-05,159993,0.935802,0.937997,-0.002196,-0.003281,0.002171,是,否,否,0.001085,0.002196,0.002171,2025-06-29 16:58:29
2023-01-06,159993,0.938512,0.939109,-0.000596,-0.002744,0.004296,是,否,否,0.002148,0.000596,0.004296,2025-06-29 16:58:29
2023-01-09,159993,0.945954,0.942763,0.003191,-0.001557,0.009496,是,是,否,0.004748,0.003191,0.009496,2025-06-29 16:58:29
2023-01-10,159993,0.951964,0.946123,0.005841,-7.7e-05,0.011838,是,是,否,0.005918,0.005841,0.011838,2025-06-29 16:58:29
2023-01-11,159993,0.954861,0.94822,0.006641,0.001266,0.010749,是,是,是,0.005375,0.006641,0.010749,2025-06-29 16:58:29
2023-01-12,159993,0.959336,0.951196,0.008141,0.002641,0.010999,是,是,是,0.0055,0.008141,0.010999,2025-06-29 16:58:29
2023-01-13,159993,0.966817,0.955841,0.010976,0.004308,0.013337,是,是,是,0.006668,0.010976,0.013337,2025-06-29 16:58:29
2023-01-16,159993,0.980636,0.96397,0.016666,0.00678,0.019773,是,是,是,0.009886,0.016666,0.019773,2025-06-29 16:58:29
2023-01-17,159993,0.993161,0.972084,0.021077,0.009639,0.022876,是,是,是,0.011438,0.021077,0.022876,2025-06-29 16:58:29
2023-01-18,159993,1.00157,0.97863,0.022939,0.012299,0.02128,是,是,是,0.01064,0.022939,0.02128,2025-06-29 16:58:29
2023-01-19,159993,1.012776,0.986782,0.025994,0.015038,0.021912,是,是,是,0.010956,0.025994,0.021912,2025-06-29 16:58:29
2023-01-20,159993,1.021048,0.993807,0.027242,0.017479,0.019526,是,是,是,0.009763,0.027242,0.019526,2025-06-29 16:58:29
2023-01-30,159993,1.025482,0.99905,0.026432,0.019269,0.014325,是,是,是,0.007163,0.026432,0.014325,2025-06-29 16:58:29
2023-01-31,159993,1.02693,1.002711,0.024219,0.020259,0.007919,是,是,是,0.00396,0.024219,0.007919,2025-06-29 16:58:29
2023-02-01,159993,1.034279,1.009077,0.025202,0.021248,0.007909,是,是,是,0.003954,0.025202,0.007909,2025-06-29 16:58:29
2023-02-02,159993,1.034662,1.012068,0.022593,0.021517,0.002153,是,是,是,0.001076,0.022593,0.002153,2025-06-29 16:58:29
2023-02-03,159993,1.032959,1.013727,0.019232,0.02106,-0.003657,否,是,是,-0.001828,0.019232,0.003657,2025-06-29 16:58:29
2023-02-06,159993,1.02719,1.01298,0.01421,0.01969,-0.010959,否,是,是,-0.00548,0.01421,0.010959,2025-06-29 16:58:29
2023-02-07,159993,1.023593,1.01276,0.010833,0.017919,-0.014172,否,是,是,-0.007086,0.010833,0.014172,2025-06-29 16:58:29
2023-02-08,159993,1.018128,1.011231,0.006896,0.015714,-0.017635,否,是,是,-0.008818,0.006896,0.017635,2025-06-29 16:58:29
2023-02-09,159993,1.017433,1.01165,0.005783,0.013728,-0.01589,否,是,是,-0.007945,0.005783,0.01589,2025-06-29 16:58:29
2023-02-10,159993,1.014892,1.011022,0.00387,0.011756,-0.015773,否,是,是,-0.007886,0.00387,0.015773,2025-06-29 16:58:29
2023-02-13,159993,1.014027,1.01102,0.003007,0.010007,-0.013998,否,是,是,-0.007,0.003007,0.013998,2025-06-29 16:58:29
2023-02-14,159993,1.013354,1.011017,0.002337,0.008473,-0.012271,否,是,是,-0.006136,0.002337,0.012271,2025-06-29 16:58:29
2023-02-15,159993,1.010609,1.009904,0.000705,0.006919,-0.012429,否,是,是,-0.006214,0.000705,0.012429,2025-06-29 16:58:29
2023-02-16,159993,1.006696,1.008026,-0.00133,0.005269,-0.013199,否,否,是,-0.006599,0.00133,0.013199,2025-06-29 16:58:29
2023-02-17,159993,0.999875,1.004468,-0.004593,0.003297,-0.01578,否,否,是,-0.00789,0.004593,0.01578,2025-06-29 16:58:29
2023-02-20,159993,1.002791,1.005416,-0.002624,0.002112,-0.009474,否,否,是,-0.004736,0.002624,0.009474,2025-06-29 16:58:29
2023-02-21,159993,1.005727,1.006592,-0.000865,0.001517,-0.004764,否,否,是,-0.002382,0.000865,0.004764,2025-06-29 16:58:29
2023-02-22,159993,1.006454,1.006859,-0.000405,0.001133,-0.003076,否,否,是,-0.001538,0.000405,0.003076,2025-06-29 16:58:29
2023-02-23,159993,1.008131,1.007653,0.000478,0.001002,-0.001047,否,是,是,-0.000524,0.000478,0.001047,2025-06-29 16:58:29
2023-02-24,159993,1.004991,1.006136,-0.001145,0.000572,-0.003435,否,否,是,-0.001717,0.001145,0.003435,2025-06-29 16:58:29
2023-02-27,159993,1.000326,1.003676,-0.00335,-0.000212,-0.006276,否,否,否,-0.003138,0.00335,0.006276,2025-06-29 16:58:29
2023-02-28,159993,0.99892,1.002601,-0.003681,-0.000906,-0.00555,否,否,否,-0.002775,0.003681,0.00555,2025-06-29 16:58:29
2023-03-01,159993,1.000716,1.00309,-0.002374,-0.0012,-0.002349,否,否,否,-0.001174,0.002374,0.002349,2025-06-29 16:58:29
2023-03-02,159993,1.001668,1.003302,-0.001634,-0.001286,-0.000696,否,否,否,-0.000348,0.001634,0.000696,2025-06-29 16:58:29
2023-03-03,159993,1.004408,1.004491,-8.2e-05,-0.001046,0.001926,是,否,否,0.000964,8.2e-05,0.001926,2025-06-29 16:58:29
2023-03-06,159993,1.003206,1.003881,-0.000674,-0.000971,0.000594,是,否,否,0.000297,0.000674,0.000594,2025-06-29 16:58:29
2023-03-07,159993,0.998049,1.001227,-0.003178,-0.001413,-0.00353,否,否,否,-0.001765,0.003178,0.00353,2025-06-29 16:58:29
2023-03-08,159993,0.994038,0.998869,-0.00483,-0.002096,-0.005468,否,否,否,-0.002734,0.00483,0.005468,2025-06-29 16:58:29
2023-03-09,159993,0.989585,0.996105,-0.00652,-0.002981,-0.007078,否,否,否,-0.003539,0.00652,0.007078,2025-06-29 16:58:29
2023-03-10,159993,0.983455,0.992316,-0.008861,-0.004157,-0.009407,否,否,否,-0.004704,0.008861,0.009407,2025-06-29 16:58:29
2023-03-13,159993,0.979354,0.989281,-0.009927,-0.005311,-0.009232,否,否,否,-0.004616,0.009927,0.009232,2025-06-29 16:58:29
2023-03-14,159993,0.974164,0.985583,-0.011419,-0.006532,-0.009772,否,否,否,-0.004887,0.011419,0.009772,2025-06-29 16:58:29
2023-03-15,159993,0.971017,0.98274,-0.011724,-0.007571,-0.008306,否,否,否,-0.004153,0.011724,0.008306,2025-06-29 16:58:29
2023-03-16,159993,0.966569,0.979214,-0.012645,-0.008586,-0.008119,否,否,否,-0.004059,0.012645,0.008119,2025-06-29 16:58:29
2023-03-17,159993,0.966664,0.977857,-0.011192,-0.009107,-0.004171,否,否,否,-0.002085,0.011192,0.004171,2025-06-29 16:58:29
2023-03-20,159993,0.965406,0.975984,-0.010578,-0.009401,-0.002354,否,否,否,-0.001177,0.010578,0.002354,2025-06-29 16:58:29
2023-03-21,159993,0.965316,0.974763,-0.009448,-0.00941,-7.5e-05,否,否,否,-3.8e-05,0.009448,7.5e-05,2025-06-29 16:58:29
2023-03-22,159993,0.963912,0.973012,-0.0091,-0.009348,0.000497,是,否,否,0.000248,0.0091,0.000497,2025-06-29 16:58:29
2023-03-23,159993,0.965487,0.972788,-0.007301,-0.008939,0.003276,是,否,否,0.001638,0.007301,0.003276,2025-06-29 16:58:29
2023-03-24,159993,0.967601,0.973034,-0.005433,-0.008238,0.00561,是,否,否,0.002805,0.005433,0.00561,2025-06-29 16:58:29
2023-03-27,159993,0.96969,0.973475,-0.003785,-0.007347,0.007124,是,否,否,0.003562,0.003785,0.007124,2025-06-29 16:58:29
2023-03-28,159993,0.969536,0.972977,-0.003441,-0.006566,0.00625,是,否,否,0.003125,0.003441,0.00625,2025-06-29 16:58:29
2023-03-29,159993,0.967862,0.971758,-0.003896,-0.006032,0.004272,是,否,否,0.002136,0.003896,0.004272,2025-06-29 16:58:29
2023-03-30,159993,0.967448,0.971118,-0.00367,-0.00556,0.003779,是,否,否,0.00189,0.00367,0.003779,2025-06-29 16:58:29
2023-03-31,159993,0.967571,0.970772,-0.003201,-0.005088,0.003774,是,否,否,0.001887,0.003201,0.003774,2025-06-29 16:58:29
2023-04-03,159993,0.977888,0.975575,0.002314,-0.003608,0.011842,是,是,否,0.005922,0.002314,0.011842,2025-06-29 16:58:29
2023-04-04,159993,0.986802,0.980289,0.006513,-0.001583,0.016193,是,是,否,0.008096,0.006513,0.016193,2025-06-29 16:58:29
2023-04-06,159993,0.992179,0.983701,0.008478,0.000429,0.016099,是,是,是,0.008049,0.008478,0.016099,2025-06-29 16:58:29
2023-04-07,159993,0.999473,0.98829,0.011183,0.00258,0.017206,是,是,是,0.008603,0.011183,0.017206,2025-06-29 16:58:29
2023-04-10,159993,1.004034,0.991813,0.012221,0.004508,0.015426,是,是,是,0.007713,0.012221,0.015426,2025-06-29 16:58:29
2023-04-11,159993,1.010249,0.996278,0.013971,0.006401,0.01514,是,是,是,0.00757,0.013971,0.01514,2025-06-29 16:58:29
2023-04-12,159993,1.014638,1.000025,0.014613,0.008043,0.01314,是,是,是,0.00657,0.014613,0.01314,2025-06-29 16:58:29
2023-04-13,159993,1.014941,1.0018,0.013141,0.009063,0.008156,是,是,是,0.004078,0.013141,0.008156,2025-06-29 16:58:29
2023-04-14,159993,1.016065,1.003822,0.012243,0.009699,0.005088,是,是,是,0.002544,0.012243,0.005088,2025-06-29 16:58:29
2023-04-17,159993,1.023606,1.008953,0.014653,0.010689,0.007927,是,是,是,0.003964,0.014653,0.007927,2025-06-29 16:58:29
2023-04-18,159993,1.027916,1.012736,0.01518,0.011587,0.007184,是,是,是,0.003593,0.01518,0.007184,2025-06-29 16:58:29
2023-04-19,159993,1.027712,1.014321,0.013391,0.011948,0.002886,是,是,是,0.001443,0.013391,0.002886,2025-06-29 16:58:29
2023-04-20,159993,1.028665,1.016285,0.01238,0.012035,0.00069,是,是,是,0.000345,0.01238,0.00069,2025-06-29 16:58:29
2023-04-21,159993,1.020962,1.013809,0.007153,0.011058,-0.007811,否,是,是,-0.003905,0.007153,0.007811,2025-06-29 16:58:29
2023-04-24,159993,1.011193,1.009719,0.001473,0.009141,-0.015336,否,是,是,-0.007668,0.001473,0.015336,2025-06-29 16:58:29
2023-04-25,159993,1.004928,1.006751,-0.001823,0.006948,-0.017543,否,否,是,-0.008771,0.001823,0.017543,2025-06-29 16:58:29
2023-04-26,159993,0.998721,1.003445,-0.004724,0.004614,-0.018675,否,否,是,-0.009338,0.004724,0.018675,2025-06-29 16:58:29
2023-04-27,159993,0.995006,1.001062,-0.006057,0.00248,-0.017073,否,否,是,-0.008537,0.006057,0.017073,2025-06-29 16:58:29
2023-04-28,159993,0.995893,1.000833,-0.00494,0.000996,-0.011871,否,否,是,-0.005936,0.00494,0.011871,2025-06-29 16:58:29
2023-05-04,159993,0.998806,1.00174,-0.002935,0.00021,-0.006289,否,否,是,-0.003145,0.002935,0.006289,2025-06-29 16:58:29
2023-05-05,159993,1.005071,1.004547,0.000524,0.000273,0.000503,是,是,是,0.000251,0.000524,0.000503,2025-06-29 16:58:29
2023-05-08,159993,1.015055,1.009597,0.005458,0.00131,0.008296,是,是,是,0.004148,0.005458,0.008296,2025-06-29 16:58:29
2023-05-09,159993,1.024821,1.015087,0.009734,0.002995,0.013479,是,是,是,0.006739,0.009734,0.013479,2025-06-29 16:58:29
2023-05-10,159993,1.025305,1.01641,0.008895,0.004175,0.00944,是,是,是,0.00472,0.008895,0.00944,2025-06-29 16:58:29
2023-05-11,159993,1.025904,1.017698,0.008206,0.004981,0.00645,是,是,是,0.003225,0.008206,0.00645,2025-06-29 16:58:29
2023-05-12,159993,1.023036,1.017176,0.00586,0.005157,0.001407,是,是,是,0.000703,0.00586,0.001407,2025-06-29 16:58:29
2023-05-15,159993,1.024584,1.018601,0.005983,0.005322,0.001322,是,是,是,0.000661,0.005983,0.001322,2025-06-29 16:58:29
2023-05-16,159993,1.024232,1.01909,0.005142,0.005286,-0.000288,否,是,是,-0.000144,0.005142,0.000288,2025-06-29 16:58:29
2023-05-17,159993,1.022847,1.018969,0.003878,0.005005,-0.002252,否,是,是,-0.001127,0.003878,0.002252,2025-06-29 16:58:29
2023-05-18,159993,1.020881,1.018417,0.002464,0.004497,-0.004064,否,是,是,-0.002033,0.002464,0.004064,2025-06-29 16:58:29
2023-05-19,159993,1.015796,1.016148,-0.000352,0.003527,-0.007757,否,否,是,-0.003879,0.000352,0.007757,2025-06-29 16:58:29
2023-05-22,159993,1.011619,1.01402,-0.002401,0.002341,-0.009485,否,否,是,-0.004742,0.002401,0.009485,2025-06-29 16:58:29
2023-05-23,159993,1.00526,1.010574,-0.005314,0.00081,-0.012249,否,否,是,-0.006124,0.005314,0.012249,2025-06-29 16:58:29
2023-05-24,159993,0.99698,1.005843,-0.008864,-0.001125,-0.015478,否,否,否,-0.007739,0.008864,0.015478,2025-06-29 16:58:29
2023-05-25,159993,0.99054,1.001639,-0.011099,-0.003119,-0.015959,否,否,否,-0.00798,0.011099,0.015959,2025-06-29 16:58:29
2023-05-26,159993,0.985975,0.998123,-0.012148,-0.004925,-0.014445,否,否,否,-0.007223,0.012148,0.014445,2025-06-29 16:58:29
2023-05-29,159993,0.98087,0.994221,-0.013351,-0.00661,-0.013481,否,否,否,-0.006741,0.013351,0.013481,2025-06-29 16:58:29
2023-05-30,159993,0.977121,0.990863,-0.013742,-0.008037,-0.011411,否,否,否,-0.005705,0.013742,0.011411,2025-06-29 16:58:29
2023-05-31,159993,0.972205,0.986878,-0.014673,-0.009364,-0.010618,否,否,否,-0.005309,0.014673,0.010618,2025-06-29 16:58:29
2023-06-01,159993,0.969937,0.984114,-0.014176,-0.010326,-0.0077,否,否,否,-0.00385,0.014176,0.0077,2025-06-29 16:58:29
2023-06-02,159993,0.969507,0.982323,-0.012817,-0.010824,-0.003984,否,否,否,-0.001993,0.012817,0.003984,2025-06-29 16:58:29
2023-06-05,159993,0.967839,0.980065,-0.012227,-0.011105,-0.002243,否,否,否,-0.001122,0.012227,0.002243,2025-06-29 16:58:29
2023-06-06,159993,0.963652,0.976614,-0.012961,-0.011476,-0.00297,否,否,否,-0.001485,0.012961,0.00297,2025-06-29 16:58:29
2023-06-07,159993,0.961063,0.973879,-0.012816,-0.011744,-0.002144,否,否,否,-0.001072,0.012816,0.002144,2025-06-29 16:58:29
2023-06-08,159993,0.961716,0.972781,-0.011065,-0.011608,0.001086,是,否,否,0.000543,0.011065,0.001086,2025-06-29 16:58:29
2023-06-09,159993,0.961557,0.971472,-0.009915,-0.01127,0.002709,是,否,否,0.001355,0.009915,0.002709,2025-06-29 16:58:29
2023-06-12,159993,0.959211,0.969197,-0.009987,-0.011013,0.002053,是,否,否,0.001026,0.009987,0.002053,2025-06-29 16:58:29
2023-06-13,159993,0.958497,0.967731,-0.009234,-0.010657,0.002847,是,否,否,0.001423,0.009234,0.002847,2025-06-29 16:58:29
2023-06-14,159993,0.958609,0.966761,-0.008152,-0.010156,0.004009,是,否,否,0.002004,0.008152,0.004009,2025-06-29 16:58:29
2023-06-15,159993,0.961362,0.967232,-0.005869,-0.009299,0.006859,是,否,否,0.00343,0.005869,0.006859,2025-06-29 16:58:29
2023-06-16,159993,0.964837,0.968317,-0.00348,-0.008135,0.009311,是,否,否,0.004655,0.00348,0.009311,2025-06-29 16:58:29
2023-06-19,159993,0.96554,0.968282,-0.002742,-0.007056,0.008629,是,否,否,0.004314,0.002742,0.008629,2025-06-29 16:58:29
2023-06-20,159993,0.96542,0.967917,-0.002497,-0.006145,0.007295,是,否,否,0.003648,0.002497,0.007295,2025-06-29 16:58:29
2023-06-21,159993,0.961327,0.965593,-0.004266,-0.005769,0.003005,是,否,否,0.001503,0.004266,0.003005,2025-06-29 16:58:29
2023-06-26,159993,0.953921,0.961416,-0.007495,-0.006114,-0.002762,否,否,否,-0.001381,0.007495,0.002762,2025-06-29 16:58:29
2023-06-27,159993,0.949716,0.958481,-0.008765,-0.006644,-0.004241,否,否,否,-0.002121,0.008765,0.004241,2025-06-29 16:58:29
2023-06-28,159993,0.946224,0.955761,-0.009537,-0.007223,-0.004629,否,否,否,-0.002314,0.009537,0.004629,2025-06-29 16:58:29
2023-06-29,159993,0.943285,0.953232,-0.009947,-0.007768,-0.004358,否,否,否,-0.002179,0.009947,0.004358,2025-06-29 16:58:29
2023-06-30,159993,0.944111,0.952539,-0.008429,-0.0079,-0.001058,否,否,否,-0.000529,0.008429,0.001058,2025-06-29 16:58:29
2023-07-03,159993,0.948086,0.953591,-0.005505,-0.007421,0.003832,是,否,否,0.001916,0.005505,0.003832,2025-06-29 16:58:29
2023-07-04,159993,0.951178,0.954525,-0.003347,-0.006606,0.006518,是,否,否,0.003259,0.003347,0.006518,2025-06-29 16:58:29
2023-07-05,159993,0.952027,0.954578,-0.00255,-0.005795,0.006489,是,否,否,0.003245,0.00255,0.006489,2025-06-29 16:58:29
2023-07-06,159993,0.951799,0.95418,-0.002381,-0.005112,0.005462,是,否,否,0.002731,0.002381,0.005462,2025-06-29 16:58:29
2023-07-07,159993,0.953621,0.954827,-0.001205,-0.004331,0.006251,是,否,否,0.003126,0.001205,0.006251,2025-06-29 16:58:29
2023-07-10,159993,0.955261,0.955513,-0.000252,-0.003515,0.006527,是,否,否,0.003263,0.000252,0.006527,2025-06-29 16:58:29
2023-07-11,159993,0.957648,0.956678,0.00097,-0.002618,0.007175,是,是,否,0.003588,0.00097,0.007175,2025-06-29 16:58:29
2023-07-12,159993,0.957281,0.956603,0.000679,-0.001959,0.005275,是,是,否,0.002638,0.000679,0.005275,2025-06-29 16:58:29
2023-07-13,159993,0.960774,0.958425,0.00235,-0.001097,0.006894,是,是,否,0.003447,0.00235,0.006894,2025-06-29 16:58:29
2023-07-14,159993,0.962602,0.9596,0.003003,-0.000277,0.00656,是,是,否,0.00328,0.003003,0.00656,2025-06-29 16:58:29
2023-07-17,159993,0.963135,0.9602,0.002935,0.000365,0.00514,是,是,是,0.00257,0.002935,0.00514,2025-06-29 16:58:29
2023-07-18,159993,0.963994,0.960955,0.003039,0.0009,0.004277,是,是,是,0.002139,0.003039,0.004277,2025-06-29 16:58:29
2023-07-19,159993,0.965995,0.962294,0.003702,0.00146,0.004483,是,是,是,0.002242,0.003702,0.004483,2025-06-29 16:58:29
2023-07-20,159993,0.965552,0.962483,0.003069,0.001782,0.002573,是,是,是,0.001287,0.003069,0.002573,2025-06-29 16:58:29
2023-07-21,159993,0.965874,0.962985,0.002889,0.002003,0.001771,是,是,是,0.000886,0.002889,0.001771,2025-06-29 16:58:29
2023-07-24,159993,0.965235,0.962987,0.002248,0.002052,0.000392,是,是,是,0.000196,0.002248,0.000392,2025-06-29 16:58:29
2023-07-25,159993,0.97585,0.968544,0.007306,0.003103,0.008405,是,是,是,0.004203,0.007306,0.008405,2025-06-29 16:58:29
2023-07-26,159993,0.983439,0.97315,0.010289,0.00454,0.011497,是,是,是,0.005749,0.010289,0.011497,2025-06-29 16:58:29
2023-07-27,159993,0.987563,0.976356,0.011208,0.005874,0.010668,是,是,是,0.005334,0.011208,0.010668,2025-06-29 16:58:29
2023-07-28,159993,1.00766,0.987649,0.020011,0.008701,0.02262,是,是,是,0.01131,0.020011,0.02262,2025-06-29 16:58:29
2023-07-31,159993,1.022847,0.997466,0.025381,0.012037,0.026687,是,是,是,0.013344,0.025381,0.026687,2025-06-29 16:58:29
2023-08-01,159993,1.032659,1.005192,0.027467,0.015123,0.024687,是,是,是,0.012344,0.027467,0.024687,2025-06-29 16:58:29
2023-08-02,159993,1.041623,1.012726,0.028897,0.017878,0.022039,是,是,是,0.011019,0.028897,0.022039,2025-06-29 16:58:29
2023-08-03,159993,1.055929,1.02309,0.032839,0.02087,0.023938,是,是,是,0.011969,0.032839,0.023938,2025-06-29 16:58:29
2023-08-04,159993,1.070389,1.033969,0.036421,0.02398,0.024881,是,是,是,0.012441,0.036421,0.024881,2025-06-29 16:58:29
2023-08-07,159993,1.080525,1.043084,0.037442,0.026672,0.021538,是,是,是,0.01077,0.037442,0.021538,2025-06-29 16:58:29
2023-08-08,159993,1.088631,1.051296,0.037334,0.028805,0.017059,是,是,是,0.008529,0.037334,0.017059,2025-06-29 16:58:29
2023-08-09,159993,1.093824,1.058041,0.035783,0.0302,0.011164,是,是,是,0.005583,0.035783,0.011164,2025-06-29 16:58:29
2023-08-10,159993,1.101863,1.066037,0.035826,0.031326,0.009001,是,是,是,0.0045,0.035826,0.009001,2025-06-29 16:58:29
2023-08-11,159993,1.098338,1.068255,0.030083,0.031077,-0.001988,否,是,是,-0.000994,0.030083,0.001988,2025-06-29 16:58:29
2023-08-14,159993,1.093374,1.069115,0.024259,0.029713,-0.01091,否,是,是,-0.005454,0.024259,0.01091,2025-06-29 16:58:29
2023-08-15,159993,1.093291,1.071769,0.021522,0.028075,-0.013107,否,是,是,-0.006553,0.021522,0.013107,2025-06-29 16:58:29
2023-08-16,159993,1.093893,1.074462,0.019431,0.026346,-0.01383,否,是,是,-0.006915,0.019431,0.01383,2025-06-29 16:58:29
2023-08-17,159993,1.093028,1.076188,0.01684,0.024445,-0.01521,否,是,是,-0.007605,0.01684,0.01521,2025-06-29 16:58:29
2023-08-18,159993,1.089688,1.076389,0.013299,0.022216,-0.017834,否,是,是,-0.008917,0.013299,0.017834,2025-06-29 16:58:29
2023-08-21,159993,1.078424,1.072235,0.006189,0.01901,-0.025642,否,是,是,-0.012821,0.006189,0.025642,2025-06-29 16:58:29
2023-08-22,159993,1.073219,1.07032,0.002899,0.015788,-0.025779,否,是,是,-0.012889,0.002899,0.025779,2025-06-29 16:58:29
2023-08-23,159993,1.064726,1.066396,-0.00167,0.012297,-0.027933,否,否,是,-0.013967,0.00167,0.027933,2025-06-29 16:58:29
2023-08-24,159993,1.061009,1.064352,-0.003343,0.009169,-0.025023,否,否,是,-0.012512,0.003343,0.025023,2025-06-29 16:58:29
2023-08-25,159993,1.059674,1.063313,-0.003639,0.006607,-0.020492,否,否,是,-0.010246,0.003639,0.020492,2025-06-29 16:58:29
2023-08-28,159993,1.063746,1.064944,-0.001198,0.005046,-0.012489,否,否,是,-0.006244,0.001198,0.012489,2025-06-29 16:58:29
2023-08-29,159993,1.065358,1.065617,-0.000259,0.003985,-0.008488,否,否,是,-0.004244,0.000259,0.008488,2025-06-29 16:58:29
2023-08-30,159993,1.061056,1.063438,-0.002381,0.002712,-0.010186,否,否,是,-0.005093,0.002381,0.010186,2025-06-29 16:58:29
2023-08-31,159993,1.052822,1.059056,-0.006234,0.000923,-0.014313,否,否,是,-0.007157,0.006234,0.014313,2025-06-29 16:58:29
2023-09-01,159993,1.047972,1.055938,-0.007966,-0.000855,-0.014222,否,否,否,-0.007111,0.007966,0.014222,2025-06-29 16:58:29
2023-09-04,159993,1.045978,1.054056,-0.008078,-0.0023,-0.011556,否,否,否,-0.005778,0.008078,0.011556,2025-06-29 16:58:29
2023-09-05,159993,1.041983,1.051161,-0.009178,-0.003675,-0.011005,否,否,否,-0.005503,0.009178,0.011005,2025-06-29 16:58:29
2023-09-06,159993,1.037987,1.048143,-0.010156,-0.004972,-0.01037,否,否,否,-0.005184,0.010156,0.01037,2025-06-29 16:58:29
2023-09-07,159993,1.032879,1.044461,-0.011582,-0.006294,-0.010577,否,否,否,-0.005288,0.011582,0.010577,2025-06-29 16:58:29
2023-09-08,159993,1.030906,1.042187,-0.011282,-0.007291,-0.007981,否,否,否,-0.003991,0.011282,0.007981,2025-06-29 16:58:29
2023-09-11,159993,1.032482,1.041722,-0.00924,-0.007681,-0.003118,否,否,否,-0.001559,0.00924,0.003118,2025-06-29 16:58:29
2023-09-12,159993,1.031486,1.040197,-0.008711,-0.007887,-0.001648,否,否,否,-0.000824,0.008711,0.001648,2025-06-29 16:58:29
2023-09-13,159993,1.028045,1.037509,-0.009464,-0.008202,-0.002523,否,否,否,-0.001262,0.009464,0.002523,2025-06-29 16:58:29
2023-09-14,159993,1.026257,1.035563,-0.009306,-0.008423,-0.001766,否,否,否,-0.000883,0.009306,0.001766,2025-06-29 16:58:29
2023-09-15,159993,1.023755,1.033279,-0.009523,-0.008643,-0.00176,否,否,否,-0.00088,0.009523,0.00176,2025-06-29 16:58:29
2023-09-18,159993,1.021588,1.031136,-0.009549,-0.008824,-0.001449,否,否,否,-0.000725,0.009549,0.001449,2025-06-29 16:58:29
2023-09-19,159993,1.019457,1.02901,-0.009553,-0.00897,-0.001166,否,否,否,-0.000583,0.009553,0.001166,2025-06-29 16:58:29
2023-09-20,159993,1.017578,1.027009,-0.009431,-0.009062,-0.000738,否,否,否,-0.000369,0.009431,0.000738,2025-06-29 16:58:29
2023-09-21,159993,1.014116,1.02423,-0.010114,-0.009273,-0.001683,否,否,否,-0.000841,0.010114,0.001683,2025-06-29 16:58:29
2023-09-22,159993,1.017646,1.024871,-0.007226,-0.008863,0.003275,是,否,否,0.001637,0.007226,0.003275,2025-06-29 16:58:29
2023-09-25,159993,1.016391,1.023441,-0.00705,-0.008501,0.002901,是,否,否,0.001451,0.00705,0.002901,2025-06-29 16:58:29
2023-09-26,159993,1.015193,1.022059,-0.006866,-0.008174,0.002616,是,否,否,0.001308,0.006866,0.002616,2025-06-29 16:58:29
2023-09-27,159993,1.014706,1.021052,-0.006347,-0.007808,0.002923,是,否,否,0.001461,0.006347,0.002923,2025-06-29 16:58:29
2023-09-28,159993,1.012549,1.019269,-0.00672,-0.007591,0.001742,是,否,否,0.000871,0.00672,0.001742,2025-06-29 16:58:29
2023-10-09,159993,1.009316,1.016906,-0.00759,-0.00759,1e-06,否,否,否,0.0,0.00759,1e-06,2025-06-29 16:58:29
2023-10-10,159993,1.006357,1.014583,-0.008226,-0.007717,-0.001017,否,否,否,-0.000509,0.008226,0.001017,2025-06-29 16:58:29
2023-10-11,159993,1.002722,1.011851,-0.009129,-0.008,-0.002259,否,否,否,-0.001129,0.009129,0.002259,2025-06-29 16:58:29
2023-10-12,159993,1.001895,1.010423,-0.008529,-0.008106,-0.000846,否,否,否,-0.000423,0.008529,0.000846,2025-06-29 16:58:29
2023-10-13,159993,0.999252,1.008154,-0.008903,-0.008265,-0.001275,否,否,否,-0.000638,0.008903,0.001275,2025-06-29 16:58:29
2023-10-16,159993,0.996529,1.005804,-0.009275,-0.008467,-0.001615,否,否,否,-0.000808,0.009275,0.001615,2025-06-29 16:58:29
2023-10-17,159993,0.997078,1.005048,-0.00797,-0.008367,0.000796,是,否,否,0.000397,0.00797,0.000796,2025-06-29 16:58:29
2023-10-18,159993,0.996616,1.003931,-0.007315,-0.008157,0.001684,是,否,否,0.000842,0.007315,0.001684,2025-06-29 16:58:29
2023-10-19,159993,0.994702,1.002161,-0.00746,-0.008017,0.001116,是,否,否,0.000557,0.00746,0.001116,2025-06-29 16:58:29
2023-10-20,159993,0.99299,1.000477,-0.007486,-0.007911,0.00085,是,否,否,0.000425,0.007486,0.00085,2025-06-29 16:58:29
2023-10-23,159993,0.987659,0.996979,-0.00932,-0.008193,-0.002254,否,否,否,-0.001127,0.00932,0.002254,2025-06-29 16:58:29
2023-10-24,159993,0.988846,0.996537,-0.007691,-0.008093,0.000803,是,否,否,0.000402,0.007691,0.000803,2025-06-29 16:58:29
2023-10-25,159993,0.989991,0.996255,-0.006264,-0.007727,0.002926,是,否,否,0.001463,0.006264,0.002926,2025-06-29 16:58:29
2023-10-26,159993,0.99066,0.995893,-0.005234,-0.007228,0.003989,是,否,否,0.001994,0.005234,0.003989,2025-06-29 16:58:29
2023-10-27,159993,0.992958,0.996461,-0.003503,-0.006483,0.00596,是,否,否,0.00298,0.003503,0.00596,2025-06-29 16:58:29
2023-10-30,159993,0.993634,0.99641,-0.002776,-0.005742,0.005932,是,否,否,0.002966,0.002776,0.005932,2025-06-29 16:58:29
2023-10-31,159993,0.994826,0.996697,-0.001871,-0.004968,0.006193,是,否,否,0.003097,0.001871,0.006193,2025-06-29 16:58:29
2023-11-01,159993,0.995087,0.99662,-0.001533,-0.004281,0.005496,是,否,否,0.002748,0.001533,0.005496,2025-06-29 16:58:29
2023-11-02,159993,0.994623,0.996218,-0.001594,-0.003743,0.004298,是,否,否,0.002149,0.001594,0.004298,2025-06-29 16:58:29
2023-11-03,159993,0.996263,0.99686,-0.000598,-0.003114,0.005033,是,否,否,0.002516,0.000598,0.005033,2025-06-29 16:58:29
2023-11-06,159993,1.004649,1.000987,0.003662,-0.001759,0.010842,是,是,否,0.005421,0.003662,0.010842,2025-06-29 16:58:29
2023-11-07,159993,1.011616,1.004877,0.006738,-6e-05,0.013596,是,是,否,0.006798,0.006738,0.013596,2025-06-29 16:58:29
2023-11-08,159993,1.014812,1.007224,0.007588,0.00147,0.012236,是,是,是,0.006118,0.007588,0.012236,2025-06-29 16:58:29
2023-11-09,159993,1.015743,1.008533,0.00721,0.002618,0.009184,是,是,是,0.004592,0.00721,0.009184,2025-06-29 16:58:29
2023-11-10,159993,1.017578,1.010251,0.007327,0.00356,0.007534,是,是,是,0.003767,0.007327,0.007534,2025-06-29 16:58:29
2023-11-13,159993,1.017894,1.011223,0.00667,0.004182,0.004977,是,是,是,0.002488,0.00667,0.004977,2025-06-29 16:58:29
2023-11-14,159993,1.020362,1.013198,0.007163,0.004778,0.00477,是,是,是,0.002385,0.007163,0.00477,2025-06-29 16:58:29
2023-11-15,159993,1.021837,1.014732,0.007105,0.005244,0.003723,是,是,是,0.001861,0.007105,0.003723,2025-06-29 16:58:29
2023-11-16,159993,1.020984,1.015095,0.005889,0.005373,0.001033,是,是,是,0.000516,0.005889,0.001033,2025-06-29 16:58:29
2023-11-17,159993,1.020988,1.015751,0.005237,0.005345,-0.000218,否,是,是,-0.000108,0.005237,0.000218,2025-06-29 16:58:29
2023-11-20,159993,1.020546,1.016112,0.004434,0.005163,-0.001458,否,是,是,-0.000729,0.004434,0.001458,2025-06-29 16:58:29
2023-11-21,159993,1.020425,1.016544,0.003881,0.004907,-0.002052,否,是,是,-0.001026,0.003881,0.002052,2025-06-29 16:58:29
2023-11-22,159993,1.017886,1.015706,0.00218,0.004361,-0.004363,否,是,是,-0.002181,0.00218,0.004363,2025-06-29 16:58:29
2023-11-23,159993,1.016356,1.015183,0.001173,0.003724,-0.005102,否,是,是,-0.002551,0.001173,0.005102,2025-06-29 16:58:29
2023-11-24,159993,1.012943,1.013607,-0.000664,0.002846,-0.00702,否,否,是,-0.00351,0.000664,0.00702,2025-06-29 16:58:29
2023-11-27,159993,1.008511,1.011317,-0.002806,0.001716,-0.009043,否,否,是,-0.004522,0.002806,0.009043,2025-06-29 16:58:29
2023-11-28,159993,1.004842,1.009171,-0.004329,0.000507,-0.009671,否,否,是,-0.004836,0.004329,0.009671,2025-06-29 16:58:29
2023-11-29,159993,0.999544,1.006041,-0.006497,-0.000894,-0.011206,否,否,否,-0.005603,0.006497,0.011206,2025-06-29 16:58:29
2023-11-30,159993,0.996312,1.003703,-0.007391,-0.002193,-0.010395,否,否,否,-0.005198,0.007391,0.010395,2025-06-29 16:58:29
2023-12-01,159993,0.994687,1.002069,-0.007382,-0.003231,-0.008302,否,否,否,-0.004151,0.007382,0.008302,2025-06-29 16:58:29
2023-12-04,159993,0.992979,1.000395,-0.007416,-0.004068,-0.006696,否,否,否,-0.003348,0.007416,0.006696,2025-06-29 16:58:29
2023-12-05,159993,0.988317,0.99724,-0.008923,-0.005039,-0.007768,否,否,否,-0.003884,0.008923,0.007768,2025-06-29 16:58:29
2023-12-06,159993,0.984024,0.994102,-0.010078,-0.006047,-0.008062,否,否,否,-0.004031,0.010078,0.008062,2025-06-29 16:58:29
2023-12-07,159993,0.981352,0.991646,-0.010294,-0.006896,-0.006796,否,否,否,-0.003398,0.010294,0.006796,2025-06-29 16:58:29
2023-12-08,159993,0.978607,0.98913,-0.010523,-0.007622,-0.005802,否,否,否,-0.002901,0.010523,0.005802,2025-06-29 16:58:29
2023-12-11,159993,0.979139,0.988227,-0.009088,-0.007915,-0.002346,否,否,否,-0.001173,0.009088,0.002346,2025-06-29 16:58:29
2023-12-12,159993,0.979108,0.987202,-0.008094,-0.007951,-0.000286,否,否,否,-0.000143,0.008094,0.000286,2025-06-29 16:58:29
2023-12-13,159993,0.976195,0.984846,-0.008651,-0.008091,-0.00112,否,否,否,-0.00056,0.008651,0.00112,2025-06-29 16:58:29
2023-12-14,159993,0.973485,0.98253,-0.009045,-0.008281,-0.001526,否,否,否,-0.000764,0.009045,0.001526,2025-06-29 16:58:29
2023-12-15,159993,0.971155,0.98036,-0.009205,-0.008466,-0.001477,否,否,否,-0.000739,0.009205,0.001477,2025-06-29 16:58:29
2023-12-18,159993,0.968454,0.977986,-0.009532,-0.008679,-0.001706,否,否,否,-0.000853,0.009532,0.001706,2025-06-29 16:58:29
2023-12-19,159993,0.965464,0.975432,-0.009968,-0.008937,-0.002062,否,否,否,-0.001031,0.009968,0.002062,2025-06-29 16:58:29
2023-12-20,159993,0.958472,0.970829,-0.012357,-0.009621,-0.005471,否,否,否,-0.002736,0.012357,0.005471,2025-06-29 16:58:29
2023-12-21,159993,0.953923,0.967181,-0.013258,-0.010348,-0.00582,否,否,否,-0.00291,0.013258,0.00582,2025-06-29 16:58:29
2023-12-22,159993,0.949718,0.963605,-0.013888,-0.011056,-0.005663,否,否,否,-0.002832,0.013888,0.005663,2025-06-29 16:58:29
2023-12-25,159993,0.945336,0.959872,-0.014535,-0.011752,-0.005567,否,否,否,-0.002783,0.014535,0.005567,2025-06-29 16:58:29
2023-12-26,159993,0.939484,0.95533,-0.015847,-0.012571,-0.006551,否,否,否,-0.003276,0.015847,0.006551,2025-06-29 16:58:29
2023-12-27,159993,0.935821,0.951738,-0.015917,-0.01324,-0.005354,否,否,否,-0.002677,0.015917,0.005354,2025-06-29 16:58:29
2023-12-28,159993,0.937638,0.950878,-0.01324,-0.01324,1e-06,否,否,否,0.0,0.01324,1e-06,2025-06-29 16:58:29
2023-12-29,159993,0.939052,0.950114,-0.011062,-0.012805,0.003485,是,否,否,0.001743,0.011062,0.003485,2025-06-29 16:58:29
2024-01-02,159993,0.937707,0.948212,-0.010505,-0.012345,0.003679,是,否,否,0.00184,0.010505,0.003679,2025-06-29 16:58:29
2024-01-03,159993,0.936883,0.946633,-0.00975,-0.011826,0.004152,是,否,否,0.002076,0.00975,0.004152,2025-06-29 16:58:29
2024-01-04,159993,0.934465,0.944341,-0.009876,-0.011436,0.00312,是,否,否,0.00156,0.009876,0.00312,2025-06-29 16:58:29
2024-01-05,159993,0.931028,0.941525,-0.010497,-0.011248,0.001502,是,否,否,0.000751,0.010497,0.001502,2025-06-29 16:58:29
2024-01-08,159993,0.925244,0.937467,-0.012223,-0.011443,-0.001559,否,否,否,-0.00078,0.012223,0.001559,2025-06-29 16:58:29
2024-01-09,159993,0.919857,0.933415,-0.013558,-0.011866,-0.003385,否,否,否,-0.001692,0.013558,0.003385,2025-06-29 16:58:29
2024-01-10,159993,0.914333,0.929147,-0.014814,-0.012456,-0.004716,否,否,否,-0.002358,0.014814,0.004716,2025-06-29 16:58:29
2024-01-11,159993,0.911814,0.926241,-0.014427,-0.01285,-0.003154,否,否,否,-0.001577,0.014427,0.003154,2025-06-29 16:58:29
2024-01-12,159993,0.9083,0.922881,-0.014581,-0.013196,-0.00277,否,否,否,-0.001385,0.014581,0.00277,2025-06-29 16:58:29
2024-01-15,159993,0.905345,0.919783,-0.014439,-0.013445,-0.001988,否,否,否,-0.000994,0.014439,0.001988,2025-06-29 16:58:29
2024-01-16,159993,0.903935,0.917474,-0.013539,-0.013464,-0.000152,否,否,否,-7.5e-05,0.013539,0.000152,2025-06-29 16:58:29
2024-01-17,159993,0.899949,0.913977,-0.014028,-0.013576,-0.000903,否,否,否,-0.000452,0.014028,0.000903,2025-06-29 16:58:29
2024-01-18,159993,0.898849,0.911868,-0.013019,-0.013465,0.000892,是,否,否,0.000446,0.013019,0.000892,2025-06-29 16:58:29
2024-01-19,159993,0.896661,0.909327,-0.012667,-0.013305,0.001277,是,否,否,0.000638,0.012667,0.001277,2025-06-29 16:58:29
2024-01-22,159993,0.890514,0.904847,-0.014333,-0.013511,-0.001644,否,否,否,-0.000822,0.014333,0.001644,2025-06-29 16:58:29
2024-01-23,159993,0.889289,0.902641,-0.013353,-0.013479,0.000253,是,否,否,0.000126,0.013353,0.000253,2025-06-29 16:58:29
2024-01-24,159993,0.896558,0.904792,-0.008235,-0.01243,0.008391,是,否,否,0.004195,0.008235,0.008391,2025-06-29 16:58:29
2024-01-25,159993,0.904656,0.907927,-0.003271,-0.010598,0.014656,是,否,否,0.007327,0.003271,0.014656,2025-06-29 16:58:29
2024-01-26,159993,0.910955,0.910713,0.000242,-0.00843,0.017345,是,是,否,0.008672,0.000242,0.017345,2025-06-29 16:58:29
2024-01-29,159993,0.912965,0.911744,0.00122,-0.0065,0.015441,是,是,否,0.00772,0.00122,0.015441,2025-06-29 16:58:29
2024-01-30,159993,0.911639,0.911217,0.000422,-0.005116,0.011075,是,是,否,0.005538,0.000422,0.011075,2025-06-29 16:58:29
2024-01-31,159993,0.909497,0.910193,-0.000696,-0.004232,0.007072,是,否,否,0.003536,0.000696,0.007072,2025-06-29 16:58:29
2024-02-01,159993,0.907609,0.909172,-0.001563,-0.003698,0.00427,是,否,否,0.002135,0.001563,0.00427,2025-06-29 16:58:29
2024-02-02,159993,0.902585,0.906486,-0.003901,-0.003739,-0.000325,否,否,否,-0.000162,0.003901,0.000325,2025-06-29 16:58:29
2024-02-05,159993,0.896233,0.902876,-0.006644,-0.00432,-0.004648,否,否,否,-0.002324,0.006644,0.004648,2025-06-29 16:58:29
2024-02-06,159993,0.90107,0.904557,-0.003487,-0.004153,0.001332,是,否,否,0.000666,0.003487,0.001332,2025-06-29 16:58:29
2024-02-07,159993,0.905721,0.906495,-0.000774,-0.003477,0.005407,是,否,否,0.002703,0.000774,0.005407,2025-06-29 16:58:29
2024-02-08,159993,0.911561,0.909329,0.002232,-0.002335,0.009135,是,是,否,0.004567,0.002232,0.009135,2025-06-29 16:58:29
2024-02-19,159993,0.913881,0.910737,0.003144,-0.00124,0.008767,是,是,否,0.004384,0.003144,0.008767,2025-06-29 16:58:29
2024-02-20,159993,0.918129,0.91321,0.004919,-8e-06,0.009854,是,是,否,0.004927,0.004919,0.009854,2025-06-29 16:58:29
2024-02-21,159993,0.923656,0.91652,0.007136,0.001421,0.01143,是,是,是,0.005715,0.007136,0.01143,2025-06-29 16:58:29
2024-02-22,159993,0.929955,0.920463,0.009492,0.003035,0.012914,是,是,是,0.006457,0.009492,0.012914,2025-06-29 16:58:29
2024-02-23,159993,0.934854,0.923967,0.010887,0.004605,0.012563,是,是,是,0.006282,0.010887,0.012563,2025-06-29 16:58:29
2024-02-26,159993,0.936886,0.926193,0.010694,0.005823,0.009741,是,是,是,0.004871,0.010694,0.009741,2025-06-29 16:58:29
2024-02-27,159993,0.941356,0.929616,0.01174,0.007007,0.009467,是,是,是,0.004733,0.01174,0.009467,2025-06-29 16:58:29
2024-02-28,159993,0.941721,0.931103,0.010618,0.007729,0.005779,是,是,是,0.002889,0.010618,0.005779,2025-06-29 16:58:29
2024-02-29,159993,0.945783,0.934314,0.01147,0.008477,0.005985,是,是,是,0.002993,0.01147,0.005985,2025-06-29 16:58:29
2024-03-01,159993,0.950054,0.937723,0.01233,0.009248,0.006165,是,是,是,0.003082,0.01233,0.006165,2025-06-29 16:58:29
2024-03-04,159993,0.950708,0.939421,0.011288,0.009656,0.003264,是,是,是,0.001632,0.011288,0.003264,2025-06-29 16:58:29
2024-03-05,159993,0.950551,0.940596,0.009955,0.009716,0.000479,是,是,是,0.000239,0.009955,0.000479,2025-06-29 16:58:29
2024-03-06,159993,0.950206,0.94153,0.008676,0.009508,-0.001663,否,是,是,-0.000832,0.008676,0.001663,2025-06-29 16:58:29
2024-03-07,159993,0.947938,0.94136,0.006578,0.008922,-0.004687,否,是,是,-0.002344,0.006578,0.004687,2025-06-29 16:58:29
2024-03-08,159993,0.946396,0.94132,0.005076,0.008153,-0.006153,否,是,是,-0.003077,0.005076,0.006153,2025-06-29 16:58:29
2024-03-11,159993,0.947642,0.942507,0.005135,0.007549,-0.004828,否,是,是,-0.002414,0.005135,0.004828,2025-06-29 16:58:29
2024-03-12,159993,0.950166,0.944339,0.005827,0.007205,-0.002756,否,是,是,-0.001378,0.005827,0.002756,2025-06-29 16:58:29
2024-03-13,159993,0.949462,0.944635,0.004827,0.006729,-0.003804,否,是,是,-0.001902,0.004827,0.003804,2025-06-29 16:58:29
2024-03-14,159993,0.946915,0.943898,0.003017,0.005987,-0.005939,否,是,是,-0.00297,0.003017,0.005939,2025-06-29 16:58:29
2024-03-15,159993,0.946267,0.943909,0.002358,0.005261,-0.005806,否,是,是,-0.002903,0.002358,0.005806,2025-06-29 16:58:29
2024-03-18,159993,0.949319,0.945697,0.003622,0.004933,-0.002622,否,是,是,-0.001311,0.003622,0.002622,2025-06-29 16:58:29
2024-03-19,159993,0.948581,0.945731,0.002851,0.004517,-0.003332,否,是,是,-0.001666,0.002851,0.003332,2025-06-29 16:58:29
2024-03-20,159993,0.948008,0.945761,0.002247,0.004063,-0.003631,否,是,是,-0.001816,0.002247,0.003631,2025-06-29 16:58:29
2024-03-21,159993,0.948228,0.94612,0.002108,0.003672,-0.003128,否,是,是,-0.001564,0.002108,0.003128,2025-06-29 16:58:29
2024-03-22,159993,0.945955,0.945218,0.000737,0.003085,-0.004696,否,是,是,-0.002348,0.000737,0.004696,2025-06-29 16:58:29
2024-03-25,159993,0.937965,0.941305,-0.00334,0.0018,-0.01028,否,否,是,-0.00514,0.00334,0.01028,2025-06-29 16:58:29
2024-03-26,159993,0.932417,0.93816,-0.005743,0.000291,-0.012068,否,否,是,-0.006034,0.005743,0.012068,2025-06-29 16:58:29
2024-03-27,159993,0.924769,0.933698,-0.008929,-0.001553,-0.014752,否,否,否,-0.007376,0.008929,0.014752,2025-06-29 16:58:29
2024-03-28,159993,0.919487,0.930065,-0.010578,-0.003358,-0.01444,否,否,否,-0.00722,0.010578,0.01444,2025-06-29 16:58:29
2024-03-29,159993,0.916046,0.927169,-0.011123,-0.004911,-0.012425,否,否,否,-0.006212,0.011123,0.012425,2025-06-29 16:58:29
2024-04-01,159993,0.915813,0.925817,-0.010003,-0.005929,-0.008148,否,否,否,-0.004074,0.010003,0.008148,2025-06-29 16:58:29
2024-04-02,159993,0.914299,0.923948,-0.009649,-0.006673,-0.005952,否,否,否,-0.002976,0.009649,0.005952,2025-06-29 16:58:29
2024-04-03,159993,0.912455,0.921954,-0.009499,-0.007238,-0.004521,否,否,否,-0.002261,0.009499,0.004521,2025-06-29 16:58:29
2024-04-08,159993,0.907243,0.918292,-0.01105,-0.008001,-0.006098,否,否,否,-0.003049,0.01105,0.006098,2025-06-29 16:58:29
2024-04-09,159993,0.903855,0.915371,-0.011516,-0.008704,-0.005624,否,否,否,-0.002812,0.011516,0.005624,2025-06-29 16:58:29
2024-04-10,159993,0.897443,0.910885,-0.013442,-0.009651,-0.007582,否,否,否,-0.003791,0.013442,0.007582,2025-06-29 16:58:29
2024-04-11,159993,0.892456,0.906898,-0.014442,-0.010609,-0.007666,否,否,否,-0.003833,0.014442,0.007666,2025-06-29 16:58:29
2024-04-12,159993,0.884799,0.901465,-0.016666,-0.011821,-0.00969,否,否,否,-0.004845,0.016666,0.00969,2025-06-29 16:58:29
2024-04-15,159993,0.882844,0.898635,-0.015792,-0.012615,-0.006354,否,否,否,-0.003177,0.015792,0.006354,2025-06-29 16:58:29
2024-04-16,159993,0.878434,0.894676,-0.016242,-0.01334,-0.005803,否,否,否,-0.002902,0.016242,0.005803,2025-06-29 16:58:29
2024-04-17,159993,0.878337,0.892823,-0.014486,-0.013569,-0.001832,否,否,否,-0.000917,0.014486,0.001832,2025-06-29 16:58:29
2024-04-18,159993,0.88004,0.892065,-0.012025,-0.013261,0.002472,是,否,否,0.001236,0.012025,0.002472,2025-06-29 16:58:29
2024-04-19,159993,0.880698,0.891058,-0.01036,-0.01268,0.004641,是,否,否,0.00232,0.01036,0.004641,2025-06-29 16:58:29
2024-04-22,159993,0.880765,0.88994,-0.009175,-0.011979,0.005608,是,否,否,0.002804,0.009175,0.005608,2025-06-29 16:58:29
2024-04-23,159993,0.880373,0.888725,-0.008352,-0.011254,0.005804,是,否,否,0.002902,0.008352,0.005804,2025-06-29 16:58:29
2024-04-24,159993,0.880512,0.887866,-0.007354,-0.010474,0.006239,是,否,否,0.00312,0.007354,0.006239,2025-06-29 16:58:29
2024-04-25,159993,0.879732,0.886659,-0.006927,-0.009765,0.005675,是,否,否,0.002838,0.006927,0.005675,2025-06-29 16:58:29
2024-04-26,159993,0.890458,0.891252,-0.000794,-0.007971,0.014352,是,否,否,0.007177,0.000794,0.014352,2025-06-29 16:58:29
2024-04-29,159993,0.900134,0.896002,0.004132,-0.00555,0.019364,是,是,否,0.009682,0.004132,0.019364,2025-06-29 16:58:29
2024-04-30,159993,0.903882,0.898335,0.005547,-0.003331,0.017755,是,是,否,0.008878,0.005547,0.017755,2025-06-29 16:58:29
2024-05-06,159993,0.908353,0.901187,0.007166,-0.001231,0.016794,是,是,否,0.008397,0.007166,0.016794,2025-06-29 16:58:29
2024-05-07,159993,0.911385,0.903499,0.007886,0.000592,0.014588,是,是,是,0.007294,0.007886,0.014588,2025-06-29 16:58:29
2024-05-08,159993,0.910855,0.904111,0.006745,0.001823,0.009844,是,是,是,0.004922,0.006745,0.009844,2025-06-29 16:58:29
2024-05-09,159993,0.911999,0.905432,0.006567,0.002771,0.007591,是,是,是,0.003796,0.006567,0.007591,2025-06-29 16:58:29
2024-05-10,159993,0.914443,0.907384,0.00706,0.003629,0.006861,是,是,是,0.003431,0.00706,0.006861,2025-06-29 16:58:29
2024-05-13,159993,0.916123,0.909008,0.007115,0.004326,0.005577,是,是,是,0.002789,0.007115,0.005577,2025-06-29 16:58:29
2024-05-14,159993,0.918318,0.910896,0.007422,0.004945,0.004953,是,是,是,0.002477,0.007422,0.004953,2025-06-29 16:58:29
2024-05-15,159993,0.914914,0.910018,0.004895,0.004935,-8e-05,否,是,是,-4e-05,0.004895,8e-05,2025-06-29 16:58:29
2024-05-16,159993,0.911822,0.909016,0.002805,0.004509,-0.003408,否,是,是,-0.001704,0.002805,0.003408,2025-06-29 16:58:29
2024-05-17,159993,0.912972,0.909903,0.003069,0.004221,-0.002305,否,是,是,-0.001152,0.003069,0.002305,2025-06-29 16:58:29
2024-05-20,159993,0.91409,0.910803,0.003287,0.004034,-0.001495,否,是,是,-0.000747,0.003287,0.001495,2025-06-29 16:58:29
2024-05-21,159993,0.913848,0.911047,0.0028,0.003788,-0.001974,否,是,是,-0.000988,0.0028,0.001974,2025-06-29 16:58:29
2024-05-22,159993,0.914326,0.911598,0.002728,0.003576,-0.001695,否,是,是,-0.000848,0.002728,0.001695,2025-06-29 16:58:29
2024-05-23,159993,0.911142,0.910309,0.000833,0.003027,-0.004388,否,是,是,-0.002194,0.000833,0.004388,2025-06-29 16:58:29
2024-05-24,159993,0.906,0.90783,-0.001831,0.002056,-0.007772,否,否,是,-0.003887,0.001831,0.007772,2025-06-29 16:58:29
2024-05-27,159993,0.903555,0.906405,-0.002849,0.001075,-0.007848,否,否,是,-0.003924,0.002849,0.007848,2025-06-29 16:58:29
2024-05-28,159993,0.899876,0.904248,-0.004372,-1.5e-05,-0.008715,否,否,否,-0.004357,0.004372,0.008715,2025-06-29 16:58:29
2024-05-29,159993,0.897459,0.902554,-0.005095,-0.001031,-0.008128,否,否,否,-0.004064,0.005095,0.008128,2025-06-29 16:58:29
2024-05-30,159993,0.895135,0.900826,-0.005691,-0.001963,-0.007456,否,否,否,-0.003728,0.005691,0.007456,2025-06-29 16:58:29
2024-05-31,159993,0.893549,0.899401,-0.005851,-0.00274,-0.006222,否,否,否,-0.003111,0.005851,0.006222,2025-06-29 16:58:29
2024-06-03,159993,0.889872,0.896912,-0.00704,-0.0036,-0.006879,否,否,否,-0.00344,0.00704,0.006879,2025-06-29 16:58:29
2024-06-04,159993,0.8879,0.895144,-0.007244,-0.004329,-0.005829,否,否,否,-0.002915,0.007244,0.005829,2025-06-29 16:58:29
2024-06-05,159993,0.886145,0.893461,-0.007317,-0.004927,-0.00478,否,否,否,-0.00239,0.007317,0.00478,2025-06-29 16:58:29
2024-06-06,159993,0.882779,0.890966,-0.008186,-0.005579,-0.005216,否,否,否,-0.002607,0.008186,0.005216,2025-06-29 16:58:29
2024-06-07,159993,0.879273,0.888303,-0.00903,-0.006269,-0.005522,否,否,否,-0.002761,0.00903,0.005522,2025-06-29 16:58:29
2024-06-11,159993,0.876545,0.885936,-0.00939,-0.006893,-0.004994,否,否,否,-0.002497,0.00939,0.004994,2025-06-29 16:58:29
2024-06-12,159993,0.874424,0.883832,-0.009408,-0.007396,-0.004023,否,否,否,-0.002012,0.009408,0.004023,2025-06-29 16:58:29
2024-06-13,159993,0.872552,0.88185,-0.009298,-0.007776,-0.003044,否,否,否,-0.001522,0.009298,0.003044,2025-06-29 16:58:29
2024-06-14,159993,0.875096,0.882089,-0.006993,-0.00762,0.001253,是,否,否,0.000627,0.006993,0.001253,2025-06-29 16:58:29
2024-06-17,159993,0.87663,0.882079,-0.005449,-0.007186,0.003473,是,否,否,0.001737,0.005449,0.003473,2025-06-29 16:58:29
2024-06-18,159993,0.879157,0.882737,-0.00358,-0.006465,0.005769,是,否,否,0.002885,0.00358,0.005769,2025-06-29 16:58:29
2024-06-19,159993,0.879122,0.882322,-0.0032,-0.005812,0.005223,是,否,否,0.002612,0.0032,0.005223,2025-06-29 16:58:29
2024-06-20,159993,0.876428,0.88062,-0.004191,-0.005488,0.002593,是,否,否,0.001297,0.004191,0.002593,2025-06-29 16:58:29
2024-06-21,159993,0.875,0.87944,-0.00444,-0.005278,0.001676,是,否,否,0.000838,0.00444,0.001676,2025-06-29 16:58:29
2024-06-24,159993,0.872333,0.877613,-0.00528,-0.005278,-3e-06,否,否,否,-2e-06,0.00528,3e-06,2025-06-29 16:58:29
2024-06-25,159993,0.868037,0.874878,-0.006841,-0.005591,-0.002501,否,否,否,-0.00125,0.006841,0.002501,2025-06-29 16:58:29
2024-06-26,159993,0.866029,0.873114,-0.007085,-0.00589,-0.002391,否,否,否,-0.001195,0.007085,0.002391,2025-06-29 16:58:29
2024-06-27,159993,0.862689,0.870657,-0.007968,-0.006305,-0.003325,否,否,否,-0.001663,0.007968,0.003325,2025-06-29 16:58:29
2024-06-28,159993,0.855869,0.866362,-0.010492,-0.007143,-0.006699,否,否,否,-0.003349,0.010492,0.006699,2025-06-29 16:58:29
2024-07-01,159993,0.849676,0.862099,-0.012423,-0.008199,-0.008449,否,否,否,-0.004224,0.012423,0.008449,2025-06-29 16:58:29
2024-07-02,159993,0.844192,0.857977,-0.013785,-0.009316,-0.008937,否,否,否,-0.004469,0.013785,0.008937,2025-06-29 16:58:29
2024-07-03,159993,0.840372,0.854535,-0.014163,-0.010285,-0.007756,否,否,否,-0.003878,0.014163,0.007756,2025-06-29 16:58:29
2024-07-04,159993,0.834512,0.850031,-0.01552,-0.011332,-0.008375,否,否,否,-0.004188,0.01552,0.008375,2025-06-29 16:58:29
2024-07-05,159993,0.829731,0.845917,-0.016186,-0.012303,-0.007765,否,否,否,-0.003883,0.016186,0.007765,2025-06-29 16:58:29
2024-07-08,159993,0.821346,0.839926,-0.018579,-0.013558,-0.010042,否,否,否,-0.005021,0.018579,0.010042,2025-06-29 16:58:29
2024-07-09,159993,0.818158,0.836268,-0.018109,-0.014468,-0.007281,否,否,否,-0.003641,0.018109,0.007281,2025-06-29 16:58:29
2024-07-10,159993,0.816123,0.833238,-0.017115,-0.014998,-0.004234,否,否,否,-0.002117,0.017115,0.004234,2025-06-29 16:58:29
2024-07-11,159993,0.817207,0.831878,-0.014671,-0.014932,0.000523,是,否,否,0.000261,0.014671,0.000523,2025-06-29 16:58:29
2024-07-12,159993,0.817828,0.830558,-0.012731,-0.014492,0.003523,是,否,否,0.001761,0.012731,0.003523,2025-06-29 16:58:29
2024-07-15,159993,0.81831,0.829385,-0.011075,-0.013809,0.005468,是,否,否,0.002734,0.011075,0.005468,2025-06-29 16:58:29
2024-07-16,159993,0.820019,0.829009,-0.00899,-0.012845,0.00771,是,否,否,0.003855,0.00899,0.00771,2025-06-29 16:58:29
2024-07-17,159993,0.823126,0.829564,-0.006438,-0.011563,0.010252,是,否,否,0.005125,0.006438,0.010252,2025-06-29 16:58:29
2024-07-18,159993,0.826654,0.830612,-0.003958,-0.010042,0.012168,是,否,否,0.006084,0.003958,0.012168,2025-06-29 16:58:29
2024-07-19,159993,0.831619,0.832655,-0.001036,-0.008241,0.014411,是,否,否,0.007205,0.001036,0.014411,2025-06-29 16:58:29
2024-07-22,159993,0.836815,0.835138,0.001677,-0.006257,0.015869,是,是,否,0.007934,0.001677,0.015869,2025-06-29 16:58:29
2024-07-23,159993,0.83619,0.835011,0.001178,-0.00477,0.011897,是,是,否,0.005948,0.001178,0.011897,2025-06-29 16:58:29
2024-07-24,159993,0.833925,0.83401,-8.5e-05,-0.003833,0.007496,是,否,否,0.003748,8.5e-05,0.007496,2025-06-29 16:58:29
2024-07-25,159993,0.834386,0.834231,0.000155,-0.003036,0.006381,是,是,否,0.003191,0.000155,0.006381,2025-06-29 16:58:29
2024-07-26,159993,0.837412,0.835761,0.00165,-0.002098,0.007498,是,是,否,0.003748,0.00165,0.007498,2025-06-29 16:58:29
2024-07-29,159993,0.838876,0.836677,0.002199,-0.001239,0.006876,是,是,否,0.003438,0.002199,0.006876,2025-06-29 16:58:29
2024-07-30,159993,0.840459,0.837713,0.002746,-0.000442,0.006376,是,是,否,0.003188,0.002746,0.006376,2025-06-29 16:58:29
2024-07-31,159993,0.849912,0.842744,0.007168,0.00108,0.012176,是,是,是,0.006088,0.007168,0.012176,2025-06-29 16:58:29
2024-08-01,159993,0.856154,0.846662,0.009492,0.002763,0.01346,是,是,是,0.006729,0.009492,0.01346,2025-06-29 16:58:29
2024-08-02,159993,0.857675,0.848477,0.009198,0.00405,0.010297,是,是,是,0.005148,0.009198,0.010297,2025-06-29 16:58:29
2024-08-05,159993,0.85797,0.849646,0.008323,0.004904,0.006838,是,是,是,0.003419,0.008323,0.006838,2025-06-29 16:58:29
2024-08-06,159993,0.858421,0.850797,0.007624,0.005448,0.004352,是,是,是,0.002176,0.007624,0.004352,2025-06-29 16:58:29
2024-08-07,159993,0.858327,0.851597,0.00673,0.005705,0.002051,是,是,是,0.001025,0.00673,0.002051,2025-06-29 16:58:29
2024-08-08,159993,0.858921,0.852642,0.006279,0.00582,0.000919,是,是,是,0.000459,0.006279,0.000919,2025-06-29 16:58:29
2024-08-09,159993,0.857605,0.852682,0.004924,0.005641,-0.001433,否,是,是,-0.000717,0.004924,0.001433,2025-06-29 16:58:29
2024-08-12,159993,0.856138,0.852495,0.003643,0.005241,-0.003196,否,是,是,-0.001598,0.003643,0.003196,2025-06-29 16:58:29
2024-08-13,159993,0.857218,0.85344,0.003778,0.004948,-0.00234,否,是,是,-0.00117,0.003778,0.00234,2025-06-29 16:58:29
2024-08-14,159993,0.856281,0.853391,0.00289,0.004537,-0.003294,否,是,是,-0.001647,0.00289,0.003294,2025-06-29 16:58:29
2024-08-15,159993,0.857774,0.854459,0.003315,0.004292,-0.001954,否,是,是,-0.000977,0.003315,0.001954,2025-06-29 16:58:29
2024-08-16,159993,0.858269,0.855074,0.003194,0.004073,-0.001757,否,是,是,-0.000879,0.003194,0.001757,2025-06-29 16:58:29
2024-08-19,159993,0.858653,0.855622,0.003032,0.003865,-0.001666,否,是,是,-0.000833,0.003032,0.001666,2025-06-29 16:58:29
2024-08-20,159993,0.856953,0.855108,0.001844,0.003461,-0.003232,否,是,是,-0.001617,0.001844,0.003232,2025-06-29 16:58:29
2024-08-21,159993,0.855185,0.854429,0.000756,0.00292,-0.004327,否,是,是,-0.002164,0.000756,0.004327,2025-06-29 16:58:29
2024-08-22,159993,0.8507,0.852271,-0.001571,0.002022,-0.007185,否,否,是,-0.003593,0.001571,0.007185,2025-06-29 16:58:29
2024-08-23,159993,0.849211,0.851352,-0.002141,0.001189,-0.00666,否,否,是,-0.00333,0.002141,0.00666,2025-06-29 16:58:29
2024-08-26,159993,0.848275,0.850646,-0.002371,0.000477,-0.005696,否,否,是,-0.002848,0.002371,0.005696,2025-06-29 16:58:29
2024-08-27,159993,0.84577,0.84913,-0.00336,-0.00029,-0.00614,否,否,否,-0.00307,0.00336,0.00614,2025-06-29 16:58:29
2024-08-28,159993,0.844043,0.847893,-0.00385,-0.001002,-0.005696,否,否,否,-0.002848,0.00385,0.005696,2025-06-29 16:58:29
2024-08-29,159993,0.843145,0.847016,-0.003872,-0.001576,-0.004591,否,否,否,-0.002296,0.003872,0.004591,2025-06-29 16:58:29
2024-08-30,159993,0.84689,0.848459,-0.001569,-0.001575,1.2e-05,是,否,否,6e-06,0.001569,1.2e-05,2025-06-29 16:58:29
2024-09-02,159993,0.846248,0.847963,-0.001715,-0.001603,-0.000225,否,否,否,-0.000112,0.001715,0.000225,2025-06-29 16:58:29
2024-09-03,159993,0.847082,0.84819,-0.001108,-0.001504,0.000792,是,否,否,0.000396,0.001108,0.000792,2025-06-29 16:58:29
2024-09-04,159993,0.847286,0.848169,-0.000883,-0.00138,0.000994,是,否,否,0.000497,0.000883,0.000994,2025-06-29 16:58:29
2024-09-05,159993,0.849667,0.849261,0.000406,-0.001023,0.002857,是,是,否,0.001429,0.000406,0.002857,2025-06-29 16:58:29
2024-09-06,159993,0.851519,0.850232,0.001287,-0.000561,0.003695,是,是,否,0.001848,0.001287,0.003695,2025-06-29 16:58:29
2024-09-09,159993,0.85207,0.850651,0.001419,-0.000165,0.003168,是,是,否,0.001584,0.001419,0.003168,2025-06-29 16:58:29
2024-09-10,159993,0.852277,0.850912,0.001365,0.000141,0.002447,是,是,是,0.001224,0.001365,0.002447,2025-06-29 16:58:29
2024-09-11,159993,0.85266,0.851255,0.001405,0.000394,0.002022,是,是,是,0.001011,0.001405,0.002022,2025-06-29 16:58:29
2024-09-12,159993,0.852291,0.851226,0.001064,0.000528,0.001073,是,是,是,0.000536,0.001064,0.001073,2025-06-29 16:58:29
2024-09-13,159993,0.852004,0.851201,0.000803,0.000583,0.000439,是,是,是,0.00022,0.000803,0.000439,2025-06-29 16:58:29
2024-09-18,159993,0.851781,0.851179,0.000602,0.000587,3e-05,是,是,是,1.5e-05,0.000602,3e-05,2025-06-29 16:58:29
2024-09-19,159993,0.854718,0.852715,0.002004,0.00087,0.002267,是,是,是,0.001134,0.002004,0.002267,2025-06-29 16:58:29
2024-09-20,159993,0.856781,0.853969,0.002812,0.001259,0.003108,是,是,是,0.001553,0.002812,0.003108,2025-06-29 16:58:29
2024-09-23,159993,0.858385,0.855083,0.003302,0.001667,0.00327,是,是,是,0.001635,0.003302,0.00327,2025-06-29 16:58:29
2024-09-24,159993,0.8703,0.861407,0.008892,0.003112,0.01156,是,是,是,0.00578,0.008892,0.01156,2025-06-29 16:58:29
2024-09-25,159993,0.8829,0.868695,0.014204,0.005331,0.017747,是,是,是,0.008873,0.014204,0.017747,2025-06-29 16:58:29
2024-09-26,159993,0.904922,0.881285,0.023637,0.008992,0.02929,是,是,是,0.014645,0.023637,0.02929,2025-06-29 16:58:29
2024-09-27,159993,0.943828,0.903364,0.040464,0.015286,0.050355,是,是,是,0.025178,0.040464,0.050355,2025-06-29 16:58:29
2024-09-30,159993,0.998089,0.93499,0.063098,0.024849,0.076499,是,是,是,0.038249,0.063098,0.076499,2025-06-29 16:58:29
2024-10-08,159993,1.066736,0.976325,0.090411,0.037961,0.104899,是,是,是,0.05245,0.090411,0.104899,2025-06-29 16:58:29
2024-10-09,159993,1.112128,1.009067,0.103061,0.050981,0.10416,是,是,是,0.05208,0.103061,0.10416,2025-06-29 16:58:29
2024-10-10,159993,1.128988,1.028948,0.10004,0.060793,0.078494,是,是,是,0.039247,0.10004,0.078494,2025-06-29 16:58:29
2024-10-11,159993,1.13988,1.045509,0.09437,0.067508,0.053724,是,是,是,0.026862,0.09437,0.053724,2025-06-29 16:58:29
2024-10-14,159993,1.150573,1.061342,0.089231,0.071853,0.034757,是,是,是,0.017378,0.089231,0.034757,2025-06-29 16:58:29
2024-10-15,159993,1.149557,1.070748,0.078809,0.073244,0.011129,是,是,是,0.005565,0.078809,0.011129,2025-06-29 16:58:29
2024-10-16,159993,1.148989,1.079221,0.069768,0.072549,-0.005562,否,是,是,-0.002781,0.069768,0.005562,2025-06-29 16:58:29
2024-10-17,159993,1.148102,1.086529,0.061573,0.070354,-0.017562,否,是,是,-0.008781,0.061573,0.017562,2025-06-29 16:58:29
2024-10-18,159993,1.166302,1.102471,0.063831,0.069049,-0.010436,否,是,是,-0.005218,0.063831,0.010436,2025-06-29 16:58:29
2024-10-21,159993,1.174457,1.11364,0.060816,0.067403,-0.013173,否,是,是,-0.006587,0.060816,0.013173,2025-06-29 16:58:29
2024-10-22,159993,1.1828,1.124569,0.058231,0.065568,-0.014675,否,是,是,-0.007337,0.058231,0.014675,2025-06-29 16:58:29
2024-10-23,159993,1.187289,1.133284,0.054005,0.063256,-0.018501,否,是,是,-0.009251,0.054005,0.018501,2025-06-29 16:58:29
2024-10-24,159993,1.189669,1.140475,0.049195,0.060443,-0.022498,否,是,是,-0.011248,0.049195,0.022498,2025-06-29 16:58:29
2024-10-25,159993,1.193298,1.147755,0.045543,0.057463,-0.023841,否,是,是,-0.01192,0.045543,0.023841,2025-06-29 16:58:29
2024-10-28,159993,1.195899,1.154116,0.041783,0.054327,-0.025089,否,是,是,-0.012544,0.041783,0.025089,2025-06-29 16:58:29
2024-10-29,159993,1.195921,1.158769,0.037152,0.050892,-0.027481,否,是,是,-0.01374,0.037152,0.027481,2025-06-29 16:58:29
2024-10-30,159993,1.193272,1.161573,0.031699,0.047053,-0.030709,否,是,是,-0.015354,0.031699,0.030709,2025-06-29 16:58:29
2024-10-31,159993,1.197878,1.167398,0.03048,0.043739,-0.026517,否,是,是,-0.013259,0.03048,0.026517,2025-06-29 16:58:29
2024-11-01,159993,1.199461,1.171576,0.027885,0.040568,-0.025367,否,是,是,-0.012683,0.027885,0.025367,2025-06-29 16:58:29
2024-11-04,159993,1.210692,1.18029,0.030402,0.038535,-0.016266,否,是,是,-0.008133,0.030402,0.016266,2025-06-29 16:58:29
2024-11-05,159993,1.235871,1.196258,0.039614,0.038751,0.001726,是,是,是,0.000863,0.039614,0.001726,2025-06-29 16:58:29
2024-11-06,159993,1.252789,1.209118,0.043671,0.039735,0.007873,是,是,是,0.003936,0.043671,0.007873,2025-06-29 16:58:29
2024-11-07,159993,1.291058,1.233105,0.057953,0.043378,0.02915,是,是,是,0.014575,0.057953,0.02915,2025-06-29 16:58:29
2024-11-08,159993,1.30949,1.24876,0.06073,0.046849,0.027762,是,是,是,0.013881,0.06073,0.027762,2025-06-29 16:58:29
2024-11-11,159993,1.325159,1.263342,0.061816,0.049842,0.023949,是,是,是,0.011974,0.061816,0.023949,2025-06-29 16:58:29
2024-11-12,159993,1.330901,1.273082,0.057819,0.051438,0.012763,是,是,是,0.006381,0.057819,0.012763,2025-06-29 16:58:29
2024-11-13,159993,1.334701,1.281406,0.053295,0.051809,0.002971,是,是,是,0.001486,0.053295,0.002971,2025-06-29 16:58:29
2024-11-14,159993,1.333434,1.286694,0.04674,0.050795,-0.008111,否,是,是,-0.004055,0.04674,0.008111,2025-06-29 16:58:29
2024-11-15,159993,1.321115,1.285728,0.035387,0.047714,-0.024653,否,是,是,-0.012327,0.035387,0.024653,2025-06-29 16:58:29
2024-11-18,159993,1.308645,1.283425,0.02522,0.043215,-0.035989,否,是,是,-0.017995,0.02522,0.035989,2025-06-29 16:58:29
2024-11-19,159993,1.304057,1.283933,0.020124,0.038597,-0.036945,否,是,是,-0.018473,0.020124,0.036945,2025-06-29 16:58:29
2024-11-20,159993,1.300267,1.284274,0.015993,0.034076,-0.036166,否,是,是,-0.018083,0.015993,0.036166,2025-06-29 16:58:29
2024-11-21,159993,1.300208,1.286021,0.014186,0.030098,-0.031824,否,是,是,-0.015912,0.014186,0.031824,2025-06-29 16:58:29
2024-11-22,159993,1.286828,1.280908,0.00592,0.025262,-0.038684,否,是,是,-0.019342,0.00592,0.038684,2025-06-29 16:58:29
2024-11-25,159993,1.274422,1.275363,-0.000941,0.020022,-0.041925,否,否,是,-0.020963,0.000941,0.041925,2025-06-29 16:58:29
2024-11-26,159993,1.264328,1.270211,-0.005883,0.014841,-0.041448,否,否,是,-0.020724,0.005883,0.041448,2025-06-29 16:58:29
2024-11-27,159993,1.264033,1.26941,-0.005377,0.010797,-0.032348,否,否,是,-0.016174,0.005377,0.032348,2025-06-29 16:58:29
2024-11-28,159993,1.26047,1.267031,-0.006561,0.007326,-0.027773,否,否,是,-0.013887,0.006561,0.027773,2025-06-29 16:58:29
2024-11-29,159993,1.265032,1.268583,-0.003551,0.00515,-0.017402,否,否,是,-0.008701,0.003551,0.017402,2025-06-29 16:58:29
2024-12-02,159993,1.270803,1.271074,-0.000271,0.004066,-0.008674,否,否,是,-0.004337,0.000271,0.008674,2025-06-29 16:58:29
2024-12-03,159993,1.275291,1.273288,0.002003,0.003653,-0.003301,否,是,是,-0.00165,0.002003,0.003301,2025-06-29 16:58:29
2024-12-04,159993,1.275226,1.273478,0.001748,0.003272,-0.003048,否,是,是,-0.001524,0.001748,0.003048,2025-06-29 16:58:29
2024-12-05,159993,1.278509,1.275314,0.003196,0.003257,-0.000123,否,是,是,-6.1e-05,0.003196,0.000123,2025-06-29 16:58:29
2024-12-06,159993,1.285063,1.278946,0.006117,0.003829,0.004576,是,是,是,0.002288,0.006117,0.004576,2025-06-29 16:58:29
2024-12-09,159993,1.287271,1.28073,0.006542,0.004372,0.00434,是,是,是,0.00217,0.006542,0.00434,2025-06-29 16:58:29
2024-12-10,159993,1.292544,1.284093,0.008451,0.005188,0.006528,是,是,是,0.003263,0.008451,0.006528,2025-06-29 16:58:29
2024-12-11,159993,1.295312,1.286416,0.008896,0.005929,0.005934,是,是,是,0.002967,0.008896,0.005934,2025-06-29 16:58:29
2024-12-12,159993,1.300576,1.290036,0.01054,0.006851,0.007377,是,是,是,0.003689,0.01054,0.007377,2025-06-29 16:58:29
2024-12-13,159993,1.295115,1.288477,0.006638,0.006809,-0.000341,否,是,是,-0.000171,0.006638,0.000341,2025-06-29 16:58:29
2024-12-16,159993,1.286645,1.284979,0.001665,0.00578,-0.008229,否,是,是,-0.004115,0.001665,0.008229,2025-06-29 16:58:29
2024-12-17,159993,1.28139,1.282537,-0.001147,0.004395,-0.011083,否,否,是,-0.005542,0.001147,0.011083,2025-06-29 16:58:29
2024-12-18,159993,1.276859,1.280144,-0.003285,0.002859,-0.012287,否,否,是,-0.006144,0.003285,0.012287,2025-06-29 16:58:29
2024-12-19,159993,1.272891,1.277795,-0.004904,0.001306,-0.012421,否,否,是,-0.00621,0.004904,0.012421,2025-06-29 16:58:29
2024-12-20,159993,1.270915,1.276262,-0.005347,-2.5e-05,-0.010645,否,否,否,-0.005322,0.005347,0.010645,2025-06-29 16:58:29
2024-12-23,159993,1.266267,1.273344,-0.007077,-0.001435,-0.011284,否,否,否,-0.005642,0.007077,0.011284,2025-06-29 16:58:29
2024-12-24,159993,1.267763,1.273306,-0.005543,-0.002257,-0.006572,否,否,否,-0.003286,0.005543,0.006572,2025-06-29 16:58:29
2024-12-25,159993,1.268038,1.272827,-0.004789,-0.002763,-0.004052,否,否,否,-0.002026,0.004789,0.004052,2025-06-29 16:58:29
2024-12-26,159993,1.268474,1.272513,-0.004039,-0.003018,-0.002042,否,否,否,-0.001021,0.004039,0.002042,2025-06-29 16:58:29
2024-12-27,159993,1.271035,1.273345,-0.00231,-0.002877,0.001134,是,否,否,0.000567,0.00231,0.001134,2025-06-29 16:58:29
2024-12-30,159993,1.275916,1.275529,0.000387,-0.002224,0.005222,是,是,否,0.002611,0.000387,0.005222,2025-06-29 16:58:29
2024-12-31,159993,1.267046,1.271137,-0.004091,-0.002597,-0.002987,否,否,否,-0.001494,0.004091,0.002987,2025-06-29 16:58:29
2025-01-02,159993,1.246369,1.260344,-0.013975,-0.004873,-0.018204,否,否,否,-0.009102,0.013975,0.018204,2025-06-29 16:58:29
2025-01-03,159993,1.223398,1.247306,-0.023907,-0.00868,-0.030456,否,否,否,-0.015227,0.023907,0.030456,2025-06-29 16:58:29
2025-01-06,159993,1.206421,1.236161,-0.02974,-0.012892,-0.033696,否,否,否,-0.016848,0.02974,0.033696,2025-06-29 16:58:29
2025-01-07,159993,1.195438,1.227365,-0.031927,-0.016699,-0.030456,否,否,否,-0.015228,0.031927,0.030456,2025-06-29 16:58:29
2025-01-08,159993,1.184452,1.218324,-0.033872,-0.020133,-0.027478,否,否,否,-0.013739,0.033872,0.027478,2025-06-29 16:58:29
2025-01-09,159993,1.174796,1.209733,-0.034937,-0.023094,-0.023685,否,否,否,-0.011843,0.034937,0.023685,2025-06-29 16:58:29
2025-01-10,159993,1.162841,1.199874,-0.037032,-0.025882,-0.022301,否,否,否,-0.01115,0.037032,0.022301,2025-06-29 16:58:29
2025-01-13,159993,1.154432,1.191554,-0.037122,-0.02813,-0.017985,否,否,否,-0.008992,0.037122,0.017985,2025-06-29 16:58:29
2025-01-14,159993,1.157669,1.189048,-0.031379,-0.02878,-0.005198,否,否,否,-0.002599,0.031379,0.005198,2025-06-29 16:58:29
2025-01-15,159993,1.157965,1.18571,-0.027744,-0.028573,0.001656,是,否,否,0.000829,0.027744,0.001656,2025-06-29 16:58:29
2025-01-16,159993,1.157528,1.182409,-0.02488,-0.027834,0.005908,是,否,否,0.002954,0.02488,0.005908,2025-06-29 16:58:29
2025-01-17,159993,1.1583,1.18003,-0.02173,-0.026613,0.009767,是,否,否,0.004883,0.02173,0.009767,2025-06-29 16:58:29
2025-01-20,159993,1.160233,1.178582,-0.018349,-0.02496,0.013223,是,否,否,0.006611,0.018349,0.013223,2025-06-29 16:58:29
2025-01-21,159993,1.162181,1.177517,-0.015336,-0.023035,0.015399,是,否,否,0.007699,0.015336,0.015399,2025-06-29 16:58:29
2025-01-22,159993,1.162363,1.175904,-0.013541,-0.021137,0.015191,是,否,否,0.007596,0.013541,0.015191,2025-06-29 16:58:29
2025-01-23,159993,1.16406,1.175248,-0.011188,-0.019147,0.015918,是,否,否,0.007959,0.011188,0.015918,2025-06-29 16:58:29
2025-01-24,159993,1.168047,1.175998,-0.007952,-0.016908,0.017912,是,否,否,0.008956,0.007952,0.017912,2025-06-29 16:58:29
2025-01-27,159993,1.16537,1.173776,-0.008407,-0.015208,0.013602,是,否,否,0.006801,0.008407,0.013602,2025-06-29 16:58:29
2025-02-05,159993,1.163065,1.17169,-0.008625,-0.013891,0.010533,是,否,否,0.005266,0.008625,0.010533,2025-06-29 16:58:29
2025-02-06,159993,1.164829,1.171613,-0.006785,-0.01247,0.01137,是,否,否,0.005685,0.006785,0.01137,2025-06-29 16:58:29
2025-02-07,159993,1.170645,1.173768,-0.003123,-0.0106,0.014955,是,否,否,0.007477,0.003123,0.014955,2025-06-29 16:58:29
2025-02-10,159993,1.175612,1.175904,-0.000292,-0.008539,0.016493,是,否,否,0.008247,0.000292,0.016493,2025-06-29 16:58:29
2025-02-11,159993,1.177699,1.176915,0.000783,-0.006674,0.014915,是,是,否,0.007457,0.000783,0.014915,2025-06-29 16:58:29
2025-02-12,159993,1.182654,1.17948,0.003174,-0.004705,0.015758,是,是,否,0.007879,0.003174,0.015758,2025-06-29 16:58:29
2025-02-13,159993,1.184509,1.18076,0.003749,-0.003014,0.013526,是,是,否,0.006763,0.003749,0.013526,2025-06-29 16:58:29
2025-02-14,159993,1.187285,1.182565,0.00472,-0.001467,0.012375,是,是,否,0.006187,0.00472,0.012375,2025-06-29 16:58:29
2025-02-17,159993,1.190555,1.184724,0.005831,-7e-06,0.011677,是,是,否,0.005838,0.005831,0.011677,2025-06-29 16:58:29
2025-02-18,159993,1.186209,1.183199,0.00301,0.000596,0.004828,是,是,是,0.002414,0.00301,0.004828,2025-06-29 16:58:29
2025-02-19,159993,1.185718,1.183288,0.00243,0.000963,0.002935,是,是,是,0.001467,0.00243,0.002935,2025-06-29 16:58:29
2025-02-20,159993,1.184448,1.182923,0.001525,0.001075,0.000899,是,是,是,0.00045,0.001525,0.000899,2025-06-29 16:58:29
2025-02-21,159993,1.189237,1.185487,0.00375,0.00161,0.00428,是,是,是,0.00214,0.00375,0.00428,2025-06-29 16:58:29
2025-02-24,159993,1.191629,1.187099,0.004529,0.002194,0.004671,是,是,是,0.002335,0.004529,0.004671,2025-06-29 16:58:29
2025-02-25,159993,1.189711,1.186644,0.003067,0.002369,0.001397,是,是,是,0.000698,0.003067,0.001397,2025-06-29 16:58:29
2025-02-26,159993,1.19422,1.189239,0.004981,0.002891,0.004179,是,是,是,0.00209,0.004981,0.004179,2025-06-29 16:58:29
2025-02-27,159993,1.196838,1.191101,0.005736,0.00346,0.004552,是,是,是,0.002276,0.005736,0.004552,2025-06-29 16:58:29
2025-02-28,159993,1.191096,1.188868,0.002228,0.003214,-0.001971,否,是,是,-0.000986,0.002228,0.001971,2025-06-29 16:58:29
2025-03-03,159993,1.186408,1.186771,-0.000363,0.002498,-0.005724,否,否,是,-0.002861,0.000363,0.005724,2025-06-29 16:58:29
2025-03-04,159993,1.18454,1.185797,-0.001257,0.001747,-0.006009,否,否,是,-0.003004,0.001257,0.006009,2025-06-29 16:58:29
2025-03-05,159993,1.182642,1.184708,-0.002066,0.000984,-0.006102,否,否,是,-0.00305,0.002066,0.006102,2025-06-29 16:58:29
2025-03-06,159993,1.187388,1.186852,0.000536,0.000895,-0.000717,否,是,是,-0.000359,0.000536,0.000717,2025-06-29 16:58:29
2025-03-07,159993,1.18708,1.186757,0.000322,0.00078,-0.000916,否,是,是,-0.000458,0.000322,0.000916,2025-06-29 16:58:29
2025-03-10,159993,1.184618,1.185562,-0.000944,0.000435,-0.00276,否,否,是,-0.001379,0.000944,0.00276,2025-06-29 16:58:29
2025-03-11,159993,1.183147,1.184722,-0.001575,3.3e-05,-0.003216,否,否,是,-0.001608,0.001575,0.003216,2025-06-29 16:58:29
2025-03-12,159993,1.183559,1.184753,-0.001194,-0.000212,-0.001964,否,否,否,-0.000982,0.001194,0.001964,2025-06-29 16:58:29
2025-03-13,159993,1.182101,1.183891,-0.00179,-0.000528,-0.002525,否,否,否,-0.001262,0.00179,0.002525,2025-06-29 16:58:29
2025-03-14,159993,1.188745,1.187014,0.001731,-7.6e-05,0.003614,是,是,否,0.001807,0.001731,0.003614,2025-06-29 16:58:29
2025-03-17,159993,1.192135,1.188902,0.003234,0.000586,0.005295,是,是,是,0.002648,0.003234,0.005295,2025-06-29 16:58:29
2025-03-18,159993,1.195216,1.190802,0.004415,0.001352,0.006126,是,是,是,0.003063,0.004415,0.006126,2025-06-29 16:58:29
2025-03-19,159993,1.197613,1.19249,0.005122,0.002106,0.006033,是,是,是,0.003016,0.005122,0.006033,2025-06-29 16:58:29
2025-03-20,159993,1.197254,1.19288,0.004374,0.00256,0.003629,是,是,是,0.001814,0.004374,0.003629,2025-06-29 16:58:29
2025-03-21,159993,1.192753,1.191116,0.001638,0.002375,-0.001475,否,是,是,-0.000737,0.001638,0.001475,2025-06-29 16:58:29
2025-03-24,159993,1.189475,1.189658,-0.000184,0.001863,-0.004094,否,否,是,-0.002047,0.000184,0.004094,2025-06-29 16:58:29
2025-03-25,159993,1.18648,1.188141,-0.00166,0.001159,-0.005638,否,否,是,-0.002819,0.00166,0.005638,2025-06-29 16:58:29
2025-03-26,159993,1.183707,1.18657,-0.002863,0.000354,-0.006434,否,否,是,-0.003217,0.002863,0.006434,2025-06-29 16:58:29
2025-03-27,159993,1.181994,1.185395,-0.003401,-0.000397,-0.006008,否,否,否,-0.003004,0.003401,0.006008,2025-06-29 16:58:29
2025-03-28,159993,1.180662,1.184351,-0.003689,-0.001055,-0.005268,否,否,否,-0.002634,0.003689,0.005268,2025-06-29 16:58:29
2025-03-31,159993,1.174293,1.180757,-0.006464,-0.002137,-0.008654,否,否,否,-0.004327,0.006464,0.008654,2025-06-29 16:58:29
2025-04-01,159993,1.169117,1.17745,-0.008334,-0.003376,-0.009915,否,否,否,-0.004958,0.008334,0.009915,2025-06-29 16:58:29
2025-04-02,159993,1.165535,1.174734,-0.009199,-0.004541,-0.009316,否,否,否,-0.004658,0.009199,0.009316,2025-06-29 16:58:29
2025-04-03,159993,1.16275,1.172319,-0.009569,-0.005546,-0.008046,否,否,否,-0.004023,0.009569,0.008046,2025-06-29 16:58:29
2025-04-07,159993,1.135027,1.157395,-0.022367,-0.008911,-0.026913,否,否,否,-0.013456,0.022367,0.026913,2025-06-29 16:58:29
2025-04-08,159993,1.11791,1.146351,-0.02844,-0.012817,-0.031248,否,否,否,-0.015623,0.02844,0.031248,2025-06-29 16:58:29
2025-04-09,159993,1.109041,1.138756,-0.029715,-0.016196,-0.027037,否,否,否,-0.013519,0.029715,0.027037,2025-06-29 16:58:29
2025-04-10,159993,1.105921,1.133894,-0.027973,-0.018552,-0.018843,否,否,否,-0.009421,0.027973,0.018843,2025-06-29 16:58:29
2025-04-11,159993,1.103939,1.129795,-0.025856,-0.020013,-0.011688,否,否,否,-0.005843,0.025856,0.011688,2025-06-29 16:58:29
2025-04-14,159993,1.103063,1.126484,-0.023421,-0.020694,-0.005454,否,否,否,-0.002727,0.023421,0.005454,2025-06-29 16:58:29
2025-04-15,159993,1.101049,1.122875,-0.021826,-0.020921,-0.00181,否,否,否,-0.000905,0.021826,0.00181,2025-06-29 16:58:29
2025-04-16,159993,1.099038,1.119445,-0.020406,-0.020818,0.000823,是,否,否,0.000412,0.020406,0.000823,2025-06-29 16:58:29
2025-04-17,159993,1.097252,1.116284,-0.019032,-0.020461,0.002857,是,否,否,0.001429,0.019032,0.002857,2025-06-29 16:58:29
2025-04-18,159993,1.097418,1.114252,-0.016834,-0.019735,0.005802,是,否,否,0.002901,0.016834,0.005802,2025-06-29 16:58:29
2025-04-21,159993,1.098881,1.113113,-0.014232,-0.018635,0.008805,是,否,否,0.004403,0.014232,0.008805,2025-06-29 16:58:29
2025-04-22,159993,1.099796,1.11199,-0.012193,-0.017346,0.010306,是,否,否,0.005153,0.012193,0.010306,2025-06-29 16:58:29
2025-04-23,159993,1.10073,1.111102,-0.010371,-0.015951,0.01116,是,否,否,0.00558,0.010371,0.01116,2025-06-29 16:58:29
2025-04-24,159993,1.100346,1.109757,-0.009411,-0.014643,0.010464,是,否,否,0.005232,0.009411,0.010464,2025-06-29 16:58:29
2025-04-25,159993,1.101825,1.109451,-0.007626,-0.01324,0.011227,是,否,否,0.005614,0.007626,0.011227,2025-06-29 16:58:29
2025-04-28,159993,1.101419,1.108401,-0.006982,-0.011988,0.010013,是,否,否,0.005006,0.006982,0.010013,2025-06-29 16:58:29
2025-04-29,159993,1.099993,1.106912,-0.006919,-0.010974,0.008111,是,否,否,0.004055,0.006919,0.008111,2025-06-29 16:58:29
2025-04-30,159993,1.100216,1.106255,-0.006038,-0.009987,0.007898,是,否,否,0.003949,0.006038,0.007898,2025-06-29 16:58:29
2025-05-06,159993,1.103279,1.107115,-0.003836,-0.008757,0.009842,是,否,否,0.004921,0.003836,0.009842,2025-06-29 16:58:29
2025-05-07,159993,1.107217,1.108658,-0.001441,-0.007294,0.011706,是,否,否,0.005853,0.001441,0.011706,2025-06-29 16:58:29
2025-05-08,159993,1.111169,1.110474,0.000695,-0.005696,0.012782,是,是,否,0.006391,0.000695,0.012782,2025-06-29 16:58:29
2025-05-09,159993,1.111798,1.110866,0.000932,-0.00437,0.010605,是,是,否,0.005302,0.000932,0.010605,2025-06-29 16:58:29
2025-05-12,159993,1.117843,1.113992,0.003851,-0.002726,0.013155,是,是,否,0.006577,0.003851,0.013155,2025-06-29 16:58:29
2025-05-13,159993,1.120989,1.115993,0.004996,-0.001182,0.012356,是,是,否,0.006178,0.004996,0.012356,2025-06-29 16:58:29
2025-05-14,159993,1.132103,1.122105,0.009998,0.001054,0.017887,是,是,是,0.008944,0.009998,0.017887,2025-06-29 16:58:29
2025-05-15,159993,1.135858,1.125093,0.010765,0.002996,0.015536,是,是,是,0.007769,0.010765,0.015536,2025-06-29 16:58:29
2025-05-16,159993,1.136334,1.126527,0.009807,0.004358,0.010896,是,是,是,0.005449,0.009807,0.010896,2025-06-29 16:58:29
2025-05-19,159993,1.136926,1.127913,0.009013,0.005289,0.007448,是,是,是,0.003724,0.009013,0.007448,2025-06-29 16:58:29
2025-05-20,159993,1.137387,1.129145,0.008242,0.00588,0.004724,是,是,是,0.002362,0.008242,0.004724,2025-06-29 16:58:29
2025-05-21,159993,1.137079,1.129907,0.007172,0.006138,0.002068,是,是,是,0.001034,0.007172,0.002068,2025-06-29 16:58:29
2025-05-22,159993,1.135284,1.129806,0.005478,0.006006,-0.001057,否,是,是,-0.000528,0.005478,0.001057,2025-06-29 16:58:29
2025-05-23,159993,1.130776,1.128161,0.002615,0.005328,-0.005425,否,是,是,-0.002713,0.002615,0.005425,2025-06-29 16:58:29
2025-05-26,159993,1.127048,1.126587,0.000461,0.004355,-0.007788,否,是,是,-0.003894,0.000461,0.007788,2025-06-29 16:58:29
2025-05-27,159993,1.123704,1.124967,-0.001262,0.003231,-0.008987,否,否,是,-0.004493,0.001262,0.008987,2025-06-29 16:58:29
2025-05-28,159993,1.11977,1.122859,-0.003089,0.001967,-0.010113,否,否,是,-0.005056,0.003089,0.010113,2025-06-29 16:58:29
2025-05-29,159993,1.119599,1.12243,-0.002832,0.001007,-0.007678,否,否,是,-0.003839,0.002832,0.007678,2025-06-29 16:58:29
2025-05-30,159993,1.118355,1.121494,-0.003139,0.000178,-0.006634,否,否,是,-0.003317,0.003139,0.006634,2025-06-29 16:58:29
2025-06-03,159993,1.118942,1.121439,-0.002496,-0.000357,-0.004279,否,否,否,-0.002139,0.002496,0.004279,2025-06-29 16:58:29
2025-06-04,159993,1.122955,1.123168,-0.000213,-0.000328,0.000231,是,否,否,0.000115,0.000213,0.000231,2025-06-29 16:58:29
2025-06-05,159993,1.128299,1.125816,0.002483,0.000234,0.004497,是,是,是,0.002249,0.002483,0.004497,2025-06-29 16:58:29
2025-06-06,159993,1.130677,1.127281,0.003396,0.000867,0.005059,是,是,是,0.002529,0.003396,0.005059,2025-06-29 16:58:29
2025-06-09,159993,1.13586,1.13025,0.00561,0.001815,0.00759,是,是,是,0.003795,0.00561,0.00759,2025-06-29 16:58:29
2025-06-10,159993,1.136557,1.131222,0.005336,0.002519,0.005633,是,是,是,0.002817,0.005336,0.005633,2025-06-29 16:58:29
2025-06-11,159993,1.142656,1.134864,0.007792,0.003574,0.008436,是,是,是,0.004218,0.007792,0.008436,2025-06-29 16:58:29
2025-06-12,159993,1.14651,1.137657,0.008853,0.00463,0.008447,是,是,是,0.004223,0.008853,0.008447,2025-06-29 16:58:29
2025-06-13,159993,1.146619,1.138695,0.007924,0.005289,0.005271,是,是,是,0.002635,0.007924,0.005271,2025-06-29 16:58:29
2025-06-16,159993,1.150481,1.141507,0.008975,0.006026,0.005898,是,是,是,0.002949,0.008975,0.005898,2025-06-29 16:58:29
2025-06-17,159993,1.154152,1.144339,0.009813,0.006783,0.006059,是,是,是,0.00303,0.009813,0.006059,2025-06-29 16:58:29
2025-06-18,159993,1.154341,1.145524,0.008817,0.00719,0.003254,是,是,是,0.001627,0.008817,0.003254,2025-06-29 16:58:29
2025-06-19,159993,1.14982,1.144243,0.005577,0.006867,-0.002581,否,是,是,-0.00129,0.005577,0.002581,2025-06-29 16:58:29
2025-06-20,159993,1.145638,1.142772,0.002866,0.006067,-0.006402,否,是,是,-0.003201,0.002866,0.006402,2025-06-29 16:58:29
2025-06-23,159993,1.145496,1.143019,0.002477,0.005349,-0.005744,否,是,是,-0.002872,0.002477,0.005744,2025-06-29 16:58:29
2025-06-24,159993,1.151164,1.146128,0.005035,0.005286,-0.000502,否,是,是,-0.000251,0.005035,0.000502,2025-06-29 16:58:29
2025-06-25,159993,1.168683,1.155447,0.013236,0.006876,0.012719,是,是,是,0.00636,0.013236,0.012719,2025-06-29 16:58:29
2025-06-26,159993,1.178087,1.16162,0.016467,0.008794,0.015345,是,是,是,0.007673,0.016467,0.015345,2025-06-29 16:58:29
2025-06-27,159993,1.186067,1.16744,0.018628,0.010761,0.015733,是,是,是,0.007867,0.018628,0.015733,2025-06-29 16:58:29
